"SECONDS";"PID";"VALUE";"UNITS"
"1578.1419731";"Absolute pedal position D";"23";"%"
"1578.1419731";"Engine fuel rate";"4.50000006705523";"l/h"
"1578.1419731";"Engine RPM";"1302";"rpm"
"1578.1419731";"Vehicle speed";"33";"km/h"
"1578.2269127";"Calculated instant fuel consumption";"0";"l/100km"
"1578.2303081";"Vehicle acceleration";"0";"m_sec2"
"1578.2371143";"Calculated instant fuel rate";"4.50000006705523";"l/h"
"1578.2505734";"Instant engine power (based on fuel consumption)";"14.6546402183712";"hp"
"1578.2765183";"Absolute pedal position D";"23";"%"
"1578.2765183";"Engine fuel rate";"4.50000006705523";"l/h"
"1578.2765183";"Engine RPM";"1314";"rpm"
"1578.2765183";"Vehicle speed";"33";"km/h"
"1578.2793086";"Calculated instant fuel consumption";"13.6363638395613";"l/100km"
"1578.2794692";"Distance travelled";"0.000465183583333333";"km"
"1578.2809714";"Vehicle acceleration";"0";"m_sec2"
"1578.2936805";"Calculated instant fuel rate";"4.50000006705523";"l/h"
"1578.296252";"Calculated instant fuel consumption km/l.";"7.33333322405815";"km/l."
"1578.3017593";"Distance travelled (total)";"1006.21542358714";"km"
"1578.3081636";"Fuel used";"7.20500010736287E-05";"l"
"1578.3083883";"Instant engine power (based on fuel consumption)";"14.6546402183712";"hp"
"1578.311103";"Average fuel consumption (total)";"99.999953768987";"l/100km"
"1578.3125601";"Average fuel consumption";"15.4885089790454";"l/100km"
"1578.3137537";"Fuel used (total)";"39.2086138639372";"l"
"1578.3287975";"Fuel used price";"9.2944501384981E-05";"€"
"1578.3379009";"Distance to empty";"0";"km"
"1578.3393391";"Average fuel consumption km/l.";"6.4563993948863";"km/l."
"1578.3410787";"Fuel used price (total)";"50.579111884479";"€"
"1578.3879229";"Absolute pedal position D";"23";"%"
"1578.3879229";"Engine fuel rate";"4.55000006780028";"l/h"
"1578.3879229";"Engine RPM";"1335";"rpm"
"1578.3879229";"Vehicle speed";"34";"km/h"
"1578.3894181";"Calculated instant fuel consumption";"13.2352943148683";"l/100km"
"1578.3895164";"Distance travelled";"0.00150483086111111";"km"
"1578.3896616";"Vehicle acceleration";"1.74278816828084";"m_sec2"
"1578.3902881";"Calculated instant fuel rate";"4.55000006780028";"l/h"
"1578.3914852";"Calculated instant fuel consumption km/l.";"7.55555544296901";"km/l."
"1578.3920027";"Average speed";"59.1140741791517";"km/h"
"1578.3921228";"Distance travelled (total)";"1006.21646323442";"km"
"1578.3931705";"Fuel used";"0.000180375644354473";"l"
"1578.3932905";"Instant engine power (based on fuel consumption)";"14.8174695541308";"hp"
"1578.4040527";"Average fuel consumption (total)";"3.89663807903755";"l/100km"
"1578.4042379";"Average fuel consumption";"11.9864397398981";"l/100km"
"1578.4043269";"Fuel used (total)";"39.2087221895805";"l"
"1578.4044176";"Fuel used price";"0.00023268458121727";"€"
"1578.4176842";"Distance to empty";"0";"km"
"1578.4179185";"Average fuel consumption km/l.";"8.3427608339063";"km/l."
"1578.418075";"Fuel used price (total)";"50.5792516245588";"€"
"1578.4487756";"Absolute pedal position D";"23";"%"
"1578.4487756";"Engine fuel rate";"4.60000006854534";"l/h"
"1578.4487756";"Engine RPM";"1341";"rpm"
"1578.4487756";"Vehicle speed";"34";"km/h"
"1578.4502981";"Calculated instant fuel consumption";"13.3823531405891";"l/100km"
"1578.4503952";"Distance travelled";"0.00207977936111111";"km"
"1578.4505417";"Vehicle acceleration";"1.74278816828084";"m_sec2"
"1578.4511817";"Calculated instant fuel rate";"4.60000006854534";"l/h"
"1578.4529104";"Calculated instant fuel consumption km/l.";"7.47252736117814";"km/l."
"1578.4534502";"Average speed";"48.8982725740932";"km/h"
"1578.4535446";"Distance travelled (total)";"1006.21703818292";"km"
"1578.453945";"Fuel used";"0.00025803092884496";"l"
"1578.4540352";"Instant engine power (based on fuel consumption)";"14.9802988898905";"hp"
"1578.4668168";"Average fuel consumption (total)";"3.89664661814769";"l/100km"
"1578.466954";"Average fuel consumption";"12.4066491700883";"l/100km"
"1578.4670444";"Fuel used (total)";"39.208799844865";"l"
"1578.4672861";"Fuel used price";"0.000332859898209999";"€"
"1578.4838662";"Distance to empty";"0";"km"
"1578.484088";"Average fuel consumption km/l.";"8.06019406441295";"km/l."
"1578.4842743";"Fuel used price (total)";"50.5793517998758";"€"
"1578.5081991";"Absolute pedal position D";"23";"%"
"1578.5081991";"Engine fuel rate";"4.60000006854534";"l/h"
"1578.5081991";"Engine RPM";"1350";"rpm"
"1578.5081991";"Vehicle speed";"34";"km/h"
"1578.5096186";"Calculated instant fuel consumption";"13.5294119663098";"l/100km"
"1578.5097184";"Distance travelled";"0.00264003419444444";"km"
"1578.509882";"Vehicle acceleration";"1.74278816828084";"m_sec2"
"1578.5105392";"Calculated instant fuel rate";"4.60000006854534";"l/h"
"1578.5119145";"Calculated instant fuel consumption km/l.";"7.39130423768707";"km/l."
"1578.512756";"Average speed";"44.7444463276038";"km/h"
"1578.5128672";"Distance travelled (total)";"1006.21759843775";"km"
"1578.5132881";"Fuel used";"0.000333855413308167";"l"
"1578.5133813";"Instant engine power (based on fuel consumption)";"14.9802988898905";"hp"
"1578.5189273";"Average fuel consumption (total)";"3.89665216606631";"l/100km"
"1578.5190488";"Average fuel consumption";"12.6458745879396";"l/100km"
"1578.5191354";"Fuel used (total)";"39.2088756693494";"l"
"1578.5192215";"Fuel used price";"0.000430673483167535";"€"
"1578.5341733";"Distance to empty";"0";"km"
"1578.5343856";"Average fuel consumption km/l.";"7.90771720094157";"km/l."
"1578.5345373";"Fuel used price (total)";"50.5794496134608";"€"
"1578.5678743";"Absolute pedal position D";"23";"%"
"1578.5678743";"Engine fuel rate";"4.6500000692904";"l/h"
"1578.5678743";"Engine RPM";"1365";"rpm"
"1578.5678743";"Vehicle speed";"34";"km/h"
"1578.5696332";"Calculated instant fuel consumption";"13.5294119663098";"l/100km"
"1578.5697343";"Distance travelled";"0.00320681797222222";"km"
"1578.5698925";"Vehicle acceleration";"1.74278816828084";"m_sec2"
"1578.5705461";"Calculated instant fuel rate";"4.6500000692904";"l/h"
"1578.5718725";"Calculated instant fuel consumption km/l.";"7.39130423768707";"km/l."
"1578.5725149";"Average speed";"42.4160452504648";"km/h"
"1578.572684";"Distance travelled (total)";"1006.21816522153";"km"
"1578.573515";"Fuel used";"0.000411645910300669";"l"
"1578.5736095";"Instant engine power (based on fuel consumption)";"15.1431282256502";"hp"
"1578.5847079";"Average fuel consumption (total)";"3.89665750674629";"l/100km"
"1578.5849273";"Average fuel consumption";"12.8365848597079";"l/100km"
"1578.5850243";"Fuel used (total)";"39.2089534598464";"l"
"1578.5851151";"Fuel used price";"0.000531023224287863";"€"
"1578.5854928";"Distance to empty";"0";"km"
"1578.5856141";"Average fuel consumption km/l.";"7.79023401417967";"km/l."
"1578.5857593";"Fuel used price (total)";"50.5795499632019";"€"
"1578.659294";"Absolute pedal position D";"23";"%"
"1578.659294";"Engine fuel rate";"4.6500000692904";"l/h"
"1578.659294";"Engine RPM";"1365";"rpm"
"1578.659294";"Vehicle speed";"35";"km/h"
"1578.6634485";"Calculated instant fuel consumption";"13.2857144836869";"l/100km"
"1578.6636041";"Distance travelled";"0.00411940894444444";"km"
"1578.6638828";"Vehicle acceleration";"0.640644703828672";"m_sec2"
"1578.6647481";"Calculated instant fuel rate";"4.6500000692904";"l/h"
"1578.6685791";"Calculated instant fuel consumption km/l.";"7.52688160827083";"km/l."
"1578.669181";"Average speed";"40.2064623701683";"km/h"
"1578.6693328";"Distance travelled (total)";"1006.2190778125";"km"
"1578.6702899";"Fuel used";"0.000536642691329932";"l"
"1578.6704022";"Instant engine power (based on fuel consumption)";"15.1431282256502";"hp"
"1578.6711008";"Average fuel consumption (total)";"3.89666170364071";"l/100km"
"1578.6875357";"Average fuel consumption";"13.0271769219141";"l/100km"
"1578.6878751";"Fuel used (total)";"39.2090784566275";"l"
"1578.6879864";"Fuel used price";"0.000692269071815613";"€"
"1578.6906597";"Distance to empty";"0";"km"
"1578.6930122";"Average fuel consumption km/l.";"7.67626022118281";"km/l."
"1578.6933122";"Fuel used price (total)";"50.5797112090494";"€"
"1578.7327764";"Absolute pedal position D";"23";"%"
"1578.7327764";"Engine fuel rate";"4.6500000692904";"l/h"
"1578.7327764";"Engine RPM";"1379";"rpm"
"1578.7327764";"Vehicle speed";"35";"km/h"
"1578.7343936";"Calculated instant fuel consumption";"13.2857144836869";"l/100km"
"1578.7344908";"Distance travelled";"0.00480858616666667";"km"
"1578.7346533";"Vehicle acceleration";"0";"m_sec2"
"1578.7355464";"Calculated instant fuel rate";"4.6500000692904";"l/h"
"1578.7369891";"Calculated instant fuel consumption km/l.";"7.52688160827083";"km/l."
"1578.7376478";"Average speed";"39.5848048990195";"km/h"
"1578.7377493";"Distance travelled (total)";"1006.21976698972";"km"
"1578.7381396";"Fuel used";"0.0006242802093025";"l"
"1578.738243";"Instant engine power (based on fuel consumption)";"15.1431282256502";"hp"
"1578.7511094";"Average fuel consumption (total)";"3.89667145716368";"l/100km"
"1578.7512619";"Average fuel consumption";"12.9826145911669";"l/100km"
"1578.7513554";"Fuel used (total)";"39.2091660941454";"l"
"1578.7514495";"Fuel used price";"0.000805321470000225";"€"
"1578.7519953";"Distance to empty";"0";"km"
"1578.7521232";"Average fuel consumption km/l.";"7.7026086923999";"km/l."
"1578.7522753";"Fuel used price (total)";"50.5798242614476";"€"
"1578.8006386";"Absolute pedal position D";"23";"%"
"1578.8006386";"Engine fuel rate";"4.70000007003546";"l/h"
"1578.8006386";"Engine RPM";"1383";"rpm"
"1578.8006386";"Vehicle speed";"35";"km/h"
"1578.8030453";"Calculated instant fuel consumption";"13.2857144836869";"l/100km"
"1578.8031955";"Distance travelled";"0.00547650963888889";"km"
"1578.8034019";"Vehicle acceleration";"0";"m_sec2"
"1578.8043132";"Calculated instant fuel rate";"4.70000007003546";"l/h"
"1578.805685";"Calculated instant fuel consumption km/l.";"7.52688160827083";"km/l."
"1578.8063423";"Average speed";"38.9638487093695";"km/h"
"1578.8064867";"Distance travelled (total)";"1006.2204349132";"km"
"1578.8070209";"Fuel used";"0.000714204005086913";"l"
"1578.8071833";"Instant engine power (based on fuel consumption)";"15.3059575614099";"hp"
"1578.8190969";"Average fuel consumption (total)";"3.89667758014952";"l/100km"
"1578.8194261";"Average fuel consumption";"13.0412261126197";"l/100km"
"1578.819568";"Fuel used (total)";"39.2092560179412";"l"
"1578.8196992";"Fuel used price";"0.000921323166562118";"€"
"1578.8213938";"Distance to empty";"0";"km"
"1578.8216479";"Average fuel consumption km/l.";"7.66799065796675";"km/l."
"1578.8221357";"Fuel used price (total)";"50.5799402631442";"€"
"1578.8836631";"Absolute pedal position D";"23";"%"
"1578.8836631";"Engine fuel rate";"4.70000007003546";"l/h"
"1578.8836631";"Engine RPM";"1388";"rpm"
"1578.8836631";"Vehicle speed";"35";"km/h"
"1578.8859032";"Calculated instant fuel consumption";"13.4285716286727";"l/100km"
"1578.8861112";"Distance travelled";"0.00628260922222222";"km"
"1578.8863263";"Vehicle acceleration";"0";"m_sec2"
"1578.8873496";"Calculated instant fuel rate";"4.70000007003546";"l/h"
"1578.8899555";"Calculated instant fuel consumption km/l.";"7.44680839967221";"km/l."
"1578.8908657";"Average speed";"38.3103448159045";"km/h"
"1578.891477";"Distance travelled (total)";"1006.22124101278";"km"
"1578.8921911";"Fuel used";"0.00082539464841045";"l"
"1578.8923434";"Instant engine power (based on fuel consumption)";"15.3059575614099";"hp"
"1578.9038969";"Average fuel consumption (total)";"3.89668339524183";"l/100km"
"1578.9040933";"Average fuel consumption";"13.1377683891423";"l/100km"
"1578.9042256";"Fuel used (total)";"39.2093672085845";"l"
"1578.9043581";"Fuel used price";"0.00106475909644948";"€"
"1578.9211355";"Distance to empty";"0";"km"
"1578.9214454";"Average fuel consumption km/l.";"7.61164278726705";"km/l."
"1578.9216927";"Fuel used price (total)";"50.580083699074";"€"
"1578.9440414";"Absolute pedal position D";"23";"%"
"1578.9440414";"Engine fuel rate";"4.75000007078052";"l/h"
"1578.9440414";"Engine RPM";"1406";"rpm"
"1578.9440414";"Vehicle speed";"35";"km/h"
"1578.9461434";"Calculated instant fuel consumption";"13.4285716286727";"l/100km"
"1578.9462983";"Distance travelled";"0.00686773922222222";"km"
"1578.9465263";"Vehicle acceleration";"0";"m_sec2"
"1578.9479161";"Calculated instant fuel rate";"4.75000007078052";"l/h"
"1578.9555142";"Calculated instant fuel consumption km/l.";"7.44680839967221";"km/l."
"1578.9563369";"Average speed";"37.689961889082";"km/h"
"1578.9564801";"Distance travelled (total)";"1006.22182614278";"km"
"1578.9569284";"Fuel used";"0.000910809545516564";"l"
"1578.9570459";"Instant engine power (based on fuel consumption)";"15.4687868971695";"hp"
"1578.9576673";"Average fuel consumption (total)";"3.89669217958515";"l/100km"
"1578.9578181";"Average fuel consumption";"13.2621451695402";"l/100km"
"1578.9579631";"Fuel used (total)";"39.2094526234816";"l"
"1578.9580622";"Fuel used price";"0.00117494431371637";"€"
"1578.9584808";"Distance to empty";"0";"km"
"1578.9586215";"Average fuel consumption km/l.";"7.54025828564104";"km/l."
"1578.9589369";"Fuel used price (total)";"50.5801938842913";"€"
"1579.0103056";"Absolute pedal position D";"23";"%"
"1579.0103056";"Engine fuel rate";"4.75000007078052";"l/h"
"1579.0103056";"Engine RPM";"1408";"rpm"
"1579.0103056";"Vehicle speed";"36";"km/h"
"1579.0117361";"Calculated instant fuel consumption";"13.194444641057";"l/100km"
"1579.011832";"Distance travelled";"0.00752304222222222";"km"
"1579.0119803";"Vehicle acceleration";"1.00158571049686";"m_sec2"
"1579.0130444";"Calculated instant fuel rate";"4.75000007078052";"l/h"
"1579.014943";"Calculated instant fuel consumption km/l.";"7.57894725548594";"km/l."
"1579.0154841";"Average speed";"37.870203816811";"km/h"
"1579.0155796";"Distance travelled (total)";"1006.22248144578";"km"
"1579.0234156";"Fuel used";"0.000998526741268097";"l"
"1579.0236239";"Instant engine power (based on fuel consumption)";"15.4687868971695";"hp"
"1579.0249616";"Average fuel consumption (total)";"3.89669813053113";"l/100km"
"1579.02509";"Average fuel consumption";"13.2729115665277";"l/100km"
"1579.025175";"Fuel used (total)";"39.2095403406774";"l"
"1579.0252579";"Fuel used price";"0.00128809949623584";"€"
"1579.0370584";"Distance to empty";"0";"km"
"1579.0372957";"Average fuel consumption km/l.";"7.53414196265611";"km/l."
"1579.0374579";"Fuel used price (total)";"50.5803070394738";"€"
"1579.0929246";"Absolute pedal position D";"23";"%"
"1579.0929246";"Engine fuel rate";"4.80000007152557";"l/h"
"1579.0929246";"Engine RPM";"1414";"rpm"
"1579.0929246";"Vehicle speed";"36";"km/h"
"1579.0943362";"Calculated instant fuel consumption";"13.194444641057";"l/100km"
"1579.0944263";"Distance travelled";"0.00834898122222222";"km"
"1579.0945709";"Vehicle acceleration";"1.00158571049686";"m_sec2"
"1579.0952395";"Calculated instant fuel rate";"4.80000007152557";"l/h"
"1579.0978193";"Calculated instant fuel consumption km/l.";"7.57894725548594";"km/l."
"1579.09839";"Average speed";"37.662311540158";"km/h"
"1579.0984972";"Distance travelled (total)";"1006.22330738478";"km"
"1579.0989552";"Fuel used";"0.00109924580943559";"l"
"1579.0990653";"Instant engine power (based on fuel consumption)";"15.6316162329292";"hp"
"1579.1044081";"Average fuel consumption (total)";"3.8967036494697";"l/100km"
"1579.1046193";"Average fuel consumption";"13.1662268746008";"l/100km"
"1579.1047216";"Fuel used (total)";"39.2096410597456";"l"
"1579.1048248";"Fuel used price";"0.00141802709417192";"€"
"1579.1052116";"Distance to empty";"0";"km"
"1579.1053406";"Average fuel consumption km/l.";"7.59519040287176";"km/l."
"1579.1054991";"Fuel used price (total)";"50.5804369670718";"€"
"1579.162036";"Absolute pedal position D";"23";"%"
"1579.162036";"Engine fuel rate";"4.80000007152557";"l/h"
"1579.162036";"Engine RPM";"1431";"rpm"
"1579.162036";"Vehicle speed";"36";"km/h"
"1579.1652768";"Calculated instant fuel consumption";"13.3333335320155";"l/100km"
"1579.1657947";"Distance travelled";"0.00906262122222222";"km"
"1579.166035";"Vehicle acceleration";"1.00158571049686";"m_sec2"
"1579.1668143";"Calculated instant fuel rate";"4.80000007152557";"l/h"
"1579.1716605";"Calculated instant fuel consumption km/l.";"7.49999988824129";"km/l."
"1579.1722732";"Average speed";"37.4173233295181";"km/h"
"1579.1723843";"Distance travelled (total)";"1006.22402102478";"km"
"1579.1729398";"Fuel used";"0.0011978875442388";"l"
"1579.173087";"Instant engine power (based on fuel consumption)";"15.6316162329292";"hp"
"1579.1887109";"Average fuel consumption (total)";"3.89671089543389";"l/100km"
"1579.1888605";"Average fuel consumption";"13.2178926478963";"l/100km"
"1579.1889566";"Fuel used (total)";"39.2097397014804";"l"
"1579.1890521";"Fuel used price";"0.00154527493206806";"€"
"1579.2043955";"Distance to empty";"0";"km"
"1579.2046266";"Average fuel consumption km/l.";"7.56550250965424";"km/l."
"1579.2048059";"Fuel used price (total)";"50.5805642149097";"€"
"1579.2365622";"Absolute pedal position D";"23";"%"
"1579.2365622";"Engine fuel rate";"4.85000007227063";"l/h"
"1579.2365622";"Engine RPM";"1434";"rpm"
"1579.2365622";"Vehicle speed";"36";"km/h"
"1579.238688";"Calculated instant fuel consumption";"13.3333335320155";"l/100km"
"1579.2387977";"Distance travelled";"0.00979263822222222";"km"
"1579.239012";"Vehicle acceleration";"0";"m_sec2"
"1579.2398329";"Calculated instant fuel rate";"4.85000007227063";"l/h"
"1579.2414764";"Calculated instant fuel consumption km/l.";"7.49999988824129";"km/l."
"1579.2420812";"Average speed";"37.4345068373582";"km/h"
"1579.2422634";"Distance travelled (total)";"1006.22475104178";"km"
"1579.2428059";"Fuel used";"0.00129200907064132";"l"
"1579.2429329";"Instant engine power (based on fuel consumption)";"15.7944455686889";"hp"
"1579.2532983";"Average fuel consumption (total)";"3.89671787151779";"l/100km"
"1579.2535655";"Average fuel consumption";"13.1936771411548";"l/100km"
"1579.2536681";"Fuel used (total)";"39.2098338230068";"l"
"1579.2537685";"Fuel used price";"0.00166669170112731";"€"
"1579.2554752";"Distance to empty";"0";"km"
"1579.255735";"Average fuel consumption km/l.";"7.57938813646361";"km/l."
"1579.2559135";"Fuel used price (total)";"50.5806856316787";"€"
"1579.3108047";"Absolute pedal position D";"23";"%"
"1579.3108047";"Engine fuel rate";"4.85000007227063";"l/h"
"1579.3108047";"Engine RPM";"1441";"rpm"
"1579.3108047";"Vehicle speed";"37";"km/h"
"1579.3133986";"Calculated instant fuel consumption";"13.1081083034341";"l/100km"
"1579.3135666";"Distance travelled";"0.0105610542222222";"km"
"1579.3138394";"Vehicle acceleration";"3.7124155054231";"m_sec2"
"1579.315048";"Calculated instant fuel rate";"4.85000007227063";"l/h"
"1579.3180497";"Calculated instant fuel consumption km/l.";"7.62886586570248";"km/l."
"1579.3188012";"Average speed";"37.3318439791522";"km/h"
"1579.31893";"Distance travelled (total)";"1006.22551945778";"km"
"1579.3262274";"Fuel used";"0.00140438801814923";"l"
"1579.3263963";"Instant engine power (based on fuel consumption)";"15.7944455686889";"hp"
"1579.3282655";"Average fuel consumption (total)";"3.8967242496628";"l/100km"
"1579.3421896";"Average fuel consumption";"13.2978014182918";"l/100km"
"1579.3424032";"Fuel used (total)";"39.2099462019543";"l"
"1579.3425329";"Fuel used price";"0.00181166054341251";"€"
"1579.3441247";"Distance to empty";"0";"km"
"1579.3444504";"Average fuel consumption km/l.";"7.52004010696421";"km/l."
"1579.3446689";"Fuel used price (total)";"50.580830600521";"€"
"1579.3781575";"Absolute pedal position D";"23";"%"
"1579.3781575";"Engine fuel rate";"4.90000007301569";"l/h"
"1579.3781575";"Engine RPM";"1452";"rpm"
"1579.3781575";"Vehicle speed";"37";"km/h"
"1579.3798174";"Calculated instant fuel consumption";"13.1081083034341";"l/100km"
"1579.3799317";"Distance travelled";"0.0112431327777778";"km"
"1579.3801004";"Vehicle acceleration";"3.7124155054231";"m_sec2"
"1579.380812";"Calculated instant fuel rate";"4.90000007301569";"l/h"
"1579.382525";"Calculated instant fuel consumption km/l.";"7.62886586570248";"km/l."
"1579.3835462";"Average speed";"37.3662905291067";"km/h"
"1579.3836556";"Distance travelled (total)";"1006.22620153633";"km"
"1579.3841259";"Fuel used";"0.00148319403876798";"l"
"1579.38423";"Instant engine power (based on fuel consumption)";"15.9572749044486";"hp"
"1579.3907723";"Average fuel consumption (total)";"3.89673277659511";"l/100km"
"1579.3909943";"Average fuel consumption";"13.1919996684513";"l/100km"
"1579.3910986";"Fuel used (total)";"39.2100250079749";"l"
"1579.3911975";"Fuel used price";"0.00191332031001069";"€"
"1579.3916427";"Distance to empty";"0";"km"
"1579.3917822";"Average fuel consumption km/l.";"7.58035191883385";"km/l."
"1579.3919483";"Fuel used price (total)";"50.5809322602876";"€"
"1579.4463847";"Absolute pedal position D";"23";"%"
"1579.4463847";"Engine fuel rate";"4.90000007301569";"l/h"
"1579.4463847";"Engine RPM";"1455";"rpm"
"1579.4463847";"Vehicle speed";"37";"km/h"
"1579.448395";"Calculated instant fuel consumption";"13.2432434405829";"l/100km"
"1579.448485";"Distance travelled";"0.011947695";"km"
"1579.4486276";"Vehicle acceleration";"3.7124155054231";"m_sec2"
"1579.449527";"Calculated instant fuel rate";"4.90000007301569";"l/h"
"1579.4530356";"Calculated instant fuel consumption km/l.";"7.55102029564429";"km/l."
"1579.4534921";"Average speed";"37.2990212104315";"km/h"
"1579.453579";"Distance travelled (total)";"1006.22690609856";"km"
"1579.4543847";"Fuel used";"0.00157882135130405";"l"
"1579.4544828";"Instant engine power (based on fuel consumption)";"15.9572749044486";"hp"
"1579.4719102";"Average fuel consumption (total)";"3.89673787992849";"l/100km"
"1579.4734898";"Average fuel consumption";"13.2144430478352";"l/100km"
"1579.4737191";"Fuel used (total)";"39.2101206352874";"l"
"1579.4738106";"Fuel used price";"0.00203667954318222";"€"
"1579.4873988";"Distance to empty";"0";"km"
"1579.4876736";"Average fuel consumption km/l.";"7.56747746673912";"km/l."
"1579.4878546";"Fuel used price (total)";"50.5810556195208";"€"
"1579.5350941";"Absolute pedal position D";"23";"%"
"1579.5350941";"Engine fuel rate";"4.95000007376075";"l/h"
"1579.5350941";"Engine RPM";"1469";"rpm"
"1579.5350941";"Vehicle speed";"37";"km/h"
"1579.5366";"Calculated instant fuel consumption";"13.2432434405829";"l/100km"
"1579.5366921";"Distance travelled";"0.0128542361111111";"km"
"1579.5368381";"Vehicle acceleration";"3.7124155054231";"m_sec2"
"1579.5374974";"Calculated instant fuel rate";"4.95000007376075";"l/h"
"1579.5388815";"Calculated instant fuel consumption km/l.";"7.55102029564429";"km/l."
"1579.5393351";"Average speed";"37.350045723796";"km/h"
"1579.5394244";"Distance travelled (total)";"1006.22781263967";"km"
"1579.5398261";"Fuel used";"0.00169630094055463";"l"
"1579.5399117";"Instant engine power (based on fuel consumption)";"16.1201042402083";"hp"
"1579.5546543";"Average fuel consumption (total)";"3.89674387278427";"l/100km"
"1579.5548601";"Average fuel consumption";"13.1964352132007";"l/100km"
"1579.5549447";"Fuel used (total)";"39.2102381148767";"l"
"1579.5550286";"Fuel used price";"0.00218822821331547";"€"
"1579.5553884";"Distance to empty";"0";"km"
"1579.5554993";"Average fuel consumption km/l.";"7.57780403452952";"km/l."
"1579.5556466";"Fuel used price (total)";"50.5812071681909";"€"
"1579.595353";"Absolute pedal position D";"23";"%"
"1579.595353";"Engine fuel rate";"5.00000007450581";"l/h"
"1579.595353";"Engine RPM";"1474";"rpm"
"1579.595353";"Vehicle speed";"37";"km/h"
"1579.5991695";"Calculated instant fuel consumption";"13.3783785777318";"l/100km"
"1579.5993784";"Distance travelled";"0.01349848525";"km"
"1579.5995267";"Vehicle acceleration";"3.7124155054231";"m_sec2"
"1579.6002304";"Calculated instant fuel rate";"5.00000007450581";"l/h"
"1579.6043962";"Calculated instant fuel consumption km/l.";"7.47474736336506";"km/l."
"1579.6049019";"Average speed";"37.2494744628498";"km/h"
"1579.6049936";"Distance travelled (total)";"1006.22845688881";"km"
"1579.6053915";"Fuel used";"0.00178735996968929";"l"
"1579.6054843";"Instant engine power (based on fuel consumption)";"16.2829335759679";"hp"
"1579.6213734";"Average fuel consumption (total)";"3.89675305309017";"l/100km"
"1579.6215086";"Average fuel consumption";"13.2411891896485";"l/100km"
"1579.6215922";"Fuel used (total)";"39.2103291739058";"l"
"1579.6216749";"Fuel used price";"0.00230569436089919";"€"
"1579.6380864";"Distance to empty";"0";"km"
"1579.6383082";"Average fuel consumption km/l.";"7.55219176825724";"km/l."
"1579.6384513";"Fuel used price (total)";"50.5813246343385";"€"
"1579.6738447";"Absolute pedal position D";"23";"%"
"1579.6738447";"Engine fuel rate";"5.00000007450581";"l/h"
"1579.6738447";"Engine RPM";"1475";"rpm"
"1579.6738447";"Vehicle speed";"37";"km/h"
"1579.6757988";"Calculated instant fuel consumption";"13.5135137148806";"l/100km"
"1579.6758875";"Distance travelled";"0.0142848256944444";"km"
"1579.6760977";"Vehicle acceleration";"3.7124155054231";"m_sec2"
"1579.6767037";"Calculated instant fuel rate";"5.00000007450581";"l/h"
"1579.6781921";"Calculated instant fuel consumption km/l.";"7.39999988973141";"km/l."
"1579.6785925";"Average speed";"37.311699717906";"km/h"
"1579.6786758";"Distance travelled (total)";"1006.22924322925";"km"
"1579.6790082";"Fuel used";"0.00188960122121281";"l"
"1579.679092";"Instant engine power (based on fuel consumption)";"16.2829335759679";"hp"
"1579.6874353";"Average fuel consumption (total)";"3.89675905741615";"l/100km"
"1579.687577";"Average fuel consumption";"13.2280313504119";"l/100km"
"1579.6876611";"Fuel used (total)";"39.2104314151573";"l"
"1579.687743";"Fuel used price";"0.00243758557536452";"€"
"1579.7047284";"Distance to empty";"0";"km"
"1579.7049511";"Average fuel consumption km/l.";"7.5597038857098";"km/l."
"1579.7051413";"Fuel used price (total)";"50.581456525553";"€"
"1579.7916487";"Absolute pedal position D";"23";"%"
"1579.7916487";"Engine fuel rate";"5.00000007450581";"l/h"
"1579.7916487";"Engine RPM";"1486";"rpm"
"1579.7916487";"Vehicle speed";"38";"km/h"
"1579.7940679";"Calculated instant fuel consumption";"13.15789493291";"l/100km"
"1579.7941767";"Distance travelled";"0.0155334064722222";"km"
"1579.7943426";"Vehicle acceleration";"0.500163453416577";"m_sec2"
"1579.7950545";"Calculated instant fuel rate";"5.00000007450581";"l/h"
"1579.7970667";"Calculated instant fuel consumption km/l.";"7.59999988675118";"km/l."
"1579.7977997";"Average speed";"37.3435350644927";"km/h"
"1579.7980435";"Distance travelled (total)";"1006.23049181003";"km"
"1579.7988587";"Fuel used";"0.00205605636258207";"l"
"1579.7989863";"Instant engine power (based on fuel consumption)";"16.2829335759679";"hp"
"1579.8073438";"Average fuel consumption (total)";"3.8967643829422";"l/100km"
"1579.807496";"Average fuel consumption";"13.2363520278622";"l/100km"
"1579.8076003";"Fuel used (total)";"39.2105978702987";"l"
"1579.8077007";"Fuel used price";"0.00265231270773087";"€"
"1579.8219349";"Distance to empty";"0";"km"
"1579.8221452";"Average fuel consumption km/l.";"7.55495168075781";"km/l."
"1579.8223197";"Fuel used price (total)";"50.5816712526853";"€"
"1579.858297";"Absolute pedal position D";"23";"%"
"1579.858297";"Engine fuel rate";"5.05000007525086";"l/h"
"1579.858297";"Engine RPM";"1502";"rpm"
"1579.858297";"Vehicle speed";"38";"km/h"
"1579.8600817";"Calculated instant fuel consumption";"13.15789493291";"l/100km"
"1579.8601909";"Distance travelled";"0.0162301934722222";"km"
"1579.8603591";"Vehicle acceleration";"0";"m_sec2"
"1579.861064";"Calculated instant fuel rate";"5.05000007525086";"l/h"
"1579.8621159";"Calculated instant fuel consumption km/l.";"7.59999988675118";"km/l."
"1579.8627134";"Average speed";"37.3974532937439";"km/h"
"1579.8628201";"Distance travelled (total)";"1006.23118859703";"km"
"1579.8632656";"Fuel used";"0.00214640156531721";"l"
"1579.8633645";"Instant engine power (based on fuel consumption)";"16.4457629117276";"hp"
"1579.8711155";"Average fuel consumption (total)";"3.89677822697678";"l/100km"
"1579.871346";"Average fuel consumption";"13.2247441719703";"l/100km"
"1579.8714789";"Fuel used (total)";"39.2106882155014";"l"
"1579.8715843";"Fuel used price";"0.0027688580192592";"€"
"1579.8722729";"Distance to empty";"0";"km"
"1579.8724325";"Average fuel consumption km/l.";"7.56158294630372";"km/l."
"1579.8726867";"Fuel used price (total)";"50.5817877979968";"€"
"1579.9351759";"Absolute pedal position D";"23";"%"
"1579.9351759";"Engine fuel rate";"5.10000007599592";"l/h"
"1579.9351759";"Engine RPM";"1510";"rpm"
"1579.9351759";"Vehicle speed";"38";"km/h"
"1579.9373732";"Calculated instant fuel consumption";"13.2894738822391";"l/100km"
"1579.9375186";"Distance travelled";"0.01704640075";"km"
"1579.937732";"Vehicle acceleration";"0";"m_sec2"
"1579.9386491";"Calculated instant fuel rate";"5.10000007599592";"l/h"
"1579.9399457";"Calculated instant fuel consumption km/l.";"7.52475236311998";"km/l."
"1579.9404645";"Average speed";"37.4162819581054";"km/h"
"1579.9405834";"Distance travelled (total)";"1006.23200480431";"km"
"1579.9410668";"Fuel used";"0.00225661483362618";"l"
"1579.941191";"Instant engine power (based on fuel consumption)";"16.6085922474873";"hp"
"1579.9558908";"Average fuel consumption (total)";"3.89678404466246";"l/100km"
"1579.9561779";"Average fuel consumption";"13.2380721697287";"l/100km"
"1579.9563008";"Fuel used (total)";"39.2107984287697";"l"
"1579.9564156";"Fuel used price";"0.00291103313537777";"€"
"1579.9728216";"Distance to empty";"0";"km"
"1579.9731059";"Average fuel consumption km/l.";"7.55396999788747";"km/l."
"1579.9733089";"Fuel used price (total)";"50.581929973113";"€"
"1580.0154748";"Absolute pedal position D";"23";"%"
"1580.0154748";"Engine fuel rate";"5.10000007599592";"l/h"
"1580.0154748";"Engine RPM";"1516";"rpm"
"1580.0154748";"Vehicle speed";"39";"km/h"
"1580.0236512";"Calculated instant fuel consumption";"13.0769232717844";"l/100km"
"1580.0237766";"Distance travelled";"0.0179808418333333";"km"
"1580.0239676";"Vehicle acceleration";"1.69790817712578";"m_sec2"
"1580.0248708";"Calculated instant fuel rate";"5.10000007599592";"l/h"
"1580.0257709";"Calculated instant fuel consumption km/l.";"7.64705870957936";"km/l."
"1580.0263959";"Average speed";"37.5024727600117";"km/h"
"1580.0265231";"Distance travelled (total)";"1006.23293924539";"km"
"1580.0281527";"Fuel used";"0.00237997972713113";"l"
"1580.0283494";"Instant engine power (based on fuel consumption)";"16.6085922474873";"hp"
"1580.0428514";"Average fuel consumption (total)";"3.89679137895996";"l/100km"
"1580.0430497";"Average fuel consumption";"13.2361974438764";"l/100km"
"1580.0431659";"Fuel used (total)";"39.2109217936633";"l"
"1580.0432817";"Fuel used price";"0.00307017384799915";"€"
"1580.0587726";"Distance to empty";"0";"km"
"1580.0590563";"Average fuel consumption km/l.";"7.55503991414573";"km/l."
"1580.0593941";"Fuel used price (total)";"50.5820891138256";"€"
"1580.0906919";"Absolute pedal position D";"23";"%"
"1580.0906919";"Engine fuel rate";"5.15000007674098";"l/h"
"1580.0906919";"Engine RPM";"1528";"rpm"
"1580.0906919";"Vehicle speed";"39";"km/h"
"1580.0931612";"Calculated instant fuel consumption";"13.0769232717844";"l/100km"
"1580.0932854";"Distance travelled";"0.0187338256666667";"km"
"1580.0935204";"Vehicle acceleration";"1.69790817712578";"m_sec2"
"1580.0944512";"Calculated instant fuel rate";"5.15000007674098";"l/h"
"1580.0956983";"Calculated instant fuel consumption km/l.";"7.64705870957936";"km/l."
"1580.0963767";"Average speed";"37.5504709832241";"km/h"
"1580.0964776";"Distance travelled (total)";"1006.23369222922";"km"
"1580.0968972";"Fuel used";"0.00247832183970765";"l"
"1580.0970032";"Instant engine power (based on fuel consumption)";"16.771421583247";"hp"
"1580.1051672";"Average fuel consumption (total)";"3.89680072298065";"l/100km"
"1580.1053255";"Average fuel consumption";"13.2291283361164";"l/100km"
"1580.1054294";"Fuel used (total)";"39.2110201357758";"l"
"1580.1055338";"Fuel used price";"0.00319703517322287";"€"
"1580.1061677";"Distance to empty";"0";"km"
"1580.1065635";"Average fuel consumption km/l.";"7.55907701998727";"km/l."
"1580.1067447";"Fuel used price (total)";"50.5822159751508";"€"
"1580.1581167";"Absolute pedal position D";"23";"%"
"1580.1581167";"Engine fuel rate";"5.15000007674098";"l/h"
"1580.1581167";"Engine RPM";"1534";"rpm"
"1580.1581167";"Vehicle speed";"39";"km/h"
"1580.1603886";"Calculated instant fuel consumption";"13.2051284019";"l/100km"
"1580.1604989";"Distance travelled";"0.01946196";"km"
"1580.1606634";"Vehicle acceleration";"1.69790817712578";"m_sec2"
"1580.1613469";"Calculated instant fuel rate";"5.15000007674098";"l/h"
"1580.1619717";"Calculated instant fuel consumption km/l.";"7.57281542113684";"km/l."
"1580.1623384";"Average speed";"37.6276273341028";"km/h"
"1580.1624417";"Distance travelled (total)";"1006.23442036356";"km"
"1580.1628779";"Fuel used";"0.00257270732166966";"l"
"1580.1629827";"Instant engine power (based on fuel consumption)";"16.771421583247";"hp"
"1580.1721647";"Average fuel consumption (total)";"3.89680767644668";"l/100km"
"1580.1723321";"Average fuel consumption";"13.2191584078359";"l/100km"
"1580.1724366";"Fuel used (total)";"39.2111145212578";"l"
"1580.1725397";"Fuel used price";"0.00331879244495386";"€"
"1580.189345";"Distance to empty";"0";"km"
"1580.1896039";"Average fuel consumption km/l.";"7.56477809818235";"km/l."
"1580.1897747";"Fuel used price (total)";"50.5823377324225";"€"
"1580.219231";"Absolute pedal position D";"23";"%"
"1580.219231";"Engine fuel rate";"5.20000007748604";"l/h"
"1580.219231";"Engine RPM";"1547";"rpm"
"1580.219231";"Vehicle speed";"39";"km/h"
"1580.2209538";"Calculated instant fuel consumption";"13.2051284019";"l/100km"
"1580.2210658";"Distance travelled";"0.0201180754166667";"km"
"1580.2212319";"Vehicle acceleration";"1.69790817712578";"m_sec2"
"1580.2220497";"Calculated instant fuel rate";"5.20000007748604";"l/h"
"1580.223202";"Calculated instant fuel consumption km/l.";"7.57281542113684";"km/l."
"1580.223688";"Average speed";"37.6557488066376";"km/h"
"1580.2237889";"Distance travelled (total)";"1006.23507647897";"km"
"1580.2242101";"Fuel used";"0.00266129524521194";"l"
"1580.2243136";"Instant engine power (based on fuel consumption)";"16.9342509190067";"hp"
"1580.2386391";"Average fuel consumption (total)";"3.89681451559666";"l/100km"
"1580.2388791";"Average fuel consumption";"13.2283789084875";"l/100km"
"1580.2389834";"Fuel used (total)";"39.2112031091813";"l"
"1580.2390787";"Fuel used price";"0.00343307086632341";"€"
"1580.2395265";"Distance to empty";"0";"km"
"1580.2396566";"Average fuel consumption km/l.";"7.55950526453688";"km/l."
"1580.2398197";"Fuel used price (total)";"50.5824520108439";"€"
"1580.3038024";"Absolute pedal position D";"23";"%"
"1580.3038024";"Engine fuel rate";"5.20000007748604";"l/h"
"1580.3038024";"Engine RPM";"1554";"rpm"
"1580.3038024";"Vehicle speed";"39";"km/h"
"1580.3055815";"Calculated instant fuel consumption";"13.3333335320155";"l/100km"
"1580.3057112";"Distance travelled";"0.021035025";"km"
"1580.3059697";"Vehicle acceleration";"1.69790817712578";"m_sec2"
"1580.3069063";"Calculated instant fuel rate";"5.20000007748604";"l/h"
"1580.308222";"Calculated instant fuel consumption km/l.";"7.49999988824129";"km/l."
"1580.3087464";"Average speed";"37.7047416422152";"km/h"
"1580.3088681";"Distance travelled (total)";"1006.23599342856";"km"
"1580.3094137";"Fuel used";"0.00278436249149023";"l"
"1580.3095381";"Instant engine power (based on fuel consumption)";"16.9342509190067";"hp"
"1580.3235427";"Average fuel consumption (total)";"3.89681976844981";"l/100km"
"1580.3237246";"Average fuel consumption";"13.2367919291288";"l/100km"
"1580.3238463";"Fuel used (total)";"39.2113261764276";"l"
"1580.3239611";"Fuel used price";"0.0035918276140224";"€"
"1580.3404773";"Distance to empty";"0";"km"
"1580.3407058";"Average fuel consumption km/l.";"7.55470060535894";"km/l."
"1580.3409495";"Fuel used price (total)";"50.5826107675916";"€"
"1580.3700034";"Absolute pedal position D";"23";"%"
"1580.3700034";"Engine fuel rate";"5.2500000782311";"l/h"
"1580.3700034";"Engine RPM";"1563";"rpm"
"1580.3700034";"Vehicle speed";"40";"km/h"
"1580.3718984";"Calculated instant fuel consumption";"13.0000001937151";"l/100km"
"1580.3720294";"Distance travelled";"0.0217718272222222";"km"
"1580.3723056";"Vehicle acceleration";"0.542687353040265";"m_sec2"
"1580.373559";"Calculated instant fuel rate";"5.2500000782311";"l/h"
"1580.3747712";"Calculated instant fuel consumption km/l.";"7.69230757768338";"km/l."
"1580.3753698";"Average speed";"37.7724628063647";"km/h"
"1580.3754981";"Distance travelled (total)";"1006.23673023078";"km"
"1580.3764067";"Fuel used";"0.00288205434711262";"l"
"1580.3765811";"Instant engine power (based on fuel consumption)";"17.0970802547663";"hp"
"1580.3935751";"Average fuel consumption (total)";"3.8968291455068";"l/100km"
"1580.3937492";"Average fuel consumption";"13.2375400451963";"l/100km"
"1580.3938673";"Fuel used (total)";"39.2114238682832";"l"
"1580.3939869";"Fuel used price";"0.00371785010777528";"€"
"1580.4083325";"Distance to empty";"0";"km"
"1580.408604";"Average fuel consumption km/l.";"7.55427365345635";"km/l."
"1580.408807";"Fuel used price (total)";"50.5827367900854";"€"
"1580.4665933";"Absolute pedal position D";"23";"%"
"1580.4665933";"Engine fuel rate";"5.30000007897615";"l/h"
"1580.4665933";"Engine RPM";"1573";"rpm"
"1580.4665933";"Vehicle speed";"40";"km/h"
"1580.4686146";"Calculated instant fuel consumption";"13.1250001955777";"l/100km"
"1580.4687324";"Distance travelled";"0.0228463094444444";"km"
"1580.4689129";"Vehicle acceleration";"0";"m_sec2"
"1580.4730191";"Calculated instant fuel rate";"5.30000007897615";"l/h"
"1580.4736875";"Calculated instant fuel consumption km/l.";"7.61904750551496";"km/l."
"1580.4754592";"Average speed";"37.8126861688311";"km/h"
"1580.4756008";"Distance travelled (total)";"1006.237804713";"km"
"1580.4767517";"Fuel used";"0.00302978066042503";"l"
"1580.4768728";"Instant engine power (based on fuel consumption)";"17.259909590526";"hp"
"1580.490003";"Average fuel consumption (total)";"3.89683469301445";"l/100km"
"1580.4906386";"Average fuel consumption";"13.2615758698033";"l/100km"
"1580.4907568";"Fuel used (total)";"39.2115715945965";"l"
"1580.4908609";"Fuel used price";"0.00390841705194828";"€"
"1580.5090179";"Distance to empty";"0";"km"
"1580.5099326";"Average fuel consumption km/l.";"7.54058197771963";"km/l."
"1580.5102591";"Fuel used price (total)";"50.5829273570295";"€"
"1580.5310055";"Absolute pedal position D";"23";"%"
"1580.5310055";"Engine fuel rate";"5.30000007897615";"l/h"
"1580.5310055";"Engine RPM";"1579";"rpm"
"1580.5310055";"Vehicle speed";"40";"km/h"
"1580.5334341";"Calculated instant fuel consumption";"13.2500001974404";"l/100km"
"1580.5335565";"Distance travelled";"0.0235665494444444";"km"
"1580.5337532";"Vehicle acceleration";"0";"m_sec2"
"1580.5347319";"Calculated instant fuel rate";"5.30000007897615";"l/h"
"1580.5364562";"Calculated instant fuel consumption km/l.";"7.54716969885916";"km/l."
"1580.5370953";"Average speed";"37.9299624498657";"km/h"
"1580.5372292";"Distance travelled (total)";"1006.238524953";"km"
"1580.5432379";"Fuel used";"0.00312765370077234";"l"
"1580.5434775";"Instant engine power (based on fuel consumption)";"17.259909590526";"hp"
"1580.5444889";"Average fuel consumption (total)";"3.89684658480235";"l/100km"
"1580.5446455";"Average fuel consumption";"13.2715810099626";"l/100km"
"1580.5447666";"Fuel used (total)";"39.2116694676369";"l"
"1580.5448832";"Fuel used price";"0.00403467327399632";"€"
"1580.5590281";"Distance to empty";"0";"km"
"1580.5593578";"Average fuel consumption km/l.";"7.53489730612598";"km/l."
"1580.5595761";"Fuel used price (total)";"50.5830536132516";"€"
"1580.6156517";"Absolute pedal position D";"23";"%"
"1580.6156517";"Engine fuel rate";"5.35000007972121";"l/h"
"1580.6156517";"Engine RPM";"1592";"rpm"
"1580.6156517";"Vehicle speed";"40";"km/h"
"1580.6177362";"Calculated instant fuel consumption";"13.2500001974404";"l/100km"
"1580.6178698";"Distance travelled";"0.0245033372222222";"km"
"1580.6180657";"Vehicle acceleration";"0";"m_sec2"
"1580.6190932";"Calculated instant fuel rate";"5.35000007972121";"l/h"
"1580.6239545";"Calculated instant fuel consumption km/l.";"7.54716969885916";"km/l."
"1580.6245945";"Average speed";"37.9530736727161";"km/h"
"1580.6247186";"Distance travelled (total)";"1006.23946174078";"km"
"1580.6252479";"Fuel used";"0.00324952759425507";"l"
"1580.6253863";"Instant engine power (based on fuel consumption)";"17.4227389262857";"hp"
"1580.6412126";"Average fuel consumption (total)";"3.89685268353532";"l/100km"
"1580.6416107";"Average fuel consumption";"13.2615715352766";"l/100km"
"1580.6417623";"Fuel used (total)";"39.2117913415304";"l"
"1580.6418795";"Fuel used price";"0.00419189059658904";"€"
"1580.6428477";"Distance to empty";"0";"km"
"1580.6430182";"Average fuel consumption km/l.";"7.5405844423486";"km/l."
"1580.6432113";"Fuel used price (total)";"50.5832108305742";"€"
"1580.7333376";"Absolute pedal position D";"23";"%"
"1580.7333376";"Engine fuel rate";"5.40000008046627";"l/h"
"1580.7333376";"Engine RPM";"1601";"rpm"
"1580.7333376";"Vehicle speed";"41";"km/h"
"1580.7361319";"Calculated instant fuel consumption";"13.0487806822469";"l/100km"
"1580.7363136";"Distance travelled";"0.025852219";"km"
"1580.7365752";"Vehicle acceleration";"1.03790167832853";"m_sec2"
"1580.7412663";"Calculated instant fuel rate";"5.40000008046627";"l/h"
"1580.7431625";"Calculated instant fuel consumption km/l.";"7.66355128767335";"km/l."
"1580.7438674";"Average speed";"38.0880617312497";"km/h"
"1580.7440546";"Distance travelled (total)";"1006.24081062256";"km"
"1580.7452473";"Fuel used";"0.00342951724693712";"l"
"1580.7454595";"Instant engine power (based on fuel consumption)";"17.5855682620454";"hp"
"1580.7624559";"Average fuel consumption (total)";"3.89685957154433";"l/100km"
"1580.7627321";"Average fuel consumption";"13.265852524834";"l/100km"
"1580.762859";"Fuel used (total)";"39.2119713311831";"l"
"1580.7629747";"Fuel used price";"0.00442407724854889";"€"
"1580.7763801";"Distance to empty";"0";"km"
"1580.7766704";"Average fuel consumption km/l.";"7.53815103950518";"km/l."
"1580.7768824";"Fuel used price (total)";"50.5834430172261";"€"
"1580.7956047";"Absolute pedal position D";"23";"%"
"1580.7956047";"Engine fuel rate";"5.40000008046627";"l/h"
"1580.7956047";"Engine RPM";"1615";"rpm"
"1580.7956047";"Vehicle speed";"41";"km/h"
"1580.7977517";"Calculated instant fuel consumption";"13.1707319035763";"l/100km"
"1580.7978579";"Distance travelled";"0.0265531413333333";"km"
"1580.7981034";"Vehicle acceleration";"1.03790167832853";"m_sec2"
"1580.7989192";"Calculated instant fuel rate";"5.40000008046627";"l/h"
"1580.8002836";"Calculated instant fuel consumption km/l.";"7.59259247945415";"km/l."
"1580.800776";"Average speed";"38.2299021009561";"km/h"
"1580.8008766";"Distance travelled (total)";"1006.24151154489";"km"
"1580.8014025";"Fuel used";"0.00351374884819227";"l"
"1580.8015216";"Instant engine power (based on fuel consumption)";"17.5855682620454";"hp"
"1580.8086551";"Average fuel consumption (total)";"3.89687474441207";"l/100km"
"1580.8088268";"Average fuel consumption";"13.2328932538814";"l/100km"
"1580.8089274";"Fuel used (total)";"39.2120555627843";"l"
"1580.8090282";"Fuel used price";"0.00453273601416803";"€"
"1580.8243857";"Distance to empty";"0";"km"
"1580.8246372";"Average fuel consumption km/l.";"7.55692637138657";"km/l."
"1580.824847";"Fuel used price (total)";"50.5835516759918";"€"
"1580.887642";"Absolute pedal position D";"23";"%"
"1580.887642";"Engine fuel rate";"5.45000008121133";"l/h"
"1580.887642";"Engine RPM";"1618";"rpm"
"1580.887642";"Vehicle speed";"41";"km/h"
"1580.8896849";"Calculated instant fuel consumption";"13.1707319035763";"l/100km"
"1580.8898066";"Distance travelled";"0.0276003029722222";"km"
"1580.8900424";"Vehicle acceleration";"1.03790167832853";"m_sec2"
"1580.8909707";"Calculated instant fuel rate";"5.45000008121133";"l/h"
"1580.8923217";"Calculated instant fuel consumption km/l.";"7.59259247945415";"km/l."
"1580.8929575";"Average speed";"38.3248234979195";"km/h"
"1580.8930924";"Distance travelled (total)";"1006.24255870653";"km"
"1580.8936145";"Fuel used";"0.00365334333360572";"l"
"1580.8937363";"Instant engine power (based on fuel consumption)";"17.7483975978051";"hp"
"1580.9072327";"Average fuel consumption (total)";"3.8968790599743";"l/100km"
"1580.907496";"Average fuel consumption";"13.2366059071256";"l/100km"
"1580.9076257";"Fuel used (total)";"39.2121951572697";"l"
"1580.9077492";"Fuel used price";"0.00471281290035138";"€"
"1580.9088247";"Distance to empty";"0";"km"
"1580.9090255";"Average fuel consumption km/l.";"7.55480677612133";"km/l."
"1580.9092292";"Fuel used price (total)";"50.5837317528779";"€"
"1580.9902582";"Absolute pedal position D";"23";"%"
"1580.9902582";"Engine fuel rate";"5.45000008121133";"l/h"
"1580.9902582";"Engine RPM";"1633";"rpm"
"1580.9902582";"Vehicle speed";"41";"km/h"
"1580.9927564";"Calculated instant fuel consumption";"13.2926831249057";"l/100km"
"1580.9928908";"Distance travelled";"0.0287742878611111";"km"
"1580.9930911";"Vehicle acceleration";"0";"m_sec2"
"1580.9940368";"Calculated instant fuel rate";"5.45000008121133";"l/h"
"1580.9953706";"Calculated instant fuel consumption km/l.";"7.52293566771604";"km/l."
"1580.9959817";"Average speed";"38.4285977202697";"km/h"
"1580.9961094";"Distance travelled (total)";"1006.24373269142";"km"
"1580.9968185";"Fuel used";"0.00380957772898935";"l"
"1580.9970276";"Instant engine power (based on fuel consumption)";"17.7483975978051";"hp"
"1581.0103606";"Average fuel consumption (total)";"3.89688838631454";"l/100km"
"1581.0105639";"Average fuel consumption";"13.2395204613841";"l/100km"
"1581.0106907";"Fuel used (total)";"39.2123513916651";"l"
"1581.010815";"Fuel used price";"0.00491435527039626";"€"
"1581.0258462";"Distance to empty";"0";"km"
"1581.0261556";"Average fuel consumption km/l.";"7.55314365740601";"km/l."
"1581.0263252";"Fuel used price (total)";"50.583933295248";"€"
"1581.0579908";"Absolute pedal position D";"23";"%"
"1581.0579908";"Engine fuel rate";"5.50000008195639";"l/h"
"1581.0579908";"Engine RPM";"1640";"rpm"
"1581.0579908";"Vehicle speed";"42";"km/h"
"1581.0595785";"Calculated instant fuel consumption";"12.9761906695508";"l/100km"
"1581.0596713";"Distance travelled";"0.0295533785277778";"km"
"1581.0599693";"Vehicle acceleration";"4.15244454410311";"m_sec2"
"1581.0607009";"Calculated instant fuel rate";"5.50000008195639";"l/h"
"1581.0617735";"Calculated instant fuel consumption km/l.";"7.70642190351399";"km/l."
"1581.0625296";"Average speed";"38.5172387115179";"km/h"
"1581.0626655";"Distance travelled (total)";"1006.24451178208";"km"
"1581.0633251";"Fuel used";"0.00391118243883671";"l"
"1581.0634222";"Instant engine power (based on fuel consumption)";"17.9112269335647";"hp"
"1581.0776888";"Average fuel consumption (total)";"3.89690089561026";"l/100km"
"1581.0778183";"Average fuel consumption";"13.2342988642078";"l/100km"
"1581.0779075";"Fuel used (total)";"39.212452996375";"l"
"1581.0780017";"Fuel used price";"0.00504542534609936";"€"
"1581.0908643";"Distance to empty";"0";"km"
"1581.0911567";"Average fuel consumption km/l.";"7.55612375283821";"km/l."
"1581.0915734";"Fuel used price (total)";"50.5840643653237";"€"
"1581.1184683";"Absolute pedal position D";"23";"%"
"1581.1184683";"Engine fuel rate";"5.55000008270144";"l/h"
"1581.1184683";"Engine RPM";"1653";"rpm"
"1581.1184683";"Vehicle speed";"42";"km/h"
"1581.1200997";"Calculated instant fuel consumption";"13.0952382903723";"l/100km"
"1581.1202065";"Distance travelled";"0.0302595781944444";"km"
"1581.1203779";"Vehicle acceleration";"4.15244454410311";"m_sec2"
"1581.1210831";"Calculated instant fuel rate";"5.55000008270144";"l/h"
"1581.1222308";"Calculated instant fuel consumption km/l.";"7.63636352257295";"km/l."
"1581.1230115";"Average speed";"38.5926541641011";"km/h"
"1581.1231008";"Distance travelled (total)";"1006.24521798175";"km"
"1581.1234948";"Fuel used";"0.00400394174855227";"l"
"1581.1235796";"Instant engine power (based on fuel consumption)";"18.0740562693244";"hp"
"1581.1414574";"Average fuel consumption (total)";"3.89690825811071";"l/100km"
"1581.1416018";"Average fuel consumption";"13.2319813674315";"l/100km"
"1581.1416924";"Fuel used (total)";"39.2125457556847";"l"
"1581.1417761";"Fuel used price";"0.00516508485563243";"€"
"1581.1593614";"Distance to empty";"0";"km"
"1581.1595568";"Average fuel consumption km/l.";"7.55744715951115";"km/l."
"1581.1597072";"Fuel used price (total)";"50.5841840248332";"€"
"1581.1777116";"Absolute pedal position D";"23";"%"
"1581.1777116";"Engine fuel rate";"5.55000008270144";"l/h"
"1581.1777116";"Engine RPM";"1656";"rpm"
"1581.1777116";"Vehicle speed";"42";"km/h"
"1581.1794959";"Calculated instant fuel consumption";"13.2142859111939";"l/100km"
"1581.1795925";"Distance travelled";"0.0309523950277778";"km"
"1581.1797442";"Vehicle acceleration";"4.15244454410311";"m_sec2"
"1581.1804689";"Calculated instant fuel rate";"5.55000008270144";"l/h"
"1581.1815736";"Calculated instant fuel consumption km/l.";"7.56756745480203";"km/l."
"1581.1821175";"Average speed";"38.6666359333148";"km/h"
"1581.1822374";"Distance travelled (total)";"1006.24591079858";"km"
"1581.1827602";"Fuel used";"0.00409530631241371";"l"
"1581.1828535";"Instant engine power (based on fuel consumption)";"18.0740562693244";"hp"
"1581.1910447";"Average fuel consumption (total)";"3.89691479337934";"l/100km"
"1581.191177";"Average fuel consumption";"13.2309836080162";"l/100km"
"1581.1912615";"Fuel used (total)";"39.2126371202485";"l"
"1581.1913435";"Fuel used price";"0.00528294514301368";"€"
"1581.2088042";"Distance to empty";"0";"km"
"1581.2090873";"Average fuel consumption km/l.";"7.55801707285112";"km/l."
"1581.2092474";"Fuel used price (total)";"50.5843018851206";"€"
"1581.2452055";"Absolute pedal position D";"23";"%"
"1581.2452055";"Engine fuel rate";"5.55000008270144";"l/h"
"1581.2452055";"Engine RPM";"1662";"rpm"
"1581.2452055";"Vehicle speed";"42";"km/h"
"1581.2466734";"Calculated instant fuel consumption";"13.2142859111939";"l/100km"
"1581.2467653";"Distance travelled";"0.0317360683611111";"km"
"1581.2469094";"Vehicle acceleration";"4.15244454410311";"m_sec2"
"1581.2476241";"Calculated instant fuel rate";"5.55000008270144";"l/h"
"1581.2491285";"Calculated instant fuel consumption km/l.";"7.56756745480203";"km/l."
"1581.2495846";"Average speed";"38.7385970539639";"km/h"
"1581.249668";"Distance travelled (total)";"1006.24669447192";"km"
"1581.2500029";"Fuel used";"0.00419896998479175";"l"
"1581.2500902";"Instant engine power (based on fuel consumption)";"18.0740562693244";"hp"
"1581.257667";"Average fuel consumption (total)";"3.89692083816757";"l/100km"
"1581.257827";"Average fuel consumption";"13.2309079278929";"l/100km"
"1581.2579169";"Fuel used (total)";"39.2127407839209";"l"
"1581.2579992";"Fuel used price";"0.00541667128038136";"€"
"1581.2587066";"Distance to empty";"0";"km"
"1581.2594375";"Average fuel consumption km/l.";"7.55806030432606";"km/l."
"1581.2595827";"Fuel used price (total)";"50.584435611258";"€"
"1581.3065134";"Absolute pedal position D";"23";"%"
"1581.3065134";"Engine fuel rate";"5.55000008270144";"l/h"
"1581.3065134";"Engine RPM";"1668";"rpm"
"1581.3065134";"Vehicle speed";"42";"km/h"
"1581.3081317";"Calculated instant fuel consumption";"13.2142859111939";"l/100km"
"1581.308225";"Distance travelled";"0.0324530398611111";"km"
"1581.3083716";"Vehicle acceleration";"4.15244454410311";"m_sec2"
"1581.3089909";"Calculated instant fuel rate";"5.55000008270144";"l/h"
"1581.3104016";"Calculated instant fuel consumption km/l.";"7.56756745480203";"km/l."
"1581.3107918";"Average speed";"38.8083361014596";"km/h"
"1581.3108775";"Distance travelled (total)";"1006.24741144342";"km"
"1581.3118939";"Fuel used";"0.00429437957371346";"l"
"1581.3120323";"Instant engine power (based on fuel consumption)";"18.0740562693244";"hp"
"1581.3243186";"Average fuel consumption (total)";"3.89692836353954";"l/100km"
"1581.3245406";"Average fuel consumption";"13.2325957509437";"l/100km"
"1581.3246286";"Fuel used (total)";"39.2128361935098";"l"
"1581.324713";"Fuel used price";"0.00553974965009037";"€"
"1581.3254055";"Distance to empty";"0";"km"
"1581.3255357";"Average fuel consumption km/l.";"7.55709627061403";"km/l."
"1581.3256762";"Fuel used price (total)";"50.5845586896277";"€"
"1581.3655706";"Absolute pedal position D";"23";"%"
"1581.3655706";"Engine fuel rate";"5.6000000834465";"l/h"
"1581.3655706";"Engine RPM";"1673";"rpm"
"1581.3655706";"Vehicle speed";"42";"km/h"
"1581.3677117";"Calculated instant fuel consumption";"13.2142859111939";"l/100km"
"1581.3678882";"Distance travelled";"0.0331491000277778";"km"
"1581.3680875";"Vehicle acceleration";"4.15244454410311";"m_sec2"
"1581.3691267";"Calculated instant fuel rate";"5.6000000834465";"l/h"
"1581.3702108";"Calculated instant fuel consumption km/l.";"7.56756745480203";"km/l."
"1581.3718647";"Average speed";"38.8529885609451";"km/h"
"1581.3720458";"Distance travelled (total)";"1006.24810750358";"km"
"1581.372816";"Fuel used";"0.00438914090845885";"l"
"1581.3730072";"Instant engine power (based on fuel consumption)";"18.2368856050841";"hp"
"1581.3786077";"Average fuel consumption (total)";"3.89693514960178";"l/100km"
"1581.3788852";"Average fuel consumption";"13.2406035300533";"l/100km"
"1581.3790516";"Fuel used (total)";"39.2129309548446";"l"
"1581.3792158";"Fuel used price";"0.00566199177191192";"€"
"1581.3806939";"Distance to empty";"0";"km"
"1581.380918";"Average fuel consumption km/l.";"7.55252581749929";"km/l."
"1581.3811833";"Fuel used price (total)";"50.5846809317495";"€"
"1581.4562021";"Absolute pedal position D";"23";"%"
"1581.4562021";"Engine fuel rate";"5.6000000834465";"l/h"
"1581.4562021";"Engine RPM";"1685";"rpm"
"1581.4562021";"Vehicle speed";"43";"km/h"
"1581.4594749";"Calculated instant fuel consumption";"13.0232560080151";"l/100km"
"1581.4597413";"Distance travelled";"0.0342461423055555";"km"
"1581.4601464";"Vehicle acceleration";"0.594836155949861";"m_sec2"
"1581.4620338";"Calculated instant fuel rate";"5.6000000834465";"l/h"
"1581.464583";"Calculated instant fuel consumption km/l.";"7.6785713141518";"km/l."
"1581.4656345";"Average speed";"38.9502998531538";"km/h"
"1581.4658956";"Distance travelled (total)";"1006.24920454586";"km"
"1581.4673752";"Fuel used";"0.00453622179953942";"l"
"1581.4676506";"Instant engine power (based on fuel consumption)";"18.2368856050841";"hp"
"1581.4832508";"Average fuel consumption (total)";"3.89694031833218";"l/100km"
"1581.483432";"Average fuel consumption";"13.2459351452369";"l/100km"
"1581.4836237";"Fuel used (total)";"39.2130780357357";"l"
"1581.4837503";"Fuel used price";"0.00585172612140585";"€"
"1581.4991693";"Distance to empty";"0";"km"
"1581.4995205";"Average fuel consumption km/l.";"7.54948585385149";"km/l."
"1581.4997281";"Fuel used price (total)";"50.584870666099";"€"
"1581.5154768";"Absolute pedal position D";"23";"%"
"1581.5154768";"Engine fuel rate";"5.65000008419156";"l/h"
"1581.5154768";"Engine RPM";"1695";"rpm"
"1581.5154768";"Vehicle speed";"43";"km/h"
"1581.5174298";"Calculated instant fuel consumption";"13.0232560080151";"l/100km"
"1581.5175689";"Distance travelled";"0.0349368572777778";"km"
"1581.5179108";"Vehicle acceleration";"0";"m_sec2"
"1581.5191452";"Calculated instant fuel rate";"5.65000008419156";"l/h"
"1581.5209968";"Calculated instant fuel consumption km/l.";"7.6785713141518";"km/l."
"1581.5216238";"Average speed";"39.0443924360362";"km/h"
"1581.5217531";"Distance travelled (total)";"1006.24989526083";"km"
"1581.5223759";"Fuel used";"0.00462254093138123";"l"
"1581.5225195";"Instant engine power (based on fuel consumption)";"18.3997149408438";"hp"
"1581.5431592";"Average fuel consumption (total)";"3.8969522601114";"l/100km"
"1581.5434246";"Average fuel consumption";"13.2311297911775";"l/100km"
"1581.5435491";"Fuel used (total)";"39.2131643548675";"l"
"1581.5436715";"Fuel used price";"0.00596307780148178";"€"
"1581.5441723";"Distance to empty";"0";"km"
"1581.5443338";"Average fuel consumption km/l.";"7.55793356865713";"km/l."
"1581.5445239";"Fuel used price (total)";"50.5849820177791";"€"
"1581.576776";"Absolute pedal position D";"23";"%"
"1581.576776";"Engine fuel rate";"5.70000008493662";"l/h"
"1581.576776";"Engine RPM";"1706";"rpm"
"1581.576776";"Vehicle speed";"43";"km/h"
"1581.5786189";"Calculated instant fuel consumption";"13.1395350795153";"l/100km"
"1581.5787494";"Distance travelled";"0.0356675968888889";"km"
"1581.5789495";"Vehicle acceleration";"0";"m_sec2"
"1581.5799637";"Calculated instant fuel rate";"5.70000008493662";"l/h"
"1581.5812789";"Calculated instant fuel consumption km/l.";"7.61061935561948";"km/l."
"1581.5817911";"Average speed";"39.1301714094509";"km/h"
"1581.5819181";"Distance travelled (total)";"1006.25062600045";"km"
"1581.5824121";"Fuel used";"0.0047175922327976";"l"
"1581.5825417";"Instant engine power (based on fuel consumption)";"18.5625442766035";"hp"
"1581.5932958";"Average fuel consumption (total)";"3.89695800843657";"l/100km"
"1581.5934781";"Average fuel consumption";"13.2265491490603";"l/100km"
"1581.5936364";"Fuel used (total)";"39.2132594061689";"l"
"1581.5937591";"Fuel used price";"0.00608569398030891";"€"
"1581.6100075";"Distance to empty";"0";"km"
"1581.6102259";"Average fuel consumption km/l.";"7.56055104570525";"km/l."
"1581.6104317";"Fuel used price (total)";"50.5851046339579";"€"
"1581.6354424";"Absolute pedal position D";"23";"%"
"1581.6354424";"Engine fuel rate";"5.70000008493662";"l/h"
"1581.6354424";"Engine RPM";"1714";"rpm"
"1581.6354424";"Vehicle speed";"43";"km/h"
"1581.6374033";"Calculated instant fuel consumption";"13.2558141510154";"l/100km"
"1581.6375333";"Distance travelled";"0.0363697104444444";"km"
"1581.6377291";"Vehicle acceleration";"0";"m_sec2"
"1581.6386449";"Calculated instant fuel rate";"5.70000008493662";"l/h"
"1581.639997";"Calculated instant fuel consumption km/l.";"7.54385953671054";"km/l."
"1581.6405267";"Average speed";"39.1987612647339";"km/h"
"1581.6406492";"Distance travelled (total)";"1006.251328114";"km"
"1581.6411313";"Fuel used";"0.00481056240084963";"l"
"1581.641249";"Instant engine power (based on fuel consumption)";"18.5625442766035";"hp"
"1581.6611144";"Average fuel consumption (total)";"3.89696473540717";"l/100km"
"1581.6613403";"Average fuel consumption";"13.2268372281871";"l/100km"
"1581.6614985";"Fuel used (total)";"39.213352376337";"l"
"1581.6616572";"Fuel used price";"0.00620562549709602";"€"
"1581.6779923";"Distance to empty";"0";"km"
"1581.6782765";"Average fuel consumption km/l.";"7.5603863776969";"km/l."
"1581.6784799";"Fuel used price (total)";"50.5852245654747";"€"
"1581.6955821";"Absolute pedal position D";"23";"%"
"1581.6955821";"Engine fuel rate";"5.70000008493662";"l/h"
"1581.6955821";"Engine RPM";"1716";"rpm"
"1581.6955821";"Vehicle speed";"44";"km/h"
"1581.6975291";"Calculated instant fuel consumption";"12.9545456475832";"l/100km"
"1581.6976625";"Distance travelled";"0.0371045886666667";"km"
"1581.6978636";"Vehicle acceleration";"1.54363866506128";"m_sec2"
"1581.6988394";"Calculated instant fuel rate";"5.70000008493662";"l/h"
"1581.7003193";"Calculated instant fuel consumption km/l.";"7.71929813058753";"km/l."
"1581.7008366";"Average speed";"39.2815734682787";"km/h"
"1581.7009748";"Distance travelled (total)";"1006.25206299222";"km"
"1581.7016856";"Fuel used";"0.00490643529394492";"l"
"1581.7018051";"Instant engine power (based on fuel consumption)";"18.5625442766035";"hp"
"1581.7152267";"Average fuel consumption (total)";"3.89697112865845";"l/100km"
"1581.7153953";"Average fuel consumption";"13.2232574736846";"l/100km"
"1581.7155112";"Fuel used (total)";"39.2134482492301";"l"
"1581.7156272";"Fuel used price";"0.00632930152918894";"€"
"1581.7306774";"Distance to empty";"0";"km"
"1581.7309888";"Average fuel consumption km/l.";"7.56243309933341";"km/l."
"1581.7311965";"Fuel used price (total)";"50.5853482415068";"€"
"1581.8600306";"Absolute pedal position D";"23";"%"
"1581.8600306";"Engine fuel rate";"5.75000008568168";"l/h"
"1581.8600306";"Engine RPM";"1731";"rpm"
"1581.8600306";"Vehicle speed";"44";"km/h"
"1581.8627694";"Calculated instant fuel consumption";"12.9545456475832";"l/100km"
"1581.8629055";"Distance travelled";"0.0391241874444444";"km"
"1581.8631006";"Vehicle acceleration";"1.54363866506128";"m_sec2"
"1581.8640758";"Calculated instant fuel rate";"5.75000008568168";"l/h"
"1581.865576";"Calculated instant fuel consumption km/l.";"7.71929813058753";"km/l."
"1581.8664877";"Average speed";"39.4956882767857";"km/h"
"1581.866623";"Distance travelled (total)";"1006.254082591";"km"
"1581.8675531";"Fuel used";"0.00517135728400367";"l"
"1581.8678001";"Instant engine power (based on fuel consumption)";"18.7253736123631";"hp"
"1581.877325";"Average fuel consumption (total)";"3.89697283495829";"l/100km"
"1581.8776022";"Average fuel consumption";"13.2178011143283";"l/100km"
"1581.8777372";"Fuel used (total)";"39.2137131712201";"l"
"1581.8778561";"Fuel used price";"0.00667105089636474";"€"
"1581.8784232";"Distance to empty";"0";"km"
"1581.8785837";"Average fuel consumption km/l.";"7.56555490092815";"km/l."
"1581.8787781";"Fuel used price (total)";"50.585689990874";"€"
"1581.9287389";"Absolute pedal position D";"23";"%"
"1581.9287389";"Engine fuel rate";"5.80000008642673";"l/h"
"1581.9287389";"Engine RPM";"1749";"rpm"
"1581.9287389";"Vehicle speed";"44";"km/h"
"1581.9303923";"Calculated instant fuel consumption";"13.0681820129129";"l/100km"
"1581.9304962";"Distance travelled";"0.0399502837777778";"km"
"1581.930671";"Vehicle acceleration";"1.54363866506128";"m_sec2"
"1581.9314421";"Calculated instant fuel rate";"5.80000008642673";"l/h"
"1581.93314";"Calculated instant fuel consumption km/l.";"7.6521737990172";"km/l."
"1581.9336566";"Average speed";"39.5839671484581";"km/h"
"1581.9337596";"Distance travelled (total)";"1006.25490868733";"km"
"1581.9342176";"Fuel used";"0.00527875910782631";"l"
"1581.9343426";"Instant engine power (based on fuel consumption)";"18.8882029481228";"hp"
"1581.9430396";"Average fuel consumption (total)";"3.89699596321718";"l/100km"
"1581.9431771";"Average fuel consumption";"13.2133206792453";"l/100km"
"1581.943273";"Fuel used (total)";"39.2138205730439";"l"
"1581.9433692";"Fuel used price";"0.00680959924909593";"€"
"1581.961871";"Distance to empty";"0";"km"
"1581.9620842";"Average fuel consumption km/l.";"7.56812026495912";"km/l."
"1581.9622269";"Fuel used price (total)";"50.5858285392267";"€"
"1581.9875591";"Absolute pedal position D";"23";"%"
"1581.9875591";"Engine fuel rate";"5.80000008642673";"l/h"
"1581.9875591";"Engine RPM";"1752";"rpm"
"1581.9875591";"Vehicle speed";"45";"km/h"
"1581.9891297";"Calculated instant fuel consumption";"12.8888890809483";"l/100km"
"1581.9892235";"Distance travelled";"0.0406843500277778";"km"
"1581.9894236";"Vehicle acceleration";"0.58909884371679";"m_sec2"
"1581.9900978";"Calculated instant fuel rate";"5.80000008642673";"l/h"
"1581.9910751";"Calculated instant fuel consumption km/l.";"7.75862057404272";"km/l."
"1581.9915495";"Average speed";"39.6791020219961";"km/h"
"1581.9916497";"Distance travelled (total)";"1006.25564275358";"km"
"1581.992266";"Fuel used";"0.00537227879255319";"l"
"1581.9923528";"Instant engine power (based on fuel consumption)";"18.8882029481228";"hp"
"1582.0130532";"Average fuel consumption (total)";"3.89700379376126";"l/100km"
"1582.0131758";"Average fuel consumption";"13.2047796975623";"l/100km"
"1582.0132597";"Fuel used (total)";"39.2139140927287";"l"
"1582.0133624";"Fuel used price";"0.00693023964239362";"€"
"1582.0272263";"Distance to empty";"0";"km"
"1582.0274527";"Average fuel consumption km/l.";"7.57301539975412";"km/l."
"1582.027597";"Fuel used price (total)";"50.58594917962";"€"
"1582.0553545";"Absolute pedal position D";"23";"%"
"1582.0553545";"Engine fuel rate";"5.85000008717179";"l/h"
"1582.0553545";"Engine RPM";"1762";"rpm"
"1582.0553545";"Vehicle speed";"45";"km/h"
"1582.0583586";"Calculated instant fuel consumption";"12.8888890809483";"l/100km"
"1582.0584517";"Distance travelled";"0.0415496750277778";"km"
"1582.0586633";"Vehicle acceleration";"0";"m_sec2"
"1582.0594605";"Calculated instant fuel rate";"5.85000008717179";"l/h"
"1582.0611514";"Calculated instant fuel consumption km/l.";"7.75862057404272";"km/l."
"1582.0617058";"Average speed";"39.7671247091152";"km/h"
"1582.0617926";"Distance travelled (total)";"1006.25650807858";"km"
"1582.0621858";"Fuel used";"0.0054858947317462";"l"
"1582.0622709";"Instant engine power (based on fuel consumption)";"19.0510322838825";"hp"
"1582.076773";"Average fuel consumption (total)";"3.89700973637492";"l/100km"
"1582.0770276";"Average fuel consumption";"13.2032193466703";"l/100km"
"1582.0771141";"Fuel used (total)";"39.2140277086679";"l"
"1582.0771978";"Fuel used price";"0.0070768042039526";"€"
"1582.0776083";"Distance to empty";"0";"km"
"1582.0777164";"Average fuel consumption km/l.";"7.57391037551904";"km/l."
"1582.0778516";"Fuel used price (total)";"50.5860957441815";"€"
"1582.1164624";"Absolute pedal position D";"23";"%"
"1582.1164624";"Engine fuel rate";"5.85000008717179";"l/h"
"1582.1164624";"Engine RPM";"1769";"rpm"
"1582.1164624";"Vehicle speed";"45";"km/h"
"1582.1178862";"Calculated instant fuel consumption";"13.0000001937151";"l/100km"
"1582.1179738";"Distance travelled";"0.0422936825277778";"km"
"1582.1181213";"Vehicle acceleration";"0";"m_sec2"
"1582.1188393";"Calculated instant fuel rate";"5.85000008717179";"l/h"
"1582.1200288";"Calculated instant fuel consumption km/l.";"7.69230757768338";"km/l."
"1582.1204614";"Average speed";"39.8566060648261";"km/h"
"1582.1205524";"Distance travelled (total)";"1006.25725208608";"km"
"1582.1209259";"Fuel used";"0.00558134495816852";"l"
"1582.1210171";"Instant engine power (based on fuel consumption)";"19.0510322838825";"hp"
"1582.1267165";"Average fuel consumption (total)";"3.89701814594358";"l/100km"
"1582.1268519";"Average fuel consumption";"13.1966398397746";"l/100km"
"1582.1269355";"Fuel used (total)";"39.2141231588943";"l"
"1582.1270354";"Fuel used price";"0.00719993499603739";"€"
"1582.1444323";"Distance to empty";"0";"km"
"1582.1446811";"Average fuel consumption km/l.";"7.57768653340075";"km/l."
"1582.1448384";"Fuel used price (total)";"50.5862188749736";"€"
"1582.63359";"Absolute pedal position D";"23";"%"
"1582.63359";"Engine fuel rate";"5.90000008791685";"l/h"
"1582.63359";"Engine RPM";"1792";"rpm"
"1582.63359";"Vehicle speed";"45";"km/h"
"1582.6376246";"Calculated instant fuel consumption";"13.0000001937151";"l/100km"
"1582.6379002";"Distance travelled";"0.0487926525277778";"km"
"1582.6383082";"Vehicle acceleration";"0";"m_sec2"
"1582.6403732";"Calculated instant fuel rate";"5.90000008791685";"l/h"
"1582.6441299";"Calculated instant fuel consumption km/l.";"7.69230757768338";"km/l."
"1582.6453334";"Average speed";"40.4275147120728";"km/h"
"1582.6455855";"Distance travelled (total)";"1006.26375105608";"km"
"1582.6466676";"Fuel used";"0.0064429599932298";"l"
"1582.6469191";"Instant engine power (based on fuel consumption)";"19.2138616196422";"hp"
"1582.6671862";"Average fuel consumption (total)";"3.89700246259876";"l/100km"
"1582.6676767";"Average fuel consumption";"13.2047750213248";"l/100km"
"1582.66793";"Fuel used (total)";"39.2149847739294";"l"
"1582.6681779";"Fuel used price";"0.00831141839126645";"€"
"1582.6691795";"Distance to empty";"0";"km"
"1582.6695928";"Average fuel consumption km/l.";"7.57301808160358";"km/l."
"1582.6700059";"Fuel used price (total)";"50.5873303583689";"€"
"1583.2691124";"Absolute pedal position D";"23";"%"
"1583.2691124";"Engine fuel rate";"6.05000009015203";"l/h"
"1583.2691124";"Engine RPM";"1861";"rpm"
"1583.2691124";"Vehicle speed";"47";"km/h"
"1583.2708673";"Calculated instant fuel consumption";"12.5531916764188";"l/100km"
"1583.2709638";"Distance travelled";"0.0570576717222222";"km"
"1583.2711561";"Vehicle acceleration";"0.877740877551286";"m_sec2"
"1583.2719038";"Calculated instant fuel rate";"6.05000009015203";"l/h"
"1583.2732171";"Calculated instant fuel consumption km/l.";"7.96610157621109";"km/l."
"1583.2736489";"Average speed";"41.3019438539598";"km/h"
"1583.2737419";"Distance travelled (total)";"1006.27201607528";"km"
"1583.2742925";"Fuel used";"0.00749772238672477";"l"
"1583.2743862";"Instant engine power (based on fuel consumption)";"19.7023496269212";"hp"
"1583.284364";"Average fuel consumption (total)";"3.89705607901907";"l/100km"
"1583.2845068";"Average fuel consumption";"13.140603463854";"l/100km"
"1583.2845994";"Fuel used (total)";"39.2160395363228";"l"
"1583.2846901";"Fuel used price";"0.00967206187887495";"€"
"1583.2983451";"Distance to empty";"0";"km"
"1583.29865";"Average fuel consumption km/l.";"7.61000058140946";"km/l."
"1583.2988452";"Fuel used price (total)";"50.5886910018565";"€"
"1584.0377627";"Absolute pedal position D";"7";"%"
"1584.0377627";"Engine fuel rate";"2.1500000320375";"l/h"
"1584.0377627";"Engine RPM";"1908";"rpm"
"1584.0377627";"Vehicle speed";"49";"km/h"
"1584.0416409";"Calculated instant fuel consumption";"12.3469389594939";"l/100km"
"1584.042065";"Distance travelled";"0.0675530906111111";"km"
"1584.0425016";"Vehicle acceleration";"0.395640171910402";"m_sec2"
"1584.0445886";"Calculated instant fuel rate";"2.1500000320375";"l/h"
"1584.0476143";"Calculated instant fuel consumption km/l.";"8.09917343303192";"km/l."
"1584.0486883";"Average speed";"42.306859824013";"km/h"
"1584.0489483";"Distance travelled (total)";"1006.28251149417";"km"
"1584.050748";"Fuel used";"0.00796143284085681";"l"
"1584.0510041";"Instant engine power (based on fuel consumption)";"7.00166143766622";"hp"
"1584.0885146";"Average fuel consumption (total)";"3.89712025086209";"l/100km"
"1584.0888756";"Average fuel consumption";"11.7854457417635";"l/100km"
"1584.0891223";"Fuel used (total)";"39.216503246777";"l"
"1584.0894643";"Fuel used price";"0.0102702483647053";"€"
"1584.1194947";"Distance to empty";"0";"km"
"1584.1198097";"Average fuel consumption km/l.";"8.4850418211706";"km/l."
"1584.1200167";"Fuel used price (total)";"50.5892891883423";"€"
"1584.6731708";"Absolute pedal position D";"7";"%"
"1584.6731708";"Engine fuel rate";"0";"l/h"
"1584.6731708";"Engine RPM";"1896";"rpm"
"1584.6731708";"Vehicle speed";"48";"km/h"
"1584.6772037";"Calculated instant fuel consumption";"4.47916673341145";"l/100km"
"1584.6774764";"Distance travelled";"0.0760251666111111";"km"
"1584.6778802";"Vehicle acceleration";"-0.136194017857542";"m_sec2"
"1584.6799086";"Calculated instant fuel rate";"0";"l/h"
"1584.6835085";"Calculated instant fuel consumption km/l.";"22.3255810626718";"km/l."
"1584.6848023";"Average speed";"42.8691588647443";"km/h"
"1584.6850631";"Distance travelled (total)";"1006.29098357017";"km"
"1584.6867885";"Fuel used";"0.00796143284085681";"l"
"1584.6871433";"Instant engine power (based on fuel consumption)";"0";"hp"
"1584.717337";"Average fuel consumption (total)";"3.8971335217218";"l/100km"
"1584.7175204";"Average fuel consumption";"10.4721017996339";"l/100km"
"1584.7176467";"Fuel used (total)";"39.216503246777";"l"
"1584.7177675";"Fuel used price";"0.0102702483647053";"€"
"1584.7368793";"Distance to empty";"0";"km"
"1584.7371875";"Average fuel consumption km/l.";"9.54918142635858";"km/l."
"1584.7373933";"Fuel used price (total)";"50.5892891883423";"€"
"1585.3101167";"Absolute pedal position D";"7";"%"
"1585.3101167";"Engine fuel rate";"0";"l/h"
"1585.3101167";"Engine RPM";"1605";"rpm"
"1585.3101167";"Vehicle speed";"48";"km/h"
"1585.3133588";"Calculated instant fuel consumption";"0";"l/100km"
"1585.3136202";"Distance travelled";"0.0845070226111111";"km"
"1585.3140319";"Vehicle acceleration";"0";"m_sec2"
"1585.3161887";"Calculated instant fuel rate";"0";"l/h"
"1585.3208087";"Average speed";"43.3345333712989";"km/h"
"1585.3210581";"Distance travelled (total)";"1006.29946542617";"km"
"1585.3220352";"Fuel used";"0.00796143284085681";"l"
"1585.3222888";"Instant engine power (based on fuel consumption)";"0";"hp"
"1585.3441313";"Average fuel consumption (total)";"3.8971006737213";"l/100km"
"1585.3446457";"Average fuel consumption";"9.42103105145966";"l/100km"
"1585.3449158";"Fuel used (total)";"39.216503246777";"l"
"1585.3453255";"Fuel used price";"0.0102702483647053";"€"
"1585.365469";"Distance to empty";"0";"km"
"1585.3660659";"Average fuel consumption km/l.";"10.6145494536404";"km/l."
"1585.3665759";"Fuel used price (total)";"50.5892891883423";"€"
"1586.0784835";"Absolute pedal position D";"13";"%"
"1586.0784835";"Engine fuel rate";"0.850000012665987";"l/h"
"1586.0784835";"Engine RPM";"1229";"rpm"
"1586.0784835";"Vehicle speed";"47";"km/h"
"1586.082778";"Calculated instant fuel consumption";"0";"l/100km"
"1586.0830504";"Distance travelled";"0.0945522790833333";"km"
"1586.083464";"Vehicle acceleration";"-0.361019953572834";"m_sec2"
"1586.0854111";"Calculated instant fuel rate";"0.850000012665987";"l/h"
"1586.0904393";"Average speed";"43.6955277284303";"km/h"
"1586.0907074";"Distance travelled (total)";"1006.30951068264";"km"
"1586.09303";"Fuel used";"0.00814347054356939";"l"
"1586.0933974";"Instant engine power (based on fuel consumption)";"2.76809870791455";"hp"
"1586.1233483";"Average fuel consumption (total)";"3.89706177179763";"l/100km"
"1586.12381";"Average fuel consumption";"8.61266446723317";"l/100km"
"1586.124063";"Fuel used (total)";"39.2166852844797";"l"
"1586.1243148";"Fuel used price";"0.0105050770012045";"€"
"1586.1264554";"Distance to empty";"0";"km"
"1586.1268389";"Average fuel consumption km/l.";"11.6108087549967";"km/l."
"1586.1272619";"Fuel used price (total)";"50.5895240169788";"€"
"1586.7278828";"Absolute pedal position D";"14";"%"
"1586.7278828";"Engine fuel rate";"1.45000002160668";"l/h"
"1586.7278828";"Engine RPM";"1234";"rpm"
"1586.7278828";"Vehicle speed";"47";"km/h"
"1586.7311749";"Calculated instant fuel consumption";"1.80851066524678";"l/100km"
"1586.7314467";"Distance travelled";"0.103017402083333";"km"
"1586.7318486";"Vehicle acceleration";"0";"m_sec2"
"1586.7338555";"Calculated instant fuel rate";"1.45000002160668";"l/h"
"1586.7373941";"Calculated instant fuel consumption km/l.";"55.2941168231123";"km/l."
"1586.738516";"Average speed";"43.9509765707864";"km/h"
"1586.7387683";"Distance travelled (total)";"1006.31797580564";"km"
"1586.7402221";"Fuel used";"0.00840414401550928";"l"
"1586.7404806";"Instant engine power (based on fuel consumption)";"4.72205073703071";"hp"
"1586.7706855";"Average fuel consumption (total)";"3.89704707928759";"l/100km"
"1586.7710584";"Average fuel consumption";"8.15798481183884";"l/100km"
"1586.7713744";"Fuel used (total)";"39.2169459579516";"l"
"1586.7716298";"Fuel used price";"0.010841345780007";"€"
"1586.787844";"Distance to empty";"0";"km"
"1586.7882293";"Average fuel consumption km/l.";"12.2579291708021";"km/l."
"1586.7886866";"Fuel used price (total)";"50.5898602857576";"€"
"1587.4952168";"Absolute pedal position D";"15";"%"
"1587.4952168";"Engine fuel rate";"1.5500000230968";"l/h"
"1587.4952168";"Engine RPM";"1231";"rpm"
"1587.4952168";"Vehicle speed";"47";"km/h"
"1587.4991154";"Calculated instant fuel consumption";"3.08510642895039";"l/100km"
"1587.4994505";"Distance travelled";"0.113044034805556";"km"
"1587.4998727";"Vehicle acceleration";"0";"m_sec2"
"1587.5018278";"Calculated instant fuel rate";"1.5500000230968";"l/h"
"1587.504696";"Calculated instant fuel consumption km/l.";"32.4137926204451";"km/l."
"1587.5057959";"Average speed";"44.2088178204678";"km/h"
"1587.5061784";"Distance travelled (total)";"1006.32800243836";"km"
"1587.5077172";"Fuel used";"0.00873459019959998";"l"
"1587.507976";"Instant engine power (based on fuel consumption)";"5.04770940855006";"hp"
"1587.5400774";"Average fuel consumption (total)";"3.89703415416523";"l/100km"
"1587.5404642";"Average fuel consumption";"7.72671482809699";"l/100km"
"1587.5407215";"Fuel used (total)";"39.2172764041357";"l"
"1587.5409809";"Fuel used price";"0.011267621357484";"€"
"1587.5644383";"Distance to empty";"0";"km"
"1587.5647346";"Average fuel consumption km/l.";"12.9421108743868";"km/l."
"1587.5649397";"Fuel used price (total)";"50.5902865613351";"€"
"1588.3852351";"Absolute pedal position D";"15";"%"
"1588.3852351";"Engine fuel rate";"1.65000002458692";"l/h"
"1588.3852351";"Engine RPM";"1234";"rpm"
"1588.3852351";"Vehicle speed";"47";"km/h"
"1588.3887666";"Calculated instant fuel consumption";"3.29787238956766";"l/100km"
"1588.3891386";"Distance travelled";"0.124659330194444";"km"
"1588.3896322";"Vehicle acceleration";"0";"m_sec2"
"1588.3915692";"Calculated instant fuel rate";"1.65000002458692";"l/h"
"1588.3938734";"Calculated instant fuel consumption km/l.";"30.3225801933196";"km/l."
"1588.3949316";"Average speed";"44.4571586974237";"km/h"
"1588.395188";"Distance travelled (total)";"1006.33961773375";"km"
"1588.3963307";"Fuel used";"0.00914186896400224";"l"
"1588.3965936";"Instant engine power (based on fuel consumption)";"5.37336808006942";"hp"
"1588.4207935";"Average fuel consumption (total)";"3.89702201056657";"l/100km"
"1588.4211512";"Average fuel consumption";"7.33348153703593";"l/100km"
"1588.4214011";"Fuel used (total)";"39.2176836829001";"l"
"1588.4223221";"Fuel used price";"0.0117930109635629";"€"
"1588.4401258";"Distance to empty";"0";"km"
"1588.440429";"Average fuel consumption km/l.";"13.6360880565356";"km/l."
"1588.4406363";"Fuel used price (total)";"50.5908119509412";"€"
"1589.0227613";"Absolute pedal position D";"16";"%"
"1589.0227613";"Engine fuel rate";"2.00000002980232";"l/h"
"1589.0227613";"Engine RPM";"1241";"rpm"
"1589.0227613";"Vehicle speed";"48";"km/h"
"1589.0260661";"Calculated instant fuel consumption";"3.43750005122274";"l/100km"
"1589.0263367";"Distance travelled";"0.133155219527778";"km"
"1589.0270705";"Vehicle acceleration";"0.435768810352891";"m_sec2"
"1589.0289933";"Calculated instant fuel rate";"2.00000002980232";"l/h"
"1589.0316812";"Calculated instant fuel consumption km/l.";"29.0909086574208";"km/l."
"1589.0328596";"Average speed";"44.6644742761199";"km/h"
"1589.0331128";"Distance travelled (total)";"1006.34811362308";"km"
"1589.0348375";"Fuel used";"0.00949659124706579";"l"
"1589.0350969";"Instant engine power (based on fuel consumption)";"6.51317343038718";"hp"
"1589.0708017";"Average fuel consumption (total)";"3.89702958171278";"l/100km"
"1589.0733646";"Average fuel consumption";"7.13197070362284";"l/100km"
"1589.07374";"Fuel used (total)";"39.2180384051832";"l"
"1589.0740063";"Fuel used price";"0.0122506027087149";"€"
"1589.1023634";"Distance to empty";"0";"km"
"1589.1027305";"Average fuel consumption km/l.";"14.0213699909343";"km/l."
"1589.1029436";"Fuel used price (total)";"50.5912695426863";"€"
"1590.0428827";"Absolute pedal position D";"16";"%"
"1590.0428827";"Engine fuel rate";"2.05000003054738";"l/h"
"1590.0428827";"Engine RPM";"1253";"rpm"
"1590.0428827";"Vehicle speed";"48";"km/h"
"1590.04618";"Calculated instant fuel consumption";"4.16666672875484";"l/100km"
"1590.0464537";"Distance travelled";"0.146756736861111";"km"
"1590.0468611";"Vehicle acceleration";"0";"m_sec2"
"1590.0487677";"Calculated instant fuel rate";"2.05000003054738";"l/h"
"1590.0517537";"Calculated instant fuel consumption km/l.";"23.9999996423721";"km/l."
"1590.0529386";"Average speed";"44.9541249621358";"km/h"
"1590.0532003";"Distance travelled (total)";"1006.36171514042";"km"
"1590.0542233";"Fuel used";"0.0100770720459934";"l"
"1590.054474";"Instant engine power (based on fuel consumption)";"6.67600276614686";"hp"
"1590.0761277";"Average fuel consumption (total)";"3.89701215926235";"l/100km"
"1590.0765005";"Average fuel consumption";"6.86651411139662";"l/100km"
"1590.0767573";"Fuel used (total)";"39.2186188859821";"l"
"1590.0770181";"Fuel used price";"0.0129994229393315";"€"
"1590.0994868";"Distance to empty";"0";"km"
"1590.0998608";"Average fuel consumption km/l.";"14.5634303487451";"km/l."
"1590.1000919";"Fuel used price (total)";"50.5920183629169";"€"
"1590.6807595";"Absolute pedal position D";"16";"%"
"1590.6807595";"Engine fuel rate";"2.05000003054738";"l/h"
"1590.6807595";"Engine RPM";"1257";"rpm"
"1590.6807595";"Vehicle speed";"49";"km/h"
"1590.6824487";"Calculated instant fuel consumption";"4.18367353172935";"l/100km"
"1590.6825535";"Distance travelled";"0.155414751027778";"km"
"1590.6827657";"Vehicle acceleration";"0.436767813356884";"m_sec2"
"1590.6840909";"Calculated instant fuel rate";"2.05000003054738";"l/h"
"1590.6851109";"Calculated instant fuel consumption km/l.";"23.9024386682161";"km/l."
"1590.685591";"Average speed";"45.1741797918991";"km/h"
"1590.6856885";"Distance travelled (total)";"1006.37037315458";"km"
"1590.6863826";"Fuel used";"0.0104370527916353";"l"
"1590.6864859";"Instant engine power (based on fuel consumption)";"6.67600276614686";"hp"
"1590.7069858";"Average fuel consumption (total)";"3.89703631308688";"l/100km"
"1590.707119";"Average fuel consumption";"6.71561272183865";"l/100km"
"1590.7072016";"Fuel used (total)";"39.2189788667278";"l"
"1590.7072874";"Fuel used price";"0.0134637981012096";"€"
"1590.7231318";"Distance to empty";"0";"km"
"1590.7234425";"Average fuel consumption km/l.";"14.8906740370551";"km/l."
"1590.7236434";"Fuel used price (total)";"50.5924827380788";"€"
"1590.9067316";"Absolute pedal position D";"16";"%"
"1590.9067316";"Engine fuel rate";"2.00000002980232";"l/h"
"1590.9067316";"Engine RPM";"1268";"rpm"
"1590.9067316";"Vehicle speed";"49";"km/h"
"1590.9090779";"Calculated instant fuel consumption";"4.18367353172935";"l/100km"
"1590.9092324";"Distance travelled";"0.158500033305556";"km"
"1590.9095181";"Vehicle acceleration";"0";"m_sec2"
"1590.910569";"Calculated instant fuel rate";"2.00000002980232";"l/h"
"1590.912198";"Calculated instant fuel consumption km/l.";"23.9024386682161";"km/l."
"1590.9129074";"Average speed";"45.2406519044955";"km/h"
"1590.9130319";"Distance travelled (total)";"1006.37345843686";"km"
"1590.9135606";"Fuel used";"0.0105632606268493";"l"
"1590.9136851";"Instant engine power (based on fuel consumption)";"6.51317343038718";"hp"
"1590.9216763";"Average fuel consumption (total)";"3.89706013587085";"l/100km"
"1590.9219355";"Average fuel consumption";"6.6645163452335";"l/100km"
"1590.9220461";"Fuel used (total)";"39.219105074563";"l"
"1590.9221445";"Fuel used price";"0.0136266062086356";"€"
"1590.9229743";"Distance to empty";"0";"km"
"1590.9231243";"Average fuel consumption km/l.";"15.0048397842884";"km/l."
"1590.9232841";"Fuel used price (total)";"50.5926455461862";"€"
"1591.0955334";"Absolute pedal position D";"16";"%"
"1591.0955334";"Engine fuel rate";"2.00000002980232";"l/h"
"1591.0955334";"Engine RPM";"1270";"rpm"
"1591.0955334";"Vehicle speed";"49";"km/h"
"1591.0975716";"Calculated instant fuel consumption";"4.08163271388229";"l/100km"
"1591.097674";"Distance travelled";"0.161064939666667";"km"
"1591.0978348";"Vehicle acceleration";"0";"m_sec2"
"1591.0986508";"Calculated instant fuel rate";"2.00000002980232";"l/h"
"1591.0998471";"Calculated instant fuel consumption km/l.";"24.4999996349216";"km/l."
"1591.1005483";"Average speed";"45.2987604815639";"km/h"
"1591.1006355";"Distance travelled (total)";"1006.37602334322";"km"
"1591.1010136";"Fuel used";"0.0106674002950678";"l"
"1591.1010986";"Instant engine power (based on fuel consumption)";"6.51317343038718";"hp"
"1591.1231184";"Average fuel consumption (total)";"3.89706274442782";"l/100km"
"1591.1232475";"Average fuel consumption";"6.62304305154466";"l/100km"
"1591.1233372";"Fuel used (total)";"39.2192092142312";"l"
"1591.1234238";"Fuel used price";"0.0137609463806374";"€"
"1591.139226";"Distance to empty";"0";"km"
"1591.1396258";"Average fuel consumption km/l.";"15.0987996336031";"km/l."
"1591.1398657";"Fuel used price (total)";"50.5927798863582";"€"
"1591.394222";"Absolute pedal position D";"13";"%"
"1591.394222";"Engine fuel rate";"1.40000002086163";"l/h"
"1591.394222";"Engine RPM";"1265";"rpm"
"1591.394222";"Vehicle speed";"49";"km/h"
"1591.3960676";"Calculated instant fuel consumption";"4.08163271388229";"l/100km"
"1591.3961657";"Distance travelled";"0.165127731111111";"km"
"1591.3963084";"Vehicle acceleration";"0";"m_sec2"
"1591.3970164";"Calculated instant fuel rate";"1.40000002086163";"l/h"
"1591.398266";"Calculated instant fuel consumption km/l.";"24.4999996349216";"km/l."
"1591.3986768";"Average speed";"45.3843364063926";"km/h"
"1591.3987692";"Distance travelled (total)";"1006.38008613467";"km"
"1591.3993324";"Fuel used";"0.0107834126190187";"l"
"1591.3994172";"Instant engine power (based on fuel consumption)";"4.55922140127102";"hp"
"1591.4077298";"Average fuel consumption (total)";"3.89705735979588";"l/100km"
"1591.4079336";"Average fuel consumption";"6.53034626374341";"l/100km"
"1591.4080216";"Fuel used (total)";"39.2193252265551";"l"
"1591.408109";"Fuel used price";"0.0139106022785341";"€"
"1591.4086708";"Distance to empty";"0";"km"
"1591.4087864";"Average fuel consumption km/l.";"15.3131236784796";"km/l."
"1591.4089293";"Fuel used price (total)";"50.5929295422561";"€"
"1591.4613664";"Absolute pedal position D";"13";"%"
"1591.4613664";"Engine fuel rate";"1.25000001862645";"l/h"
"1591.4613664";"Engine RPM";"1269";"rpm"
"1591.4613664";"Vehicle speed";"49";"km/h"
"1591.4632879";"Calculated instant fuel consumption";"2.8571428997176";"l/100km"
"1591.463376";"Distance travelled";"0.166042518916667";"km"
"1591.4635172";"Vehicle acceleration";"0";"m_sec2"
"1591.4641994";"Calculated instant fuel rate";"1.25000001862645";"l/h"
"1591.4658764";"Calculated instant fuel consumption km/l.";"34.9999994784594";"km/l."
"1591.4663819";"Average speed";"45.4010935778005";"km/h"
"1591.4664694";"Distance travelled (total)";"1006.38100092247";"km"
"1591.4668209";"Fuel used";"0.0108068454318679";"l"
"1591.4669048";"Instant engine power (based on fuel consumption)";"4.07073339399199";"hp"
"1591.4736282";"Average fuel consumption (total)";"3.89706534509354";"l/100km"
"1591.4737555";"Average fuel consumption";"6.50848078093275";"l/100km"
"1591.4738375";"Fuel used (total)";"39.219348659368";"l"
"1591.4739208";"Fuel used price";"0.0139408306071096";"€"
"1591.4904222";"Distance to empty";"0";"km"
"1591.4906652";"Average fuel consumption km/l.";"15.3645686859766";"km/l."
"1591.4908229";"Fuel used price (total)";"50.5929597705847";"€"
"1591.5205012";"Absolute pedal position D";"13";"%"
"1591.5205012";"Engine fuel rate";"1.20000001788139";"l/h"
"1591.5205012";"Engine RPM";"1270";"rpm"
"1591.5205012";"Vehicle speed";"49";"km/h"
"1591.5220717";"Calculated instant fuel consumption";"2.55102044617643";"l/100km"
"1591.522167";"Distance travelled";"0.166842698444444";"km"
"1591.5223128";"Vehicle acceleration";"0";"m_sec2"
"1591.5230917";"Calculated instant fuel rate";"1.20000001788139";"l/h"
"1591.5242825";"Calculated instant fuel consumption km/l.";"39.1999994158745";"km/l."
"1591.5246854";"Average speed";"45.4187633843987";"km/h"
"1591.5247763";"Distance travelled (total)";"1006.381801102";"km"
"1591.5251353";"Fuel used";"0.0108262830321575";"l"
"1591.5252295";"Instant engine power (based on fuel consumption)";"3.90790405823231";"hp"
"1591.5399679";"Average fuel consumption (total)";"3.89706457493789";"l/100km"
"1591.5401179";"Average fuel consumption";"6.48891628647595";"l/100km"
"1591.5402017";"Fuel used (total)";"39.2193680969683";"l"
"1591.540289";"Fuel used price";"0.0139659051114832";"€"
"1591.5605484";"Distance to empty";"0";"km"
"1591.5607948";"Average fuel consumption km/l.";"15.4108938357577";"km/l."
"1591.5609541";"Fuel used price (total)";"50.5929848450891";"€"
"1591.581591";"Absolute pedal position D";"13";"%"
"1591.581591";"Engine fuel rate";"1.20000001788139";"l/h"
"1591.581591";"Engine RPM";"1271";"rpm"
"1591.581591";"Vehicle speed";"49";"km/h"
"1591.5833618";"Calculated instant fuel consumption";"2.44897962832937";"l/100km"
"1591.5834478";"Distance travelled";"0.167676769638889";"km"
"1591.5835868";"Vehicle acceleration";"0";"m_sec2"
"1591.5842748";"Calculated instant fuel rate";"1.20000001788139";"l/h"
"1591.5854594";"Calculated instant fuel consumption km/l.";"40.8333327248693";"km/l."
"1591.5860265";"Average speed";"45.4352565303977";"km/h"
"1591.5861229";"Distance travelled (total)";"1006.3826351732";"km"
"1591.5865729";"Fuel used";"0.0108467612991293";"l"
"1591.5866743";"Instant engine power (based on fuel consumption)";"3.90790405823231";"hp"
"1591.5916423";"Average fuel consumption (total)";"3.89706327655572";"l/100km"
"1591.5917666";"Average fuel consumption";"6.46885154245819";"l/100km"
"1591.5918532";"Fuel used (total)";"39.2193885752353";"l"
"1591.5920471";"Fuel used price";"0.0139923220758768";"€"
"1591.6084199";"Distance to empty";"0";"km"
"1591.6087823";"Average fuel consumption km/l.";"15.4586945369903";"km/l."
"1591.6089377";"Fuel used price (total)";"50.5930112620535";"€"
"1591.6403466";"Absolute pedal position D";"13";"%"
"1591.6403466";"Engine fuel rate";"1.20000001788139";"l/h"
"1591.6403466";"Engine RPM";"1272";"rpm"
"1591.6403466";"Vehicle speed";"49";"km/h"
"1591.6420893";"Calculated instant fuel consumption";"2.44897962832937";"l/100km"
"1591.6421756";"Distance travelled";"0.16847609575";"km"
"1591.6423169";"Vehicle acceleration";"0";"m_sec2"
"1591.6430219";"Calculated instant fuel rate";"1.20000001788139";"l/h"
"1591.643665";"Calculated instant fuel consumption km/l.";"40.8333327248693";"km/l."
"1591.6441275";"Average speed";"45.4528551343272";"km/h"
"1591.6442134";"Distance travelled (total)";"1006.38343449931";"km"
"1591.6445562";"Fuel used";"0.0108660886327507";"l"
"1591.6446394";"Instant engine power (based on fuel consumption)";"3.90790405823231";"hp"
"1591.6568641";"Average fuel consumption (total)";"3.89706221612716";"l/100km"
"1591.6570736";"Average fuel consumption";"6.44963226645206";"l/100km"
"1591.6571605";"Fuel used (total)";"39.2194079025689";"l"
"1591.6572443";"Fuel used price";"0.0140172543362484";"€"
"1591.6597044";"Distance to empty";"0";"km"
"1591.6599267";"Average fuel consumption km/l.";"15.5047599411447";"km/l."
"1591.6600755";"Fuel used price (total)";"50.5930361943138";"€"
"1591.7001115";"Absolute pedal position D";"13";"%"
"1591.7001115";"Engine fuel rate";"1.20000001788139";"l/h"
"1591.7001115";"Engine RPM";"1271";"rpm"
"1591.7001115";"Vehicle speed";"49";"km/h"
"1591.7019841";"Calculated instant fuel consumption";"2.44897962832937";"l/100km"
"1591.7020698";"Distance travelled";"0.169291301944444";"km"
"1591.7022117";"Vehicle acceleration";"0";"m_sec2"
"1591.702995";"Calculated instant fuel rate";"1.20000001788139";"l/h"
"1591.704309";"Calculated instant fuel consumption km/l.";"40.8333327248693";"km/l."
"1591.7047062";"Average speed";"45.4663838983974";"km/h"
"1591.7047899";"Distance travelled (total)";"1006.3842497055";"km"
"1591.7051372";"Fuel used";"0.0108862816997182";"l"
"1591.7052211";"Instant engine power (based on fuel consumption)";"3.90790405823231";"hp"
"1591.7234356";"Average fuel consumption (total)";"3.897060979844";"l/100km"
"1591.7236309";"Average fuel consumption";"6.43050267478641";"l/100km"
"1591.7237173";"Fuel used (total)";"39.2194280956358";"l"
"1591.7237994";"Fuel used price";"0.0140433033926365";"€"
"1591.724186";"Distance to empty";"0";"km"
"1591.724294";"Average fuel consumption km/l.";"15.5508838200307";"km/l."
"1591.724459";"Fuel used price (total)";"50.5930622433702";"€"
"1591.7606034";"Absolute pedal position D";"13";"%"
"1591.7606034";"Engine fuel rate";"1.20000001788139";"l/h"
"1591.7606034";"Engine RPM";"1269";"rpm"
"1591.7606034";"Vehicle speed";"49";"km/h"
"1591.7623037";"Calculated instant fuel consumption";"2.44897962832937";"l/100km"
"1591.7623901";"Distance travelled";"0.170112298305556";"km"
"1591.7625426";"Vehicle acceleration";"0";"m_sec2"
"1591.7632998";"Calculated instant fuel rate";"1.20000001788139";"l/h"
"1591.7646618";"Calculated instant fuel consumption km/l.";"40.8333327248693";"km/l."
"1591.7650752";"Average speed";"45.4820449591778";"km/h"
"1591.7651578";"Distance travelled (total)";"1006.38507070186";"km"
"1591.7654972";"Fuel used";"0.010906401000018";"l"
"1591.7655794";"Instant engine power (based on fuel consumption)";"3.90790405823231";"hp"
"1591.7753238";"Average fuel consumption (total)";"3.89705980716545";"l/100km"
"1591.7754664";"Average fuel consumption";"6.41129483797107";"l/100km"
"1591.7755571";"Fuel used (total)";"39.2194482149361";"l"
"1591.7756447";"Fuel used price";"0.0140692572900233";"€"
"1591.776406";"Distance to empty";"0";"km"
"1591.7765469";"Average fuel consumption km/l.";"15.597473291627";"km/l."
"1591.7767141";"Fuel used price (total)";"50.5930881972676";"€"
"1591.8201901";"Absolute pedal position D";"13";"%"
"1591.8201901";"Engine fuel rate";"1.20000001788139";"l/h"
"1591.8201901";"Engine RPM";"1270";"rpm"
"1591.8201901";"Vehicle speed";"49";"km/h"
"1591.8217725";"Calculated instant fuel consumption";"2.44897962832937";"l/100km"
"1591.8218628";"Distance travelled";"0.170921763333333";"km"
"1591.822032";"Vehicle acceleration";"0";"m_sec2"
"1591.8227597";"Calculated instant fuel rate";"1.20000001788139";"l/h"
"1591.824234";"Calculated instant fuel consumption km/l.";"40.8333327248693";"km/l."
"1591.8247585";"Average speed";"45.496834799804";"km/h"
"1591.8248511";"Distance travelled (total)";"1006.38588016689";"km"
"1591.825232";"Fuel used";"0.0109263118336481";"l"
"1591.8253259";"Instant engine power (based on fuel consumption)";"3.90790405823231";"hp"
"1591.8404845";"Average fuel consumption (total)";"3.89705867181208";"l/100km"
"1591.8407691";"Average fuel consumption";"6.39258080455177";"l/100km"
"1591.8408589";"Fuel used (total)";"39.2194681257698";"l"
"1591.8409409";"Fuel used price";"0.014094942265406";"€"
"1591.8427973";"Distance to empty";"0";"km"
"1591.8430018";"Average fuel consumption km/l.";"15.6431342923027";"km/l."
"1591.8432222";"Fuel used price (total)";"50.593113882243";"€"
"1591.8951233";"Absolute pedal position D";"13";"%"
"1591.8951233";"Engine fuel rate";"1.25000001862645";"l/h"
"1591.8951233";"Engine RPM";"1269";"rpm"
"1591.8951233";"Vehicle speed";"49";"km/h"
"1591.8968938";"Calculated instant fuel consumption";"2.44897962832937";"l/100km"
"1591.8969869";"Distance travelled";"0.171944259944444";"km"
"1591.8971467";"Vehicle acceleration";"0";"m_sec2"
"1591.8978531";"Calculated instant fuel rate";"1.25000001862645";"l/h"
"1591.898662";"Calculated instant fuel consumption km/l.";"40.8333327248693";"km/l."
"1591.8991574";"Average speed";"45.5185729801755";"km/h"
"1591.8992403";"Distance travelled (total)";"1006.3869026635";"km"
"1591.8996481";"Fuel used";"0.010952149160422";"l"
"1591.8997391";"Instant engine power (based on fuel consumption)";"4.07073339399199";"hp"
"1591.9077673";"Average fuel consumption (total)";"3.89705669081858";"l/100km"
"1591.9079465";"Average fuel consumption";"6.3695927761477";"l/100km"
"1591.9080379";"Fuel used (total)";"39.2194939630965";"l"
"1591.9081208";"Fuel used price";"0.0141282724169443";"€"
"1591.9093266";"Distance to empty";"0";"km"
"1591.9095265";"Average fuel consumption km/l.";"15.6995907767403";"km/l."
"1591.9096761";"Fuel used price (total)";"50.5931472123945";"€"
"1591.9549568";"Absolute pedal position D";"13";"%"
"1591.9549568";"Engine fuel rate";"1.25000001862645";"l/h"
"1591.9549568";"Engine RPM";"1271";"rpm"
"1591.9549568";"Vehicle speed";"49";"km/h"
"1591.956576";"Calculated instant fuel consumption";"2.55102044617643";"l/100km"
"1591.9566802";"Distance travelled";"0.172756696277778";"km"
"1591.9568301";"Vehicle acceleration";"0";"m_sec2"
"1591.9575156";"Calculated instant fuel rate";"1.25000001862645";"l/h"
"1591.9590408";"Calculated instant fuel consumption km/l.";"39.1999994158745";"km/l."
"1591.9596698";"Average speed";"45.5310643650614";"km/h"
"1591.9597552";"Distance travelled (total)";"1006.38771509983";"km"
"1591.9601099";"Fuel used";"0.0109731425635126";"l"
"1591.9601942";"Instant engine power (based on fuel consumption)";"4.07073339399199";"hp"
"1591.9754519";"Average fuel consumption (total)";"3.89705611213726";"l/100km"
"1591.9755888";"Average fuel consumption";"6.35179000290021";"l/100km"
"1591.9756729";"Fuel used (total)";"39.2195149564996";"l"
"1591.9758887";"Fuel used price";"0.0141553539069312";"€"
"1591.9922505";"Distance to empty";"0";"km"
"1591.99247";"Average fuel consumption km/l.";"15.743593531011";"km/l."
"1591.9928024";"Fuel used price (total)";"50.5931742938845";"€"
"1592.014998";"Absolute pedal position D";"13";"%"
"1592.014998";"Engine fuel rate";"1.25000001862645";"l/h"
"1592.014998";"Engine RPM";"1270";"rpm"
"1592.014998";"Vehicle speed";"49";"km/h"
"1592.0165273";"Calculated instant fuel consumption";"2.55102044617643";"l/100km"
"1592.0166279";"Distance travelled";"0.173572600722222";"km"
"1592.0167717";"Vehicle acceleration";"0";"m_sec2"
"1592.01746";"Calculated instant fuel rate";"1.25000001862645";"l/h"
"1592.018818";"Calculated instant fuel consumption km/l.";"39.1999994158745";"km/l."
"1592.0193107";"Average speed";"45.5473832580238";"km/h"
"1592.0194152";"Distance travelled (total)";"1006.38853100428";"km"
"1592.0197764";"Fuel used";"0.0109938593693768";"l"
"1592.01986";"Instant engine power (based on fuel consumption)";"4.07073339399199";"hp"
"1592.0410394";"Average fuel consumption (total)";"3.89705503870979";"l/100km"
"1592.0412512";"Average fuel consumption";"6.3338679743417";"l/100km"
"1592.0413417";"Fuel used (total)";"39.2195356733055";"l"
"1592.0414234";"Fuel used price";"0.0141820785864961";"€"
"1592.0422595";"Distance to empty";"0";"km"
"1592.0423857";"Average fuel consumption km/l.";"15.7881408966996";"km/l."
"1592.1423934";"Fuel used price (total)";"50.5932010185641";"€"
"1592.1440314";"Absolute pedal position D";"13";"%"
"1592.1440314";"Engine fuel rate";"1.25000001862645";"l/h"
"1592.1440314";"Engine RPM";"1268";"rpm"
"1592.1440314";"Vehicle speed";"49";"km/h"
"1592.146643";"Calculated instant fuel consumption";"2.55102044617643";"l/100km"
"1592.1467311";"Distance travelled";"0.175343451194444";"km"
"1592.1468917";"Vehicle acceleration";"0";"m_sec2"
"1592.1478539";"Calculated instant fuel rate";"1.25000001862645";"l/h"
"1592.1490963";"Calculated instant fuel consumption km/l.";"39.1999994158745";"km/l."
"1592.1495717";"Average speed";"45.5791579736468";"km/h"
"1592.1496617";"Distance travelled (total)";"1006.39030185475";"km"
"1592.1500346";"Fuel used";"0.0110390868006063";"l"
"1592.1501262";"Instant engine power (based on fuel consumption)";"4.07073339399199";"hp"
"1592.1581749";"Average fuel consumption (total)";"3.89705023995412";"l/100km"
"1592.1583432";"Average fuel consumption";"6.2956938085841";"l/100km"
"1592.1584264";"Fuel used (total)";"39.2195809007367";"l"
"1592.1585208";"Fuel used price";"0.0142404219727822";"€"
"1592.1589092";"Distance to empty";"0";"km"
"1592.1590166";"Average fuel consumption km/l.";"15.8838728566582";"km/l."
"1592.1591483";"Fuel used price (total)";"50.5932593619504";"€"
"1592.2409536";"Absolute pedal position D";"13";"%"
"1592.2409536";"Engine fuel rate";"1.25000001862645";"l/h"
"1592.2409536";"Engine RPM";"1267";"rpm"
"1592.2409536";"Vehicle speed";"49";"km/h"
"1592.2451419";"Calculated instant fuel consumption";"2.55102044617643";"l/100km"
"1592.2454177";"Distance travelled";"0.176686541194444";"km"
"1592.2458505";"Vehicle acceleration";"0";"m_sec2"
"1592.2483811";"Calculated instant fuel rate";"1.25000001862645";"l/h"
"1592.2519797";"Calculated instant fuel consumption km/l.";"39.1999994158745";"km/l."
"1592.2533385";"Average speed";"45.58701721003";"km/h"
"1592.253597";"Distance travelled (total)";"1006.39164494475";"km"
"1592.2546572";"Fuel used";"0.0110754109678143";"l"
"1592.2549377";"Instant engine power (based on fuel consumption)";"4.07073339399199";"hp"
"1592.2652735";"Average fuel consumption (total)";"3.89704953312583";"l/100km"
"1592.2657193";"Average fuel consumption";"6.2683953700954";"l/100km"
"1592.2660476";"Fuel used (total)";"39.2196172249039";"l"
"1592.2663529";"Fuel used price";"0.0142872801484804";"€"
"1592.2693475";"Distance to empty";"0";"km"
"1592.269865";"Average fuel consumption km/l.";"15.9530460502012";"km/l."
"1592.2703262";"Fuel used price (total)";"50.5933062201261";"€"
"1592.3237759";"Absolute pedal position D";"13";"%"
"1592.3237759";"Engine fuel rate";"1.25000001862645";"l/h"
"1592.3237759";"Engine RPM";"1271";"rpm"
"1592.3237759";"Vehicle speed";"49";"km/h"
"1592.3273635";"Calculated instant fuel consumption";"2.55102044617643";"l/100km"
"1592.3276215";"Distance travelled";"0.177805363638889";"km"
"1592.3280508";"Vehicle acceleration";"0";"m_sec2"
"1592.3301806";"Calculated instant fuel rate";"1.25000001862645";"l/h"
"1592.3328467";"Calculated instant fuel consumption km/l.";"39.1999994158745";"km/l."
"1592.3339785";"Average speed";"45.6120568950633";"km/h"
"1592.3342283";"Distance travelled (total)";"1006.3927637672";"km"
"1592.3352354";"Fuel used";"0.0111033877043423";"l"
"1592.3354885";"Instant engine power (based on fuel consumption)";"4.07073339399199";"hp"
"1592.3479271";"Average fuel consumption (total)";"3.89704881005846";"l/100km"
"1592.3483523";"Average fuel consumption";"6.24468659274673";"l/100km"
"1592.348602";"Fuel used (total)";"39.2196452016405";"l"
"1592.3488861";"Fuel used price";"0.0143233701386015";"€"
"1592.3508352";"Distance to empty";"0";"km"
"1592.3512323";"Average fuel consumption km/l.";"16.0136138963565";"km/l."
"1592.3516574";"Fuel used price (total)";"50.5933423101162";"€"
"1592.3918025";"Absolute pedal position D";"13";"%"
"1592.3918025";"Engine fuel rate";"1.25000001862645";"l/h"
"1592.3918025";"Engine RPM";"1267";"rpm"
"1592.3918025";"Vehicle speed";"49";"km/h"
"1592.3963811";"Calculated instant fuel consumption";"2.55102044617643";"l/100km"
"1592.396638";"Distance travelled";"0.178744690916667";"km"
"1592.3970649";"Vehicle acceleration";"0";"m_sec2"
"1592.3991147";"Calculated instant fuel rate";"1.25000001862645";"l/h"
"1592.4020669";"Calculated instant fuel consumption km/l.";"39.1999994158745";"km/l."
"1592.4032387";"Average speed";"45.6278038568729";"km/h"
"1592.4034906";"Distance travelled (total)";"1006.39370309447";"km"
"1592.4045728";"Fuel used";"0.0111274612810899";"l"
"1592.4048248";"Instant engine power (based on fuel consumption)";"4.07073339399199";"hp"
"1592.4150089";"Average fuel consumption (total)";"3.89704795261013";"l/100km"
"1592.4154454";"Average fuel consumption";"6.22533806404222";"l/100km"
"1592.415699";"Fuel used (total)";"39.2196692752172";"l"
"1592.4161973";"Fuel used price";"0.0143544250526059";"€"
"1592.4175849";"Distance to empty";"0";"km"
"1592.4178022";"Average fuel consumption km/l.";"16.0633846662246";"km/l."
"1592.4180082";"Fuel used price (total)";"50.5933733650302";"€"
"1592.4885727";"Absolute pedal position D";"13";"%"
"1592.4885727";"Engine fuel rate";"1.25000001862645";"l/h"
"1592.4885727";"Engine RPM";"1270";"rpm"
"1592.4885727";"Vehicle speed";"49";"km/h"
"1592.4927136";"Calculated instant fuel consumption";"2.55102044617643";"l/100km"
"1592.4929727";"Distance travelled";"0.180055839722222";"km"
"1592.4933975";"Vehicle acceleration";"0";"m_sec2"
"1592.4954146";"Calculated instant fuel rate";"1.25000001862645";"l/h"
"1592.4980989";"Calculated instant fuel consumption km/l.";"39.1999994158745";"km/l."
"1592.4995034";"Average speed";"45.6509009559419";"km/h"
"1592.4997645";"Distance travelled (total)";"1006.39501424328";"km"
"1592.5016721";"Fuel used";"0.01116117437187";"l"
"1592.5019241";"Instant engine power (based on fuel consumption)";"4.07073339399199";"hp"
"1592.5148134";"Average fuel consumption (total)";"3.89704526752917";"l/100km"
"1592.515259";"Average fuel consumption";"6.19872945475621";"l/100km"
"1592.5155097";"Fuel used (total)";"39.219702988308";"l"
"1592.5157919";"Fuel used price";"0.0143979149397123";"€"
"1592.5170736";"Distance to empty";"0";"km"
"1592.5174066";"Average fuel consumption km/l.";"16.1323382041252";"km/l."
"1592.517812";"Fuel used price (total)";"50.5934168549173";"€"
"1592.6311819";"Absolute pedal position D";"13";"%"
"1592.6311819";"Engine fuel rate";"1.25000001862645";"l/h"
"1592.6311819";"Engine RPM";"1268";"rpm"
"1592.6311819";"Vehicle speed";"49";"km/h"
"1592.6350205";"Calculated instant fuel consumption";"2.55102044617643";"l/100km"
"1592.6352903";"Distance travelled";"0.181992862805556";"km"
"1592.6363669";"Vehicle acceleration";"0";"m_sec2"
"1592.638509";"Calculated instant fuel rate";"1.25000001862645";"l/h"
"1592.6413868";"Calculated instant fuel consumption km/l.";"39.1999994158745";"km/l."
"1592.6431035";"Average speed";"45.6800476689154";"km/h"
"1592.6437085";"Distance travelled (total)";"1006.39695126636";"km"
"1592.6448004";"Fuel used";"0.0112108693378883";"l"
"1592.6450823";"Instant engine power (based on fuel consumption)";"4.07073339399199";"hp"
"1592.6655615";"Average fuel consumption (total)";"3.89704111672411";"l/100km"
"1592.6661102";"Average fuel consumption";"6.16005988645071";"l/100km"
"1592.6663801";"Fuel used (total)";"39.219752683274";"l"
"1592.6666719";"Fuel used price";"0.0144620214458759";"€"
"1592.671039";"Distance to empty";"0";"km"
"1592.6714855";"Average fuel consumption km/l.";"16.2336084134432";"km/l."
"1592.6719298";"Fuel used price (total)";"50.5934809614235";"€"
"1592.6981689";"Absolute pedal position D";"13";"%"
"1592.6981689";"Engine fuel rate";"1.25000001862645";"l/h"
"1592.6981689";"Engine RPM";"1267";"rpm"
"1592.6981689";"Vehicle speed";"49";"km/h"
"1592.7001537";"Calculated instant fuel consumption";"2.55102044617643";"l/100km"
"1592.7002817";"Distance travelled";"0.182877474777778";"km"
"1592.7004955";"Vehicle acceleration";"0";"m_sec2"
"1592.7014826";"Calculated instant fuel rate";"1.25000001862645";"l/h"
"1592.7030573";"Calculated instant fuel consumption km/l.";"39.1999994158745";"km/l."
"1592.7036199";"Average speed";"45.7089794243295";"km/h"
"1592.7037421";"Distance travelled (total)";"1006.39783587833";"km"
"1592.7042293";"Fuel used";"0.0112315047201402";"l"
"1592.7043468";"Instant engine power (based on fuel consumption)";"4.07073339399199";"hp"
"1592.7108167";"Average fuel consumption (total)";"3.89704262917507";"l/100km"
"1592.7110733";"Average fuel consumption";"6.14154626412472";"l/100km"
"1592.7111922";"Fuel used (total)";"39.2197733186563";"l"
"1592.7113258";"Fuel used price";"0.0144886410889809";"€"
"1592.7128306";"Distance to empty";"0";"km"
"1592.7130296";"Average fuel consumption km/l.";"16.2825444439197";"km/l."
"1592.7132335";"Fuel used price (total)";"50.5935075810666";"€"
"1592.7585234";"Absolute pedal position D";"13";"%"
"1592.7585234";"Engine fuel rate";"1.25000001862645";"l/h"
"1592.7585234";"Engine RPM";"1267";"rpm"
"1592.7585234";"Vehicle speed";"49";"km/h"
"1592.7621367";"Calculated instant fuel consumption";"2.55102044617643";"l/100km"
"1592.7623934";"Distance travelled";"0.183722775138889";"km"
"1592.7632583";"Vehicle acceleration";"0";"m_sec2"
"1592.7653839";"Calculated instant fuel rate";"1.25000001862645";"l/h"
"1592.7677136";"Calculated instant fuel consumption km/l.";"39.1999994158745";"km/l."
"1592.7688";"Average speed";"45.713592315882";"km/h"
"1592.7690485";"Distance travelled (total)";"1006.3986811787";"km"
"1592.7701041";"Fuel used";"0.0112543751718699";"l"
"1592.7703552";"Instant engine power (based on fuel consumption)";"4.07073339399199";"hp"
"1592.7710047";"Average fuel consumption (total)";"3.89704140636612";"l/100km"
"1592.7713303";"Average fuel consumption";"6.12573763016695";"l/100km"
"1592.771572";"Fuel used (total)";"39.219796189108";"l"
"1592.7718479";"Fuel used price";"0.0145181439717122";"€"
"1592.7729313";"Distance to empty";"0";"km"
"1592.7732761";"Average fuel consumption km/l.";"16.3245646544732";"km/l."
"1592.7736877";"Fuel used price (total)";"50.5935370839493";"€"
"1592.8494689";"Absolute pedal position D";"13";"%"
"1592.8494689";"Engine fuel rate";"1.25000001862645";"l/h"
"1592.8494689";"Engine RPM";"1268";"rpm"
"1592.8494689";"Vehicle speed";"49";"km/h"
"1592.8529102";"Calculated instant fuel consumption";"2.55102044617643";"l/100km"
"1592.8531896";"Distance travelled";"0.184958529277778";"km"
"1592.8536221";"Vehicle acceleration";"0";"m_sec2"
"1592.8557089";"Calculated instant fuel rate";"1.25000001862645";"l/h"
"1592.8585463";"Calculated instant fuel consumption km/l.";"39.1999994158745";"km/l."
"1592.8597741";"Average speed";"45.7335273208513";"km/h"
"1592.860032";"Distance travelled (total)";"1006.39991693283";"km"
"1592.8610819";"Fuel used";"0.0112859626376184";"l"
"1592.8613403";"Instant engine power (based on fuel consumption)";"4.07073339399199";"hp"
"1592.8829071";"Average fuel consumption (total)";"3.89703889370705";"l/100km"
"1592.8834093";"Average fuel consumption";"6.10188818092768";"l/100km"
"1592.8836703";"Fuel used (total)";"39.2198277765737";"l"
"1592.8839627";"Fuel used price";"0.0145588918025277";"€"
"1592.8860511";"Distance to empty";"0";"km"
"1592.8864523";"Average fuel consumption km/l.";"16.3883698020826";"km/l."
"1592.8869132";"Fuel used price (total)";"50.5935778317801";"€"
"1592.9169627";"Absolute pedal position D";"14";"%"
"1592.9169627";"Engine fuel rate";"1.25000001862645";"l/h"
"1592.9169627";"Engine RPM";"1266";"rpm"
"1592.9169627";"Vehicle speed";"49";"km/h"
"1592.9189756";"Calculated instant fuel consumption";"2.55102044617643";"l/100km"
"1592.9191017";"Distance travelled";"0.185855682527778";"km"
"1592.9194235";"Vehicle acceleration";"0";"m_sec2"
"1592.9204347";"Calculated instant fuel rate";"1.25000001862645";"l/h"
"1592.9219908";"Calculated instant fuel consumption km/l.";"39.1999994158745";"km/l."
"1592.9226268";"Average speed";"45.7577420346479";"km/h"
"1592.9227556";"Distance travelled (total)";"1006.40081408608";"km"
"1592.923545";"Fuel used";"0.0113076512143305";"l"
"1592.9236685";"Instant engine power (based on fuel consumption)";"4.07073339399199";"hp"
"1592.9515261";"Average fuel consumption (total)";"3.89703855835902";"l/100km"
"1592.9518905";"Average fuel consumption";"6.08410303120026";"l/100km"
"1592.9520809";"Fuel used (total)";"39.2198494651505";"l"
"1592.9522683";"Fuel used price";"0.0145868700664863";"€"
"1592.9539556";"Distance to empty";"0";"km"
"1592.9542637";"Average fuel consumption km/l.";"16.4362765533693";"km/l."
"1592.9545484";"Fuel used price (total)";"50.5936058100441";"€"
"1593.0070293";"Absolute pedal position D";"14";"%"
"1593.0070293";"Engine fuel rate";"1.25000001862645";"l/h"
"1593.0070293";"Engine RPM";"1267";"rpm"
"1593.0070293";"Vehicle speed";"49";"km/h"
"1593.0094413";"Calculated instant fuel consumption";"2.55102044617643";"l/100km"
"1593.0096077";"Distance travelled";"0.187087519388889";"km"
"1593.0098957";"Vehicle acceleration";"0";"m_sec2"
"1593.0112718";"Calculated instant fuel rate";"1.25000001862645";"l/h"
"1593.0132565";"Calculated instant fuel consumption km/l.";"39.1999994158745";"km/l."
"1593.0139882";"Average speed";"45.7749460261915";"km/h"
"1593.0141457";"Distance travelled (total)";"1006.40204592295";"km"
"1593.0147915";"Fuel used";"0.0113393326731359";"l"
"1593.0149496";"Instant engine power (based on fuel consumption)";"4.07073339399199";"hp"
"1593.0323637";"Average fuel consumption (total)";"3.89703594344176";"l/100km"
"1593.0329113";"Average fuel consumption";"6.06097761634512";"l/100km"
"1593.0331687";"Fuel used (total)";"39.2198811466093";"l"
"1593.0334493";"Fuel used price";"0.0146277391483453";"€"
"1593.0345525";"Distance to empty";"0";"km"
"1593.0349194";"Average fuel consumption km/l.";"16.498988501512";"km/l."
"1593.0353284";"Fuel used price (total)";"50.5936466791259";"€"
"1593.0904824";"Absolute pedal position D";"14";"%"
"1593.0904824";"Engine fuel rate";"1.30000001937151";"l/h"
"1593.0904824";"Engine RPM";"1265";"rpm"
"1593.0904824";"Vehicle speed";"49";"km/h"
"1593.0942041";"Calculated instant fuel consumption";"2.55102044617643";"l/100km"
"1593.0944721";"Distance travelled";"0.188242517444444";"km"
"1593.0949031";"Vehicle acceleration";"0";"m_sec2"
"1593.0972608";"Calculated instant fuel rate";"1.30000001937151";"l/h"
"1593.10074";"Calculated instant fuel consumption km/l.";"39.1999994158745";"km/l."
"1593.102109";"Average speed";"45.7834986658278";"km/h"
"1593.1023658";"Distance travelled (total)";"1006.403200921";"km"
"1593.1035145";"Fuel used";"0.0113713686097244";"l"
"1593.103784";"Instant engine power (based on fuel consumption)";"4.23356272975167";"hp"
"1593.1172398";"Average fuel consumption (total)";"3.89703461899938";"l/100km"
"1593.117529";"Average fuel consumption";"6.04080776442037";"l/100km"
"1593.1176504";"Fuel used (total)";"39.2199131825458";"l"
"1593.1177882";"Fuel used price";"0.0146690655065444";"€"
"1593.1189814";"Distance to empty";"0";"km"
"1593.1191458";"Average fuel consumption km/l.";"16.5540775174121";"km/l."
"1593.1193907";"Fuel used price (total)";"50.5936880054841";"€"
"1593.1635879";"Absolute pedal position D";"14";"%"
"1593.1635879";"Engine fuel rate";"1.30000001937151";"l/h"
"1593.1635879";"Engine RPM";"1268";"rpm"
"1593.1635879";"Vehicle speed";"49";"km/h"
"1593.167979";"Calculated instant fuel consumption";"2.65306126402349";"l/100km"
"1593.1682371";"Distance travelled";"0.189246464833333";"km"
"1593.1686699";"Vehicle acceleration";"0";"m_sec2"
"1593.1708336";"Calculated instant fuel rate";"1.30000001937151";"l/h"
"1593.172345";"Calculated instant fuel consumption km/l.";"37.6923071306485";"km/l."
"1593.1736951";"Average speed";"45.8060939581017";"km/h"
"1593.1739477";"Distance travelled (total)";"1006.40420486839";"km"
"1593.1750688";"Fuel used";"0.0113972057851094";"l"
"1593.1753378";"Instant engine power (based on fuel consumption)";"4.23356272975167";"hp"
"1593.1862351";"Average fuel consumption (total)";"3.89703391468587";"l/100km"
"1593.1895101";"Average fuel consumption";"6.0224141017095";"l/100km"
"1593.1899111";"Fuel used (total)";"39.2199390197212";"l"
"1593.1902062";"Fuel used price";"0.0147023954627911";"€"
"1593.2016026";"Distance to empty";"0";"km"
"1593.2019071";"Average fuel consumption km/l.";"16.6046369962528";"km/l."
"1593.2025055";"Fuel used price (total)";"50.5937213354404";"€"
"1593.2306701";"Absolute pedal position D";"14";"%"
"1593.2306701";"Engine fuel rate";"1.35000002011657";"l/h"
"1593.2306701";"Engine RPM";"1264";"rpm"
"1593.2306701";"Vehicle speed";"49";"km/h"
"1593.2327598";"Calculated instant fuel consumption";"2.65306126402349";"l/100km"
"1593.2328927";"Distance travelled";"0.190126503472222";"km"
"1593.2331119";"Vehicle acceleration";"0";"m_sec2"
"1593.23413";"Calculated instant fuel rate";"1.35000002011657";"l/h"
"1593.2360849";"Calculated instant fuel consumption km/l.";"37.6923071306485";"km/l."
"1593.2367202";"Average speed";"45.8247647603684";"km/h"
"1593.2368441";"Distance travelled (total)";"1006.40508490703";"km"
"1593.237353";"Fuel used";"0.0114205624354574";"l"
"1593.2374788";"Instant engine power (based on fuel consumption)";"4.39639206551135";"hp"
"1593.2465017";"Average fuel consumption (total)";"3.89703307424608";"l/100km"
"1593.246694";"Average fuel consumption";"6.00682294519027";"l/100km"
"1593.2469501";"Fuel used (total)";"39.2199623763716";"l"
"1593.2470867";"Fuel used price";"0.0147325255417401";"€"
"1593.2480938";"Distance to empty";"0";"km"
"1593.2482722";"Average fuel consumption km/l.";"16.6477355687787";"km/l."
"1593.2484805";"Fuel used price (total)";"50.5937514655193";"€"
"1593.3138211";"Absolute pedal position D";"14";"%"
"1593.3138211";"Engine fuel rate";"1.35000002011657";"l/h"
"1593.3138211";"Engine RPM";"1266";"rpm"
"1593.3138211";"Vehicle speed";"49";"km/h"
"1593.3175274";"Calculated instant fuel consumption";"2.75510208187055";"l/100km"
"1593.3179477";"Distance travelled";"0.191284078111111";"km"
"1593.3184035";"Vehicle acceleration";"0";"m_sec2"
"1593.3206838";"Calculated instant fuel rate";"1.35000002011657";"l/h"
"1593.3235578";"Calculated instant fuel consumption km/l.";"36.2962957554393";"km/l."
"1593.3247627";"Average speed";"45.833830162965";"km/h"
"1593.325035";"Distance travelled (total)";"1006.40624248167";"km"
"1593.3262301";"Fuel used";"0.011453887860954";"l"
"1593.3265031";"Instant engine power (based on fuel consumption)";"4.39639206551135";"hp"
"1593.3527174";"Average fuel consumption (total)";"3.89703091265215";"l/100km"
"1593.353108";"Average fuel consumption";"5.98789401295637";"l/100km"
"1593.3534094";"Fuel used (total)";"39.2199957017971";"l"
"1593.3536968";"Fuel used price";"0.0147755153406307";"€"
"1593.3818594";"Distance to empty";"0";"km"
"1593.3821497";"Average fuel consumption km/l.";"16.7003623951299";"km/l."
"1593.3823556";"Fuel used price (total)";"50.5937944553182";"€"
"1593.4045858";"Absolute pedal position D";"14";"%"
"1593.4045858";"Engine fuel rate";"1.35000002011657";"l/h"
"1593.4045858";"Engine RPM";"1263";"rpm"
"1593.4045858";"Vehicle speed";"49";"km/h"
"1593.4066685";"Calculated instant fuel consumption";"2.75510208187055";"l/100km"
"1593.4067953";"Distance travelled";"0.192493395388889";"km"
"1593.4070129";"Vehicle acceleration";"0";"m_sec2"
"1593.4080548";"Calculated instant fuel rate";"1.35000002011657";"l/h"
"1593.40969";"Calculated instant fuel consumption km/l.";"36.2962957554393";"km/l."
"1593.4104092";"Average speed";"45.8619259426918";"km/h"
"1593.4105349";"Distance travelled (total)";"1006.40745179895";"km"
"1593.411112";"Fuel used";"0.0114857181614283";"l"
"1593.4113624";"Instant engine power (based on fuel consumption)";"4.39639206551135";"hp"
"1593.4306052";"Average fuel consumption (total)";"3.89702954123518";"l/100km"
"1593.4308714";"Average fuel consumption";"5.96681155642979";"l/100km"
"1593.4309903";"Fuel used (total)";"39.2200275320976";"l"
"1593.4311266";"Fuel used price";"0.0148165764282425";"€"
"1593.4317025";"Distance to empty";"0";"km"
"1593.4318585";"Average fuel consumption km/l.";"16.759369565181";"km/l."
"1593.4320516";"Fuel used price (total)";"50.5938355164058";"€"
"1593.4858618";"Absolute pedal position D";"14";"%"
"1593.4858618";"Engine fuel rate";"1.35000002011657";"l/h"
"1593.4858618";"Engine RPM";"1266";"rpm"
"1593.4858618";"Vehicle speed";"49";"km/h"
"1593.4883879";"Calculated instant fuel consumption";"2.75510208187055";"l/100km"
"1593.4885157";"Distance travelled";"0.193605666805556";"km"
"1593.4887337";"Vehicle acceleration";"0";"m_sec2"
"1593.4899291";"Calculated instant fuel rate";"1.35000002011657";"l/h"
"1593.491682";"Calculated instant fuel consumption km/l.";"36.2962957554393";"km/l."
"1593.4923854";"Average speed";"45.8780234599295";"km/h"
"1593.4925108";"Distance travelled (total)";"1006.40856407036";"km"
"1593.4931469";"Fuel used";"0.0115164802743867";"l"
"1593.4933091";"Instant engine power (based on fuel consumption)";"4.39639206551135";"hp"
"1593.5130306";"Average fuel consumption (total)";"3.89702839704328";"l/100km"
"1593.5132789";"Average fuel consumption";"5.94842106866277";"l/100km"
"1593.5133847";"Fuel used (total)";"39.2200582942105";"l"
"1593.5135114";"Fuel used price";"0.0148562595539589";"€"
"1593.5144452";"Distance to empty";"0";"km"
"1593.5146309";"Average fuel consumption km/l.";"16.8111838159568";"km/l."
"1593.5148609";"Fuel used price (total)";"50.5938751995315";"€"
"1593.5530103";"Absolute pedal position D";"14";"%"
"1593.5530103";"Engine fuel rate";"1.35000002011657";"l/h"
"1593.5530103";"Engine RPM";"1266";"rpm"
"1593.5530103";"Vehicle speed";"49";"km/h"
"1593.5546606";"Calculated instant fuel consumption";"2.75510208187055";"l/100km"
"1593.55477";"Distance travelled";"0.194507432861111";"km"
"1593.5549616";"Vehicle acceleration";"0";"m_sec2"
"1593.5558354";"Calculated instant fuel rate";"1.35000002011657";"l/h"
"1593.5564532";"Calculated instant fuel consumption km/l.";"36.2962957554393";"km/l."
"1593.55706";"Average speed";"45.896257205591";"km/h"
"1593.5571588";"Distance travelled (total)";"1006.40946583642";"km"
"1593.5575641";"Fuel used";"0.0115406364997467";"l"
"1593.5576636";"Instant engine power (based on fuel consumption)";"4.39639206551135";"hp"
"1593.5581366";"Average fuel consumption (total)";"3.8970279618361";"l/100km"
"1593.5582928";"Average fuel consumption";"5.93326246199923";"l/100km"
"1593.5584319";"Fuel used (total)";"39.2200824504359";"l"
"1593.5585456";"Fuel used price";"0.0148874210846732";"€"
"1593.5590908";"Distance to empty";"0";"km"
"1593.559224";"Average fuel consumption km/l.";"16.8541339002733";"km/l."
"1593.5594239";"Fuel used price (total)";"50.5939063610623";"€"
"1593.6286113";"Absolute pedal position D";"14";"%"
"1593.6286113";"Engine fuel rate";"1.35000002011657";"l/h"
"1593.6286113";"Engine RPM";"1268";"rpm"
"1593.6286113";"Vehicle speed";"49";"km/h"
"1593.6323014";"Calculated instant fuel consumption";"2.75510208187055";"l/100km"
"1593.6325611";"Distance travelled";"0.195566130944444";"km"
"1593.6330942";"Vehicle acceleration";"0";"m_sec2"
"1593.6352289";"Calculated instant fuel rate";"1.35000002011657";"l/h"
"1593.6376911";"Calculated instant fuel consumption km/l.";"36.2962957554393";"km/l."
"1593.6388364";"Average speed";"45.9003174252566";"km/h"
"1593.6390847";"Distance travelled (total)";"1006.4105245345";"km"
"1593.6402154";"Fuel used";"0.0115716272127085";"l"
"1593.6404668";"Instant engine power (based on fuel consumption)";"4.39639206551135";"hp"
"1593.6523441";"Average fuel consumption (total)";"3.89702626257575";"l/100km"
"1593.6528833";"Average fuel consumption";"5.91698938708138";"l/100km"
"1593.6531377";"Fuel used (total)";"39.2201134411488";"l"
"1593.6534233";"Fuel used price";"0.0149273991043939";"€"
"1593.6546373";"Distance to empty";"0";"km"
"1593.6550829";"Average fuel consumption km/l.";"16.9004866255686";"km/l."
"1593.6555516";"Fuel used price (total)";"50.593946339082";"€"
"1593.7268982";"Absolute pedal position D";"14";"%"
"1593.7268982";"Engine fuel rate";"1.35000002011657";"l/h"
"1593.7268982";"Engine RPM";"1264";"rpm"
"1593.7268982";"Vehicle speed";"49";"km/h"
"1593.7304251";"Calculated instant fuel consumption";"2.75510208187055";"l/100km"
"1593.7306965";"Distance travelled";"0.196901805611111";"km"
"1593.7311289";"Vehicle acceleration";"0";"m_sec2"
"1593.7333088";"Calculated instant fuel rate";"1.35000002011657";"l/h"
"1593.7363419";"Calculated instant fuel consumption km/l.";"36.2962957554393";"km/l."
"1593.7375849";"Average speed";"45.9181816167788";"km/h"
"1593.7378372";"Distance travelled (total)";"1006.41186020917";"km"
"1593.7388621";"Fuel used";"0.0116086180007597";"l"
"1593.7391159";"Instant engine power (based on fuel consumption)";"4.39639206551135";"hp"
"1593.7515255";"Average fuel consumption (total)";"3.8970241699057";"l/100km"
"1593.7519922";"Average fuel consumption";"5.89563816580085";"l/100km"
"1593.7522457";"Fuel used (total)";"39.2201504319369";"l"
"1593.7525354";"Fuel used price";"0.01497511722098";"€"
"1593.7546924";"Distance to empty";"0";"km"
"1593.7550976";"Average fuel consumption km/l.";"16.9616922185075";"km/l."
"1593.7555193";"Fuel used price (total)";"50.5939940571986";"€"
"1593.8015225";"Absolute pedal position D";"14";"%"
"1593.8015225";"Engine fuel rate";"1.35000002011657";"l/h"
"1593.8015225";"Engine RPM";"1266";"rpm"
"1593.8015225";"Vehicle speed";"49";"km/h"
"1593.8051197";"Calculated instant fuel consumption";"2.75510208187055";"l/100km"
"1593.8053859";"Distance travelled";"0.19791833375";"km"
"1593.8058166";"Vehicle acceleration";"0";"m_sec2"
"1593.8080095";"Calculated instant fuel rate";"1.35000002011657";"l/h"
"1593.8108688";"Calculated instant fuel consumption km/l.";"36.2962957554393";"km/l."
"1593.8120811";"Average speed";"45.933590032785";"km/h"
"1593.8123305";"Distance travelled (total)";"1006.41287673731";"km"
"1593.8134299";"Fuel used";"0.0116365784511763";"l"
"1593.8136827";"Instant engine power (based on fuel consumption)";"4.39639206551135";"hp"
"1593.8371002";"Average fuel consumption (total)";"3.89702390922152";"l/100km"
"1593.8375771";"Average fuel consumption";"5.87948485150194";"l/100km"
"1593.8378771";"Fuel used (total)";"39.2201783923873";"l"
"1593.8381673";"Fuel used price";"0.0150111862020174";"€"
"1593.8405778";"Distance to empty";"0";"km"
"1593.8410554";"Average fuel consumption km/l.";"17.0082928225344";"km/l."
"1593.8414785";"Fuel used price (total)";"50.5940301261796";"€"
"1593.8690181";"Absolute pedal position D";"14";"%"
"1593.8690181";"Engine fuel rate";"1.35000002011657";"l/h"
"1593.8690181";"Engine RPM";"1267";"rpm"
"1593.8690181";"Vehicle speed";"49";"km/h"
"1593.8727545";"Calculated instant fuel consumption";"2.75510208187055";"l/100km"
"1593.8730304";"Distance travelled";"0.198838977055556";"km"
"1593.8735375";"Vehicle acceleration";"0";"m_sec2"
"1593.8762707";"Calculated instant fuel rate";"1.35000002011657";"l/h"
"1593.8796469";"Calculated instant fuel consumption km/l.";"36.2962957554393";"km/l."
"1593.8808366";"Average speed";"45.9436035103819";"km/h"
"1593.8810865";"Distance travelled (total)";"1006.41379738061";"km"
"1593.8820998";"Fuel used";"0.01166232771406";"l"
"1593.8823492";"Instant engine power (based on fuel consumption)";"4.39639206551135";"hp"
"1593.9033655";"Average fuel consumption (total)";"3.89702312254318";"l/100km"
"1593.9038927";"Average fuel consumption";"5.86521208605974";"l/100km"
"1593.9041667";"Fuel used (total)";"39.2202041416502";"l"
"1593.9044793";"Fuel used price";"0.0150444027511374";"€"
"1593.9070738";"Distance to empty";"0";"km"
"1593.907568";"Average fuel consumption km/l.";"17.0496818414592";"km/l."
"1593.9083813";"Fuel used price (total)";"50.5940633427287";"€"
"1593.9356951";"Absolute pedal position D";"14";"%"
"1593.9356951";"Engine fuel rate";"1.35000002011657";"l/h"
"1593.9356951";"Engine RPM";"1268";"rpm"
"1593.9356951";"Vehicle speed";"49";"km/h"
"1593.9377842";"Calculated instant fuel consumption";"2.75510208187055";"l/100km"
"1593.9379061";"Distance travelled";"0.199722012861111";"km"
"1593.9381403";"Vehicle acceleration";"0";"m_sec2"
"1593.9393309";"Calculated instant fuel rate";"1.35000002011657";"l/h"
"1593.9412439";"Calculated instant fuel consumption km/l.";"36.2962957554393";"km/l."
"1593.9422721";"Average speed";"45.9661817879367";"km/h"
"1593.9424018";"Distance travelled (total)";"1006.41468041642";"km"
"1593.9430074";"Fuel used";"0.0116851680644004";"l"
"1593.9431548";"Instant engine power (based on fuel consumption)";"4.39639206551135";"hp"
"1593.9483959";"Average fuel consumption (total)";"3.89702226178004";"l/100km"
"1593.9486459";"Average fuel consumption";"5.85071615141709";"l/100km"
"1593.948767";"Fuel used (total)";"39.2202269820005";"l"
"1593.9501059";"Fuel used price";"0.0150738668030765";"€"
"1593.9509182";"Distance to empty";"0";"km"
"1593.9510943";"Average fuel consumption km/l.";"17.0919247169048";"km/l."
"1593.9512989";"Fuel used price (total)";"50.5940928067807";"€"
"1594.0048436";"Absolute pedal position D";"14";"%"
"1594.0048436";"Engine fuel rate";"1.35000002011657";"l/h"
"1594.0048436";"Engine RPM";"1266";"rpm"
"1594.0048436";"Vehicle speed";"49";"km/h"
"1594.0085086";"Calculated instant fuel consumption";"2.75510208187055";"l/100km"
"1594.008766";"Distance travelled";"0.200686381861111";"km"
"1594.0093714";"Vehicle acceleration";"0";"m_sec2"
"1594.0116354";"Calculated instant fuel rate";"1.35000002011657";"l/h"
"1594.0149296";"Calculated instant fuel consumption km/l.";"36.2962957554393";"km/l."
"1594.0162217";"Average speed";"45.9709869549777";"km/h"
"1594.0164883";"Distance travelled (total)";"1006.41564478542";"km"
"1594.0175521";"Fuel used";"0.0117131192898169";"l"
"1594.0178247";"Instant engine power (based on fuel consumption)";"4.39639206551135";"hp"
"1594.0361677";"Average fuel consumption (total)";"3.89702079704483";"l/100km"
"1594.0366235";"Average fuel consumption";"5.83652920601416";"l/100km"
"1594.0368803";"Fuel used (total)";"39.2202549332259";"l"
"1594.0371685";"Fuel used price";"0.0151099238838637";"€"
"1594.0401403";"Distance to empty";"0";"km"
"1594.0405824";"Average fuel consumption km/l.";"17.133470333183";"km/l."
"1594.0410026";"Fuel used price (total)";"50.5941288638614";"€"
"1594.0707576";"Absolute pedal position D";"14";"%"
"1594.0707576";"Engine fuel rate";"1.35000002011657";"l/h"
"1594.0707576";"Engine RPM";"1271";"rpm"
"1594.0707576";"Vehicle speed";"49";"km/h"
"1594.0729686";"Calculated instant fuel consumption";"2.75510208187055";"l/100km"
"1594.0730939";"Distance travelled";"0.201561950611111";"km"
"1594.0733172";"Vehicle acceleration";"0";"m_sec2"
"1594.0743524";"Calculated instant fuel rate";"1.35000002011657";"l/h"
"1594.0764161";"Calculated instant fuel consumption km/l.";"36.2962957554393";"km/l."
"1594.0770808";"Average speed";"45.9932575491265";"km/h"
"1594.0772043";"Distance travelled (total)";"1006.41652035417";"km"
"1594.0778221";"Fuel used";"0.0117357203526536";"l"
"1594.0779575";"Instant engine power (based on fuel consumption)";"4.39639206551135";"hp"
"1594.1006196";"Average fuel consumption (total)";"3.89702018399141";"l/100km"
"1594.1012808";"Average fuel consumption";"5.82238875793391";"l/100km"
"1594.1015525";"Fuel used (total)";"39.2202775342888";"l"
"1594.1018462";"Fuel used price";"0.0151390792549232";"€"
"1594.1038404";"Distance to empty";"0";"km"
"1594.104301";"Average fuel consumption km/l.";"17.1750812523012";"km/l."
"1594.1047727";"Fuel used price (total)";"50.5941580192325";"€"
"1594.1409765";"Absolute pedal position D";"14";"%"
"1594.1409765";"Engine fuel rate";"1.40000002086163";"l/h"
"1594.1409765";"Engine RPM";"1268";"rpm"
"1594.1409765";"Vehicle speed";"49";"km/h"
"1594.1447827";"Calculated instant fuel consumption";"2.75510208187055";"l/100km"
"1594.1450442";"Distance travelled";"0.202541176138889";"km"
"1594.1454916";"Vehicle acceleration";"0";"m_sec2"
"1594.1477346";"Calculated instant fuel rate";"1.40000002086163";"l/h"
"1594.1504912";"Calculated instant fuel consumption km/l.";"36.2962957554393";"km/l."
"1594.1516364";"Average speed";"45.9995257208092";"km/h"
"1594.1518961";"Distance travelled (total)";"1006.4174995797";"km"
"1594.1529947";"Fuel used";"0.0117649509142003";"l"
"1594.1532679";"Instant engine power (based on fuel consumption)";"4.55922140127102";"hp"
"1594.1694431";"Average fuel consumption (total)";"3.89701863795772";"l/100km"
"1594.1698916";"Average fuel consumption";"5.80867117416792";"l/100km"
"1594.1701483";"Fuel used (total)";"39.2203067648503";"l"
"1594.170438";"Fuel used price";"0.0151767866793184";"€"
"1594.1746514";"Distance to empty";"0";"km"
"1594.1750269";"Average fuel consumption km/l.";"17.21564140947";"km/l."
"1594.1754314";"Fuel used price (total)";"50.5941957266569";"€"
"1594.2061378";"Absolute pedal position D";"14";"%"
"1594.2061378";"Engine fuel rate";"1.40000002086163";"l/h"
"1594.2061378";"Engine RPM";"1265";"rpm"
"1594.2061378";"Vehicle speed";"49";"km/h"
"1594.2098694";"Calculated instant fuel consumption";"2.8571428997176";"l/100km"
"1594.2101403";"Distance travelled";"0.203427124722222";"km"
"1594.210575";"Vehicle acceleration";"0";"m_sec2"
"1594.2128221";"Calculated instant fuel rate";"1.40000002086163";"l/h"
"1594.2153018";"Calculated instant fuel consumption km/l.";"34.9999994784594";"km/l."
"1594.2166259";"Average speed";"46.0120595913186";"km/h"
"1594.2168756";"Distance travelled (total)";"1006.41838552828";"km"
"1594.2178803";"Fuel used";"0.011790182181243";"l"
"1594.2181483";"Instant engine power (based on fuel consumption)";"4.55922140127102";"hp"
"1594.2378362";"Average fuel consumption (total)";"3.89701811183261";"l/100km"
"1594.2382048";"Average fuel consumption";"5.7957768401546";"l/100km"
"1594.2399378";"Fuel used (total)";"39.2203319961174";"l"
"1594.2402361";"Fuel used price";"0.0152093350138034";"€"
"1594.2549961";"Distance to empty";"0";"km"
"1594.2554973";"Average fuel consumption km/l.";"17.2539424408433";"km/l."
"1594.2560036";"Fuel used price (total)";"50.5942282749914";"€"
"1594.2978826";"Absolute pedal position D";"14";"%"
"1594.2978826";"Engine fuel rate";"1.40000002086163";"l/h"
"1594.2978826";"Engine RPM";"1268";"rpm"
"1594.2978826";"Vehicle speed";"49";"km/h"
"1594.3020346";"Calculated instant fuel consumption";"2.8571428997176";"l/100km"
"1594.3023001";"Distance travelled";"0.2046814485";"km"
"1594.302813";"Vehicle acceleration";"0";"m_sec2"
"1594.3049692";"Calculated instant fuel rate";"1.40000002086163";"l/h"
"1594.3067966";"Calculated instant fuel consumption km/l.";"34.9999994784594";"km/l."
"1594.3079043";"Average speed";"46.0317744111179";"km/h"
"1594.308154";"Distance travelled (total)";"1006.41963985206";"km"
"1594.3102515";"Fuel used";"0.0118261014373338";"l"
"1594.3105621";"Instant engine power (based on fuel consumption)";"4.55922140127102";"hp"
"1594.3186537";"Average fuel consumption (total)";"3.89701576192241";"l/100km"
"1594.3188996";"Average fuel consumption";"5.77780816190274";"l/100km"
"1594.319019";"Fuel used (total)";"39.2203679153735";"l"
"1594.3191571";"Fuel used price";"0.0152556708541605";"€"
"1594.3202718";"Distance to empty";"0";"km"
"1594.3205953";"Average fuel consumption km/l.";"17.3076012906368";"km/l."
"1594.3208352";"Fuel used price (total)";"50.5942746108317";"€"
"1594.3701526";"Absolute pedal position D";"14";"%"
"1594.3701526";"Engine fuel rate";"1.40000002086163";"l/h"
"1594.3701526";"Engine RPM";"1265";"rpm"
"1594.3701526";"Vehicle speed";"49";"km/h"
"1594.372277";"Calculated instant fuel consumption";"2.8571428997176";"l/100km"
"1594.3724041";"Distance travelled";"0.20563563775";"km"
"1594.3727022";"Vehicle acceleration";"0";"m_sec2"
"1594.3737531";"Calculated instant fuel rate";"1.40000002086163";"l/h"
"1594.3756394";"Calculated instant fuel consumption km/l.";"34.9999994784594";"km/l."
"1594.3766483";"Average speed";"46.0486198445009";"km/h"
"1594.3769045";"Distance travelled (total)";"1006.42059404131";"km"
"1594.3779606";"Fuel used";"0.0118524310043928";"l"
"1594.3782415";"Instant engine power (based on fuel consumption)";"4.55922140127102";"hp"
"1594.3879537";"Average fuel consumption (total)";"3.89701563616491";"l/100km"
"1594.3884248";"Average fuel consumption";"5.76380200148102";"l/100km"
"1594.3886808";"Fuel used (total)";"39.2203942449405";"l"
"1594.3889736";"Fuel used price";"0.0152896359956667";"€"
"1594.3902151";"Distance to empty";"0";"km"
"1594.3905603";"Average fuel consumption km/l.";"17.349659126789";"km/l."
"1594.3909607";"Fuel used price (total)";"50.5943085759733";"€"
"1594.462084";"Absolute pedal position D";"14";"%"
"1594.462084";"Engine fuel rate";"1.40000002086163";"l/h"
"1594.462084";"Engine RPM";"1266";"rpm"
"1594.462084";"Vehicle speed";"49";"km/h"
"1594.4667527";"Calculated instant fuel consumption";"2.8571428997176";"l/100km"
"1594.4670259";"Distance travelled";"0.206923432611111";"km"
"1594.4675574";"Vehicle acceleration";"0";"m_sec2"
"1594.4704193";"Calculated instant fuel rate";"1.40000002086163";"l/h"
"1594.4739161";"Calculated instant fuel consumption km/l.";"34.9999994784594";"km/l."
"1594.4750866";"Average speed";"46.0550099430189";"km/h"
"1594.4753449";"Distance travelled (total)";"1006.42188183617";"km"
"1594.4764861";"Fuel used";"0.0118907440660748";"l"
"1594.4767582";"Instant engine power (based on fuel consumption)";"4.55922140127102";"hp"
"1594.4882991";"Average fuel consumption (total)";"3.89701326578719";"l/100km"
"1594.4887535";"Average fuel consumption";"5.74644636232286";"l/100km"
"1594.4890064";"Fuel used (total)";"39.2204325580022";"l"
"1594.4894207";"Fuel used price";"0.0153390598452365";"€"
"1594.4908861";"Distance to empty";"0";"km"
"1594.491283";"Average fuel consumption km/l.";"17.4020592371069";"km/l."
"1594.4916963";"Fuel used price (total)";"50.5943579998228";"€"
"1594.5302296";"Absolute pedal position D";"14";"%"
"1594.5302296";"Engine fuel rate";"1.40000002086163";"l/h"
"1594.5302296";"Engine RPM";"1265";"rpm"
"1594.5302296";"Vehicle speed";"49";"km/h"
"1594.5338284";"Calculated instant fuel consumption";"2.8571428997176";"l/100km"
"1594.5340852";"Distance travelled";"0.207836118861111";"km"
"1594.53452";"Vehicle acceleration";"0";"m_sec2"
"1594.5368294";"Calculated instant fuel rate";"1.40000002086163";"l/h"
"1594.5400084";"Calculated instant fuel consumption km/l.";"34.9999994784594";"km/l."
"1594.5420802";"Average speed";"46.0699070929835";"km/h"
"1594.5423715";"Distance travelled (total)";"1006.42279452242";"km"
"1594.5439453";"Fuel used";"0.0119169758275768";"l"
"1594.5442461";"Instant engine power (based on fuel consumption)";"4.55922140127102";"hp"
"1594.5554069";"Average fuel consumption (total)";"3.89701353859077";"l/100km"
"1594.5558505";"Average fuel consumption";"5.733832931869";"l/100km"
"1594.5565459";"Fuel used (total)";"39.2204587897637";"l"
"1594.5567778";"Fuel used price";"0.015372898817574";"€"
"1594.5580898";"Distance to empty";"0";"km"
"1594.5583135";"Average fuel consumption km/l.";"17.4403407263916";"km/l."
"1594.5585383";"Fuel used price (total)";"50.5943918387952";"€"
"1594.595842";"Absolute pedal position D";"14";"%"
"1594.595842";"Engine fuel rate";"1.40000002086163";"l/h"
"1594.595842";"Engine RPM";"1266";"rpm"
"1594.595842";"Vehicle speed";"49";"km/h"
"1594.6002498";"Calculated instant fuel consumption";"2.8571428997176";"l/100km"
"1594.6005322";"Distance travelled";"0.208740454694444";"km"
"1594.6009755";"Vehicle acceleration";"0";"m_sec2"
"1594.6032511";"Calculated instant fuel rate";"1.40000002086163";"l/h"
"1594.6063452";"Calculated instant fuel consumption km/l.";"34.9999994784594";"km/l."
"1594.6075299";"Average speed";"46.0820769991598";"km/h"
"1594.6077789";"Distance travelled (total)";"1006.42369885825";"km"
"1594.6087854";"Fuel used";"0.0119421896335081";"l"
"1594.6090527";"Instant engine power (based on fuel consumption)";"4.55922140127102";"hp"
"1594.6198708";"Average fuel consumption (total)";"3.89701264330896";"l/100km"
"1594.6201257";"Average fuel consumption";"5.72107100704993";"l/100km"
"1594.6202464";"Fuel used (total)";"39.2204840035696";"l"
"1594.6203868";"Fuel used price";"0.0154054246272254";"€"
"1594.6215129";"Distance to empty";"0";"km"
"1594.621726";"Average fuel consumption km/l.";"17.4792446863136";"km/l."
"1594.6219375";"Fuel used price (total)";"50.5944243646048";"€"
"1594.686286";"Absolute pedal position D";"14";"%"
"1594.686286";"Engine fuel rate";"1.40000002086163";"l/h"
"1594.686286";"Engine RPM";"1264";"rpm"
"1594.686286";"Vehicle speed";"49";"km/h"
"1594.6903621";"Calculated instant fuel consumption";"2.8571428997176";"l/100km"
"1594.6906339";"Distance travelled";"0.209966766805555";"km"
"1594.6910738";"Vehicle acceleration";"0";"m_sec2"
"1594.6936465";"Calculated instant fuel rate";"1.40000002086163";"l/h"
"1594.6969888";"Calculated instant fuel consumption km/l.";"34.9999994784594";"km/l."
"1594.6983435";"Average speed";"46.0961037870467";"km/h"
"1594.6988302";"Distance travelled (total)";"1006.42492517036";"km"
"1594.7000966";"Fuel used";"0.0119776971340372";"l"
"1594.7004034";"Instant engine power (based on fuel consumption)";"4.55922140127102";"hp"
"1594.7238401";"Average fuel consumption (total)";"3.89701040014789";"l/100km"
"1594.7243606";"Average fuel consumption";"5.70456806868364";"l/100km"
"1594.7246346";"Fuel used (total)";"39.2205195110702";"l"
"1594.7249592";"Fuel used price";"0.0154512293029079";"€"
"1594.7276303";"Distance to empty";"0";"km"
"1594.7280181";"Average fuel consumption km/l.";"17.5298109858606";"km/l."
"1594.7284298";"Fuel used price (total)";"50.5944701692805";"€"
"1594.7924279";"Absolute pedal position D";"14";"%"
"1594.7924279";"Engine fuel rate";"1.40000002086163";"l/h"
"1594.7924279";"Engine RPM";"1267";"rpm"
"1594.7924279";"Vehicle speed";"49";"km/h"
"1594.7966468";"Calculated instant fuel consumption";"2.8571428997176";"l/100km"
"1594.7970206";"Distance travelled";"0.211414744027778";"km"
"1594.7974821";"Vehicle acceleration";"0";"m_sec2"
"1594.7999048";"Calculated instant fuel rate";"1.40000002086163";"l/h"
"1594.8022183";"Calculated instant fuel consumption km/l.";"34.9999994784594";"km/l."
"1594.8034896";"Average speed";"46.1182836268121";"km/h"
"1594.8037416";"Distance travelled (total)";"1006.42637314758";"km"
"1594.8047562";"Fuel used";"0.0120183960679769";"l"
"1594.8050296";"Instant engine power (based on fuel consumption)";"4.55922140127102";"hp"
"1594.8220069";"Average fuel consumption (total)";"3.89700832147398";"l/100km"
"1594.822461";"Average fuel consumption";"5.68474830042973";"l/100km"
"1594.8227946";"Fuel used (total)";"39.2205602100041";"l"
"1594.8230894";"Fuel used price";"0.0155037309276903";"€"
"1594.8268902";"Distance to empty";"0";"km"
"1594.8272464";"Average fuel consumption km/l.";"17.5909283428504";"km/l."
"1594.8276535";"Fuel used price (total)";"50.5945226709053";"€"
"1594.866321";"Absolute pedal position D";"14";"%"
"1594.866321";"Engine fuel rate";"1.40000002086163";"l/h"
"1594.866321";"Engine RPM";"1268";"rpm"
"1594.866321";"Vehicle speed";"49";"km/h"
"1594.8704402";"Calculated instant fuel consumption";"2.8571428997176";"l/100km"
"1594.8707071";"Distance travelled";"0.212417622944444";"km"
"1594.8711511";"Vehicle acceleration";"0";"m_sec2"
"1594.8735977";"Calculated instant fuel rate";"1.40000002086163";"l/h"
"1594.8765996";"Calculated instant fuel consumption km/l.";"34.9999994784594";"km/l."
"1594.8778115";"Average speed";"46.1293250405884";"km/h"
"1594.8780636";"Distance travelled (total)";"1006.4273760265";"km"
"1594.8794516";"Fuel used";"0.0120474418684098";"l"
"1594.8797608";"Instant engine power (based on fuel consumption)";"4.55922140127102";"hp"
"1594.8911028";"Average fuel consumption (total)";"3.89700848210744";"l/100km"
"1594.8915863";"Average fuel consumption";"5.67158303600857";"l/100km"
"1594.8918414";"Fuel used (total)";"39.2205892558045";"l"
"1594.8921354";"Fuel used price";"0.0155412000102486";"€"
"1594.8941764";"Distance to empty";"0";"km"
"1594.8945401";"Average fuel consumption km/l.";"17.6317616025553";"km/l."
"1594.8949477";"Fuel used price (total)";"50.5945601399878";"€"
"1594.9411272";"Absolute pedal position D";"14";"%"
"1594.9411272";"Engine fuel rate";"1.40000002086163";"l/h"
"1594.9411272";"Engine RPM";"1266";"rpm"
"1594.9411272";"Vehicle speed";"49";"km/h"
"1594.9463468";"Calculated instant fuel consumption";"2.8571428997176";"l/100km"
"1594.9466413";"Distance travelled";"0.213451107805555";"km"
"1594.947104";"Vehicle acceleration";"0";"m_sec2"
"1594.9494255";"Calculated instant fuel rate";"1.40000002086163";"l/h"
"1594.952993";"Calculated instant fuel consumption km/l.";"34.9999994784594";"km/l."
"1594.9541877";"Average speed";"46.1411516145266";"km/h"
"1594.9544827";"Distance travelled (total)";"1006.42840951136";"km"
"1594.9555046";"Fuel used";"0.0120770159355171";"l"
"1594.9557717";"Instant engine power (based on fuel consumption)";"4.55922140127102";"hp"
"1594.972873";"Average fuel consumption (total)";"3.89700736636069";"l/100km"
"1594.9733475";"Average fuel consumption";"5.65797763229167";"l/100km"
"1594.9736515";"Fuel used (total)";"39.2206188298716";"l"
"1594.9739452";"Fuel used price";"0.0155793505568171";"€"
"1594.9768067";"Distance to empty";"0";"km"
"1594.97739";"Average fuel consumption km/l.";"17.6741596554344";"km/l."
"1594.9778134";"Fuel used price (total)";"50.5945982905344";"€"
"1595.0390149";"Absolute pedal position D";"14";"%"
"1595.0390149";"Engine fuel rate";"1.40000002086163";"l/h"
"1595.0390149";"Engine RPM";"1269";"rpm"
"1595.0390149";"Vehicle speed";"49";"km/h"
"1595.0426808";"Calculated instant fuel consumption";"2.8571428997176";"l/100km"
"1595.0429453";"Distance travelled";"0.214761836027778";"km"
"1595.0433841";"Vehicle acceleration";"0";"m_sec2"
"1595.0455509";"Calculated instant fuel rate";"1.40000002086163";"l/h"
"1595.0479194";"Calculated instant fuel consumption km/l.";"34.9999994784594";"km/l."
"1595.0490796";"Average speed";"46.1614634162651";"km/h"
"1595.0494172";"Distance travelled (total)";"1006.42972023958";"km"
"1595.0504417";"Fuel used";"0.0121139338194006";"l"
"1595.0507065";"Instant engine power (based on fuel consumption)";"4.55922140127102";"hp"
"1595.073398";"Average fuel consumption (total)";"3.89700522958871";"l/100km"
"1595.0738679";"Average fuel consumption";"5.64063617794445";"l/100km"
"1595.0741222";"Fuel used (total)";"39.2206557477555";"l"
"1595.0744353";"Fuel used price";"0.0156269746270267";"€"
"1595.0774218";"Distance to empty";"0";"km"
"1595.0783724";"Average fuel consumption km/l.";"17.7284967236518";"km/l."
"1595.0797909";"Fuel used price (total)";"50.5946459146046";"€"
"1595.1077493";"Absolute pedal position D";"14";"%"
"1595.1077493";"Engine fuel rate";"1.40000002086163";"l/h"
"1595.1077493";"Engine RPM";"1266";"rpm"
"1595.1077493";"Vehicle speed";"49";"km/h"
"1595.1113821";"Calculated instant fuel consumption";"2.8571428997176";"l/100km"
"1595.1116396";"Distance travelled";"0.215696773722222";"km"
"1595.1120755";"Vehicle acceleration";"0";"m_sec2"
"1595.1145877";"Calculated instant fuel rate";"1.40000002086163";"l/h"
"1595.1182595";"Calculated instant fuel consumption km/l.";"34.9999994784594";"km/l."
"1595.1207564";"Average speed";"46.1654540949118";"km/h"
"1595.1212075";"Distance travelled (total)";"1006.43065517728";"km"
"1595.1230102";"Fuel used";"0.0121421526864877";"l"
"1595.1235047";"Instant engine power (based on fuel consumption)";"4.55922140127102";"hp"
"1595.1384242";"Average fuel consumption (total)";"3.8970052776112";"l/100km"
"1595.1386828";"Average fuel consumption";"5.62926949576195";"l/100km"
"1595.1388051";"Fuel used (total)";"39.2206839666226";"l"
"1595.1389567";"Fuel used price";"0.0156633769655692";"€"
"1595.1404376";"Distance to empty";"0";"km"
"1595.1406693";"Average fuel consumption km/l.";"17.7642942970284";"km/l."
"1595.1408754";"Fuel used price (total)";"50.5946823169432";"€"
"1595.2193276";"Absolute pedal position D";"14";"%"
"1595.2193276";"Engine fuel rate";"1.40000002086163";"l/h"
"1595.2193276";"Engine RPM";"1269";"rpm"
"1595.2193276";"Vehicle speed";"49";"km/h"
"1595.2238101";"Calculated instant fuel consumption";"2.8571428997176";"l/100km"
"1595.2240818";"Distance travelled";"0.217227155333333";"km"
"1595.2247186";"Vehicle acceleration";"0";"m_sec2"
"1595.2270926";"Calculated instant fuel rate";"1.40000002086163";"l/h"
"1595.2302865";"Calculated instant fuel consumption km/l.";"34.9999994784594";"km/l."
"1595.2315024";"Average speed";"46.1883247308055";"km/h"
"1595.2317538";"Distance travelled (total)";"1006.43218555889";"km"
"1595.2331029";"Fuel used";"0.0121849641037923";"l"
"1595.2333823";"Instant engine power (based on fuel consumption)";"4.55922140127102";"hp"
"1595.2569039";"Average fuel consumption (total)";"3.89700215567358";"l/100km"
"1595.2573667";"Average fuel consumption";"5.60931900300154";"l/100km"
"1595.2576268";"Fuel used (total)";"39.2207267780399";"l"
"1595.2579235";"Fuel used price";"0.0157186036938921";"€"
"1595.2606132";"Distance to empty";"0";"km"
"1595.2611311";"Average fuel consumption km/l.";"17.8274760174078";"km/l."
"1595.2615914";"Fuel used price (total)";"50.5947375436715";"€"
"1595.3085023";"Absolute pedal position D";"14";"%"
"1595.3085023";"Engine fuel rate";"1.40000002086163";"l/h"
"1595.3085023";"Engine RPM";"1264";"rpm"
"1595.3085023";"Vehicle speed";"49";"km/h"
"1595.3123953";"Calculated instant fuel consumption";"2.8571428997176";"l/100km"
"1595.3127834";"Distance travelled";"0.218434420055555";"km"
"1595.3132349";"Vehicle acceleration";"0";"m_sec2"
"1595.3156733";"Calculated instant fuel rate";"1.40000002086163";"l/h"
"1595.3192184";"Calculated instant fuel consumption km/l.";"34.9999994784594";"km/l."
"1595.3206234";"Average speed";"46.2017993912058";"km/h"
"1595.3210393";"Distance travelled (total)";"1006.43339282361";"km"
"1595.3224471";"Fuel used";"0.0122197067765323";"l"
"1595.3228042";"Instant engine power (based on fuel consumption)";"4.55922140127102";"hp"
"1595.3403103";"Average fuel consumption (total)";"3.89700173480966";"l/100km"
"1595.3407652";"Average fuel consumption";"5.59422218047154";"l/100km"
"1595.341021";"Fuel used (total)";"39.2207615207127";"l"
"1595.3413159";"Fuel used price";"0.0157634217417266";"€"
"1595.343318";"Distance to empty";"0";"km"
"1595.3438489";"Average fuel consumption km/l.";"17.8755860553917";"km/l."
"1595.3443218";"Fuel used price (total)";"50.5947823617193";"€"
"1595.3694663";"Absolute pedal position D";"14";"%"
"1595.3694663";"Engine fuel rate";"1.40000002086163";"l/h"
"1595.3694663";"Engine RPM";"1269";"rpm"
"1595.3694663";"Vehicle speed";"49";"km/h"
"1595.371576";"Calculated instant fuel consumption";"2.8571428997176";"l/100km"
"1595.3717004";"Distance travelled";"0.219236345888889";"km"
"1595.3719353";"Vehicle acceleration";"0";"m_sec2"
"1595.3731012";"Calculated instant fuel rate";"1.40000002086163";"l/h"
"1595.3749794";"Calculated instant fuel consumption km/l.";"34.9999994784594";"km/l."
"1595.3756328";"Average speed";"46.2218391265033";"km/h"
"1595.3757566";"Distance travelled (total)";"1006.43419474945";"km"
"1595.3764224";"Fuel used";"0.0122406974046228";"l"
"1595.3765738";"Instant engine power (based on fuel consumption)";"4.55922140127102";"hp"
"1595.3881762";"Average fuel consumption (total)";"3.89700208173837";"l/100km"
"1595.388461";"Average fuel consumption";"5.58333398369381";"l/100km"
"1595.388592";"Fuel used (total)";"39.2207825113407";"l"
"1595.3887719";"Fuel used price";"0.0157904996519635";"€"
"1595.3899272";"Distance to empty";"0";"km"
"1595.3901889";"Average fuel consumption km/l.";"17.910445674941";"km/l."
"1595.3904099";"Fuel used price (total)";"50.5948094396296";"€"
"1595.4661052";"Absolute pedal position D";"14";"%"
"1595.4661052";"Engine fuel rate";"1.40000002086163";"l/h"
"1595.4661052";"Engine RPM";"1265";"rpm"
"1595.4661052";"Vehicle speed";"49";"km/h"
"1595.4702199";"Calculated instant fuel consumption";"2.8571428997176";"l/100km"
"1595.4704874";"Distance travelled";"0.220580826944444";"km"
"1595.470933";"Vehicle acceleration";"0";"m_sec2"
"1595.4733299";"Calculated instant fuel rate";"1.40000002086163";"l/h"
"1595.476409";"Calculated instant fuel consumption km/l.";"34.9999994784594";"km/l."
"1595.4776405";"Average speed";"46.2293312342731";"km/h"
"1595.4778931";"Distance travelled (total)";"1006.4355392305";"km"
"1595.4790948";"Fuel used";"0.0122806221385511";"l"
"1595.4794497";"Instant engine power (based on fuel consumption)";"4.55922140127102";"hp"
"1595.4919519";"Average fuel consumption (total)";"3.89699896143653";"l/100km"
"1595.4924102";"Average fuel consumption";"5.56740234800375";"l/100km"
"1595.4927433";"Fuel used (total)";"39.2208224360747";"l"
"1595.4930489";"Fuel used price";"0.0158420025587309";"€"
"1595.49649";"Distance to empty";"0";"km"
"1595.4970233";"Average fuel consumption km/l.";"17.961698068374";"km/l."
"1595.497459";"Fuel used price (total)";"50.5948609425363";"€"
"1595.5338209";"Absolute pedal position D";"14";"%"
"1595.5338209";"Engine fuel rate";"1.40000002086163";"l/h"
"1595.5338209";"Engine RPM";"1269";"rpm"
"1595.5338209";"Vehicle speed";"49";"km/h"
"1595.537313";"Calculated instant fuel consumption";"2.8571428997176";"l/100km"
"1595.537585";"Distance travelled";"0.221494037222222";"km"
"1595.538029";"Vehicle acceleration";"0";"m_sec2"
"1595.5403079";"Calculated instant fuel rate";"1.40000002086163";"l/h"
"1595.5433911";"Calculated instant fuel consumption km/l.";"34.9999994784594";"km/l."
"1595.5445998";"Average speed";"46.2404517188614";"km/h"
"1595.5448497";"Distance travelled (total)";"1006.43645244078";"km"
"1595.5460454";"Fuel used";"0.0123066563833835";"l"
"1595.5463235";"Instant engine power (based on fuel consumption)";"4.55922140127102";"hp"
"1595.5581165";"Average fuel consumption (total)";"3.89699939235682";"l/100km"
"1595.558366";"Average fuel consumption";"5.55620211619348";"l/100km"
"1595.5584856";"Fuel used (total)";"39.2208484703195";"l"
"1595.5586267";"Fuel used price";"0.0158755867345647";"€"
"1595.5597523";"Distance to empty";"0";"km"
"1595.5600491";"Average fuel consumption km/l.";"17.9979053873061";"km/l."
"1595.5602629";"Fuel used price (total)";"50.5948945267122";"€"
"1595.6020508";"Absolute pedal position D";"14";"%"
"1595.6020508";"Engine fuel rate";"1.40000002086163";"l/h"
"1595.6020508";"Engine RPM";"1265";"rpm"
"1595.6020508";"Vehicle speed";"49";"km/h"
"1595.6058677";"Calculated instant fuel consumption";"2.8571428997176";"l/100km"
"1595.6062747";"Distance travelled";"0.222428913666667";"km"
"1595.60674";"Vehicle acceleration";"0";"m_sec2"
"1595.6089398";"Calculated instant fuel rate";"1.40000002086163";"l/h"
"1595.6112003";"Calculated instant fuel consumption km/l.";"34.9999994784594";"km/l."
"1595.6123442";"Average speed";"46.2538943784886";"km/h"
"1595.6126943";"Distance travelled (total)";"1006.43738731722";"km"
"1595.6137481";"Fuel used";"0.0123329829948869";"l"
"1595.6140147";"Instant engine power (based on fuel consumption)";"4.55922140127102";"hp"
"1595.6240505";"Average fuel consumption (total)";"3.89699835921908";"l/100km"
"1595.6244913";"Average fuel consumption";"5.5446851722565";"l/100km"
"1595.6247446";"Fuel used (total)";"39.220874796931";"l"
"1595.6250403";"Fuel used price";"0.0159095480634041";"€"
"1595.6275405";"Distance to empty";"0";"km"
"1595.6280122";"Average fuel consumption km/l.";"18.035289090959";"km/l."
"1595.6284402";"Fuel used price (total)";"50.594928488041";"€"
"1595.6837341";"Absolute pedal position D";"14";"%"
"1595.6837341";"Engine fuel rate";"1.40000002086163";"l/h"
"1595.6837341";"Engine RPM";"1270";"rpm"
"1595.6837341";"Vehicle speed";"49";"km/h"
"1595.6878745";"Calculated instant fuel consumption";"2.8571428997176";"l/100km"
"1595.6881477";"Distance travelled";"0.22354320225";"km"
"1595.6886103";"Vehicle acceleration";"0";"m_sec2"
"1595.6909908";"Calculated instant fuel rate";"1.40000002086163";"l/h"
"1595.6925724";"Calculated instant fuel consumption km/l.";"34.9999994784594";"km/l."
"1595.6937725";"Average speed";"46.2679899517942";"km/h"
"1595.6940218";"Distance travelled (total)";"1006.43850160581";"km"
"1595.69505";"Fuel used";"0.0123645983009135";"l"
"1595.6953157";"Instant engine power (based on fuel consumption)";"4.55922140127102";"hp"
"1595.7083646";"Average fuel consumption (total)";"3.89699666043706";"l/100km"
"1595.7088333";"Average fuel consumption";"5.53118957609168";"l/100km"
"1595.7090872";"Fuel used (total)";"39.220906412237";"l"
"1595.709463";"Fuel used price";"0.0159503318081785";"€"
"1595.7129569";"Distance to empty";"0";"km"
"1595.713475";"Average fuel consumption km/l.";"18.0792935451436";"km/l."
"1595.7139033";"Fuel used price (total)";"50.5949692717858";"€"
"1595.7512352";"Absolute pedal position D";"14";"%"
"1595.7512352";"Engine fuel rate";"1.40000002086163";"l/h"
"1595.7512352";"Engine RPM";"1264";"rpm"
"1595.7512352";"Vehicle speed";"49";"km/h"
"1595.7547502";"Calculated instant fuel consumption";"2.8571428997176";"l/100km"
"1595.755007";"Distance travelled";"0.224453179888889";"km"
"1595.7554681";"Vehicle acceleration";"0";"m_sec2"
"1595.7579062";"Calculated instant fuel rate";"1.40000002086163";"l/h"
"1595.761434";"Calculated instant fuel consumption km/l.";"34.9999994784594";"km/l."
"1595.762875";"Average speed";"46.2725158195165";"km/h"
"1595.7631371";"Distance travelled (total)";"1006.43941158345";"km"
"1595.7641988";"Fuel used";"0.0123914870513142";"l"
"1595.7644717";"Instant engine power (based on fuel consumption)";"4.55922140127102";"hp"
"1595.7754093";"Average fuel consumption (total)";"3.89699627824891";"l/100km"
"1595.7760172";"Average fuel consumption";"5.52074470829434";"l/100km"
"1595.7762906";"Fuel used (total)";"39.2209333009874";"l"
"1595.7765911";"Fuel used price";"0.0159850182961953";"€"
"1595.7772029";"Distance to empty";"0";"km"
"1595.7773688";"Average fuel consumption km/l.";"18.1134983202104";"km/l."
"1595.777579";"Fuel used price (total)";"50.5950039582738";"€"
"1595.8274585";"Absolute pedal position D";"14";"%"
"1595.8274585";"Engine fuel rate";"1.40000002086163";"l/h"
"1595.8274585";"Engine RPM";"1269";"rpm"
"1595.8274585";"Vehicle speed";"49";"km/h"
"1595.8312964";"Calculated instant fuel consumption";"2.8571428997176";"l/100km"
"1595.8315562";"Distance travelled";"0.225495008361111";"km"
"1595.8320065";"Vehicle acceleration";"0";"m_sec2"
"1595.834284";"Calculated instant fuel rate";"1.40000002086163";"l/h"
"1595.8381563";"Calculated instant fuel consumption km/l.";"34.9999994784594";"km/l."
"1595.8394959";"Average speed";"46.2842302408059";"km/h"
"1595.8397603";"Distance travelled (total)";"1006.44045341192";"km"
"1595.8408486";"Fuel used";"0.0124212935962028";"l"
"1595.8411173";"Instant engine power (based on fuel consumption)";"4.55922140127102";"hp"
"1595.8605801";"Average fuel consumption (total)";"3.89699491589643";"l/100km"
"1595.8611261";"Average fuel consumption";"5.5084561234771";"l/100km"
"1595.8613817";"Fuel used (total)";"39.2209631075323";"l"
"1595.8617019";"Fuel used price";"0.0160234687391016";"€"
"1595.8635204";"Distance to empty";"0";"km"
"1595.8640307";"Average fuel consumption km/l.";"18.1539069674712";"km/l."
"1595.8645239";"Fuel used price (total)";"50.5950424087167";"€"
"1595.9251338";"Absolute pedal position D";"14";"%"
"1595.9251338";"Engine fuel rate";"1.40000002086163";"l/h"
"1595.9251338";"Engine RPM";"1265";"rpm"
"1595.9251338";"Vehicle speed";"49";"km/h"
"1595.9300875";"Calculated instant fuel consumption";"2.8571428997176";"l/100km"
"1595.9303544";"Distance travelled";"0.226839696305556";"km"
"1595.9307974";"Vehicle acceleration";"0";"m_sec2"
"1595.9333386";"Calculated instant fuel rate";"1.40000002086163";"l/h"
"1595.9362387";"Calculated instant fuel consumption km/l.";"34.9999994784594";"km/l."
"1595.9374389";"Average speed";"46.3016401297748";"km/h"
"1595.9376901";"Distance travelled (total)";"1006.44179809986";"km"
"1595.938752";"Fuel used";"0.0124593652745479";"l"
"1595.9390177";"Instant engine power (based on fuel consumption)";"4.55922140127102";"hp"
"1595.9604615";"Average fuel consumption (total)";"3.89699267077148";"l/100km"
"1595.9609341";"Average fuel consumption";"5.49258594393682";"l/100km"
"1595.9611909";"Fuel used (total)";"39.2210011792107";"l"
"1595.9614886";"Fuel used price";"0.0160725812041668";"€"
"1595.9636882";"Distance to empty";"0";"km"
"1595.9641666";"Average fuel consumption km/l.";"18.206360541411";"km/l."
"1595.9645854";"Fuel used price (total)";"50.5950915211818";"€"
"1596.0004627";"Absolute pedal position D";"14";"%"
"1596.0004627";"Engine fuel rate";"1.40000002086163";"l/h"
"1596.0004627";"Engine RPM";"1269";"rpm"
"1596.0004627";"Vehicle speed";"49";"km/h"
"1596.0054794";"Calculated instant fuel consumption";"2.8571428997176";"l/100km"
"1596.0057392";"Distance travelled";"0.227865695055556";"km"
"1596.0064376";"Vehicle acceleration";"0";"m_sec2"
"1596.0086418";"Calculated instant fuel rate";"1.40000002086163";"l/h"
"1596.0117199";"Calculated instant fuel consumption km/l.";"34.9999994784594";"km/l."
"1596.0133102";"Average speed";"46.3118281066888";"km/h"
"1596.0135635";"Distance travelled (total)";"1006.44282409861";"km"
"1596.0145917";"Fuel used";"0.0124888561194318";"l"
"1596.0148592";"Instant engine power (based on fuel consumption)";"4.55922140127102";"hp"
"1596.02625";"Average fuel consumption (total)";"3.89699248085332";"l/100km"
"1596.0266959";"Average fuel consumption";"5.4807969740188";"l/100km"
"1596.0269481";"Fuel used (total)";"39.2210306700556";"l"
"1596.0272566";"Fuel used price";"0.016110624394067";"€"
"1596.0284122";"Distance to empty";"0";"km"
"1596.0287607";"Average fuel consumption km/l.";"18.2455216776028";"km/l."
"1596.0291644";"Fuel used price (total)";"50.5951295643717";"€"
"1596.0839859";"Absolute pedal position D";"14";"%"
"1596.0839859";"Engine fuel rate";"1.40000002086163";"l/h"
"1596.0839859";"Engine RPM";"1269";"rpm"
"1596.0839859";"Vehicle speed";"49";"km/h"
"1596.0893479";"Calculated instant fuel consumption";"2.8571428997176";"l/100km"
"1596.0896263";"Distance travelled";"0.229007416833333";"km"
"1596.0900813";"Vehicle acceleration";"0";"m_sec2"
"1596.0922928";"Calculated instant fuel rate";"1.40000002086163";"l/h"
"1596.0930925";"Calculated instant fuel consumption km/l.";"34.9999994784594";"km/l."
"1596.0941553";"Average speed";"46.3323517307388";"km/h"
"1596.0944051";"Distance travelled (total)";"1006.44396582039";"km"
"1596.096307";"Fuel used";"0.0125206315310164";"l"
"1596.0966085";"Instant engine power (based on fuel consumption)";"4.55922140127102";"hp"
"1596.0972873";"Average fuel consumption (total)";"3.89699099026194";"l/100km"
"1596.0976172";"Average fuel consumption";"5.46734761002463";"l/100km"
"1596.0978621";"Fuel used (total)";"39.2210624454671";"l"
"1596.0981745";"Fuel used price";"0.0161516146750112";"€"
"1596.0995058";"Distance to empty";"0";"km"
"1596.0998494";"Average fuel consumption km/l.";"18.2904046226447";"km/l."
"1596.1002485";"Fuel used price (total)";"50.5951705546526";"€"
"1596.1563341";"Absolute pedal position D";"14";"%"
"1596.1563341";"Engine fuel rate";"1.40000002086163";"l/h"
"1596.1563341";"Engine RPM";"1271";"rpm"
"1596.1563341";"Vehicle speed";"49";"km/h"
"1596.1605853";"Calculated instant fuel consumption";"2.8571428997176";"l/100km"
"1596.1608488";"Distance travelled";"0.229976749805555";"km"
"1596.1613098";"Vehicle acceleration";"0";"m_sec2"
"1596.163646";"Calculated instant fuel rate";"1.40000002086163";"l/h"
"1596.1671535";"Calculated instant fuel consumption km/l.";"34.9999994784594";"km/l."
"1596.1684361";"Average speed";"46.335112469989";"km/h"
"1596.1687745";"Distance travelled (total)";"1006.44493515336";"km"
"1596.1701896";"Fuel used";"0.0125493613203334";"l"
"1596.1704795";"Instant engine power (based on fuel consumption)";"4.55922140127102";"hp"
"1596.1921167";"Average fuel consumption (total)";"3.89699039416306";"l/100km"
"1596.1924165";"Average fuel consumption";"5.45679566779852";"l/100km"
"1596.1925446";"Fuel used (total)";"39.2210911752565";"l"
"1596.1927464";"Fuel used price";"0.0161886761032301";"€"
"1596.1939547";"Distance to empty";"0";"km"
"1596.1942467";"Average fuel consumption km/l.";"18.3257732354021";"km/l."
"1596.1945008";"Fuel used price (total)";"50.5952076160808";"€"
"1596.2239271";"Absolute pedal position D";"14";"%"
"1596.2239271";"Engine fuel rate";"1.40000002086163";"l/h"
"1596.2239271";"Engine RPM";"1267";"rpm"
"1596.2239271";"Vehicle speed";"49";"km/h"
"1596.228163";"Calculated instant fuel consumption";"2.8571428997176";"l/100km"
"1596.2284252";"Distance travelled";"0.230896478444444";"km"
"1596.2288692";"Vehicle acceleration";"0";"m_sec2"
"1596.2311789";"Calculated instant fuel rate";"1.40000002086163";"l/h"
"1596.2340078";"Calculated instant fuel consumption km/l.";"34.9999994784594";"km/l."
"1596.2352222";"Average speed";"46.3471625367546";"km/h"
"1596.2354793";"Distance travelled (total)";"1006.445854882";"km"
"1596.2366615";"Fuel used";"0.012575209715163";"l"
"1596.2369285";"Instant engine power (based on fuel consumption)";"4.55922140127102";"hp"
"1596.2599126";"Average fuel consumption (total)";"3.89698968752322";"l/100km"
"1596.2603563";"Average fuel consumption";"5.4462544426327";"l/100km"
"1596.2606073";"Fuel used (total)";"39.2211170236513";"l"
"1596.2609071";"Fuel used price";"0.0162220205325603";"€"
"1596.2628676";"Distance to empty";"0";"km"
"1596.2632806";"Average fuel consumption km/l.";"18.3612427684632";"km/l."
"1596.2637013";"Fuel used price (total)";"50.5952409605101";"€"
"1596.2928349";"Absolute pedal position D";"14";"%"
"1596.2928349";"Engine fuel rate";"1.40000002086163";"l/h"
"1596.2928349";"Engine RPM";"1267";"rpm"
"1596.2928349";"Vehicle speed";"49";"km/h"
"1596.2969348";"Calculated instant fuel consumption";"2.8571428997176";"l/100km"
"1596.2972304";"Distance travelled";"0.231832917444444";"km"
"1596.2976838";"Vehicle acceleration";"0";"m_sec2"
"1596.2999914";"Calculated instant fuel rate";"1.40000002086163";"l/h"
"1596.3020899";"Calculated instant fuel consumption km/l.";"34.9999994784594";"km/l."
"1596.3032931";"Average speed";"46.3591660223253";"km/h"
"1596.3035428";"Distance travelled (total)";"1006.446791321";"km"
"1596.3045516";"Fuel used";"0.0126016094377786";"l"
"1596.3050326";"Instant engine power (based on fuel consumption)";"4.55922140127102";"hp"
"1596.3075208";"Average fuel consumption (total)";"3.89698862988793";"l/100km"
"1596.3079188";"Average fuel consumption";"5.43564286585766";"l/100km"
"1596.3081674";"Fuel used (total)";"39.2211434233739";"l"
"1596.3084654";"Fuel used price";"0.0162560761747344";"€"
"1596.309681";"Distance to empty";"0";"km"
"1596.3100444";"Average fuel consumption km/l.";"18.3970879742891";"km/l."
"1596.3104448";"Fuel used price (total)";"50.5952750161523";"€"
"1596.3624656";"Absolute pedal position D";"14";"%"
"1596.3624656";"Engine fuel rate";"1.40000002086163";"l/h"
"1596.3624656";"Engine RPM";"1266";"rpm"
"1596.3624656";"Vehicle speed";"49";"km/h"
"1596.3666456";"Calculated instant fuel consumption";"2.8571428997176";"l/100km"
"1596.3669229";"Distance travelled";"0.23278144175";"km"
"1596.3673748";"Vehicle acceleration";"0";"m_sec2"
"1596.3697421";"Calculated instant fuel rate";"1.40000002086163";"l/h"
"1596.3730412";"Calculated instant fuel consumption km/l.";"34.9999994784594";"km/l."
"1596.3743093";"Average speed";"46.3659791884211";"km/h"
"1596.3745746";"Distance travelled (total)";"1006.44773984531";"km"
"1596.375654";"Fuel used";"0.0126292579215239";"l"
"1596.3760921";"Instant engine power (based on fuel consumption)";"4.55922140127102";"hp"
"1596.3990524";"Average fuel consumption (total)";"3.89698758023962";"l/100km"
"1596.3996005";"Average fuel consumption";"5.42537146714959";"l/100km"
"1596.3998737";"Fuel used (total)";"39.2211710718576";"l"
"1596.4001866";"Fuel used price";"0.0162917427187659";"€"
"1596.4029975";"Distance to empty";"0";"km"
"1596.4036868";"Average fuel consumption km/l.";"18.4319176309855";"km/l."
"1596.4042792";"Fuel used price (total)";"50.5953106826964";"€"
"1596.4340087";"Absolute pedal position D";"14";"%"
"1596.4340087";"Engine fuel rate";"1.40000002086163";"l/h"
"1596.4340087";"Engine RPM";"1266";"rpm"
"1596.4340087";"Vehicle speed";"49";"km/h"
"1596.4389146";"Calculated instant fuel consumption";"2.8571428997176";"l/100km"
"1596.4391847";"Distance travelled";"0.233764918027778";"km"
"1596.439869";"Vehicle acceleration";"0";"m_sec2"
"1596.4428895";"Calculated instant fuel rate";"1.40000002086163";"l/h"
"1596.4449925";"Calculated instant fuel consumption km/l.";"34.9999994784594";"km/l."
"1596.4463048";"Average speed";"46.3771227904075";"km/h"
"1596.446569";"Distance travelled (total)";"1006.44872332158";"km"
"1596.4475929";"Fuel used";"0.0126572324497186";"l"
"1596.4478687";"Instant engine power (based on fuel consumption)";"4.55922140127102";"hp"
"1596.4488914";"Average fuel consumption (total)";"3.89698651933463";"l/100km"
"1596.44924";"Average fuel consumption";"5.41451324540261";"l/100km"
"1596.4495586";"Fuel used (total)";"39.2211990463858";"l"
"1596.4498589";"Fuel used price";"0.016327829860137";"€"
"1596.4509633";"Distance to empty";"0";"km"
"1596.4513103";"Average fuel consumption km/l.";"18.4688808518307";"km/l."
"1596.4531376";"Fuel used price (total)";"50.5953467698377";"€"
"1596.5028395";"Absolute pedal position D";"14";"%"
"1596.5028395";"Engine fuel rate";"1.40000002086163";"l/h"
"1596.5028395";"Engine RPM";"1265";"rpm"
"1596.5028395";"Vehicle speed";"49";"km/h"
"1596.5067446";"Calculated instant fuel consumption";"2.8571428997176";"l/100km"
"1596.5070062";"Distance travelled";"0.234687965055556";"km"
"1596.5074544";"Vehicle acceleration";"0";"m_sec2"
"1596.509777";"Calculated instant fuel rate";"1.40000002086163";"l/h"
"1596.5132519";"Calculated instant fuel consumption km/l.";"34.9999994784594";"km/l."
"1596.5145222";"Average speed";"46.3858589883662";"km/h"
"1596.5150111";"Distance travelled (total)";"1006.44964636861";"km"
"1596.5162806";"Fuel used";"0.0126839406001166";"l"
"1596.5165783";"Instant engine power (based on fuel consumption)";"4.55922140127102";"hp"
"1596.5329049";"Average fuel consumption (total)";"3.89698572481003";"l/100km"
"1596.5336538";"Average fuel consumption";"5.40459780164441";"l/100km"
"1596.5339482";"Fuel used (total)";"39.2212257545362";"l"
"1596.5344146";"Fuel used price";"0.0163622833741504";"€"
"1596.5369895";"Distance to empty";"0";"km"
"1596.5374112";"Average fuel consumption km/l.";"18.5027644368974";"km/l."
"1596.537823";"Fuel used price (total)";"50.5953812233517";"€"
"1596.5760761";"Absolute pedal position D";"14";"%"
"1596.5760761";"Engine fuel rate";"1.40000002086163";"l/h"
"1596.5760761";"Engine RPM";"1265";"rpm"
"1596.5760761";"Vehicle speed";"49";"km/h"
"1596.5800523";"Calculated instant fuel consumption";"2.8571428997176";"l/100km"
"1596.5803309";"Distance travelled";"0.235685931722222";"km"
"1596.5807821";"Vehicle acceleration";"0";"m_sec2"
"1596.5831136";"Calculated instant fuel rate";"1.40000002086163";"l/h"
"1596.5856459";"Calculated instant fuel consumption km/l.";"34.9999994784594";"km/l."
"1596.587233";"Average speed";"46.3978951710925";"km/h"
"1596.5875063";"Distance travelled (total)";"1006.45064433528";"km"
"1596.5890523";"Fuel used";"0.0127122389949827";"l"
"1596.5894496";"Instant engine power (based on fuel consumption)";"4.55922140127102";"hp"
"1596.5901885";"Average fuel consumption (total)";"3.89698451437133";"l/100km"
"1596.5905334";"Average fuel consumption";"5.39371989753094";"l/100km"
"1596.590778";"Fuel used (total)";"39.2212540529311";"l"
"1596.591073";"Fuel used price";"0.0163987883035277";"€"
"1596.5922313";"Distance to empty";"0";"km"
"1596.5926843";"Average fuel consumption km/l.";"18.5400802970463";"km/l."
"1596.593261";"Fuel used price (total)";"50.5954177282811";"€"
"1596.6430732";"Absolute pedal position D";"14";"%"
"1596.6430732";"Engine fuel rate";"1.40000002086163";"l/h"
"1596.6430732";"Engine RPM";"1268";"rpm"
"1596.6430732";"Vehicle speed";"49";"km/h"
"1596.6457327";"Calculated instant fuel consumption";"2.8571428997176";"l/100km"
"1596.6458606";"Distance travelled";"0.236577850138889";"km"
"1596.6461427";"Vehicle acceleration";"0";"m_sec2"
"1596.6472762";"Calculated instant fuel rate";"1.40000002086163";"l/h"
"1596.6501425";"Calculated instant fuel consumption km/l.";"34.9999994784594";"km/l."
"1596.6509188";"Average speed";"46.4116818954497";"km/h"
"1596.6510493";"Distance travelled (total)";"1006.4515362537";"km"
"1596.6515768";"Fuel used";"0.012736554195345";"l"
"1596.6517035";"Instant engine power (based on fuel consumption)";"4.55922140127102";"hp"
"1596.6578118";"Average fuel consumption (total)";"3.89698387255923";"l/100km"
"1596.6581035";"Average fuel consumption";"5.38366300474355";"l/100km"
"1596.658223";"Fuel used (total)";"39.2212783681315";"l"
"1596.6583802";"Fuel used price";"0.0164301549119951";"€"
"1596.6591183";"Distance to empty";"0";"km"
"1596.6593912";"Average fuel consumption km/l.";"18.5747138912465";"km/l."
"1596.6596708";"Fuel used price (total)";"50.5954490948896";"€"
"1596.7195378";"Absolute pedal position D";"14";"%"
"1596.7195378";"Engine fuel rate";"1.40000002086163";"l/h"
"1596.7195378";"Engine RPM";"1267";"rpm"
"1596.7195378";"Vehicle speed";"49";"km/h"
"1596.7216169";"Calculated instant fuel consumption";"2.8571428997176";"l/100km"
"1596.721741";"Distance travelled";"0.237610643555556";"km"
"1596.7219682";"Vehicle acceleration";"0";"m_sec2"
"1596.7231663";"Calculated instant fuel rate";"1.40000002086163";"l/h"
"1596.7251284";"Calculated instant fuel consumption km/l.";"34.9999994784594";"km/l."
"1596.725734";"Average speed";"46.4249901318209";"km/h"
"1596.7258521";"Distance travelled (total)";"1006.45256904711";"km"
"1596.7264085";"Fuel used";"0.0127656547124453";"l"
"1596.7265345";"Instant engine power (based on fuel consumption)";"4.55922140127102";"hp"
"1596.7427087";"Average fuel consumption (total)";"3.89698228951468";"l/100km"
"1596.7431408";"Average fuel consumption";"5.37250963232233";"l/100km"
"1596.743331";"Fuel used (total)";"39.2213074686486";"l"
"1596.7435259";"Fuel used price";"0.0164676945790544";"€"
"1596.7454915";"Distance to empty";"0";"km"
"1596.7460588";"Average fuel consumption km/l.";"18.6132751439617";"km/l."
"1596.7463813";"Fuel used price (total)";"50.5954866345566";"€"
"1596.8017412";"Absolute pedal position D";"14";"%"
"1596.8017412";"Engine fuel rate";"1.40000002086163";"l/h"
"1596.8017412";"Engine RPM";"1267";"rpm"
"1596.8017412";"Vehicle speed";"49";"km/h"
"1596.8062724";"Calculated instant fuel consumption";"2.8571428997176";"l/100km"
"1596.8065442";"Distance travelled";"0.238764792277778";"km"
"1596.8070165";"Vehicle acceleration";"0";"m_sec2"
"1596.8094781";"Calculated instant fuel rate";"1.40000002086163";"l/h"
"1596.8110308";"Calculated instant fuel consumption km/l.";"34.9999994784594";"km/l."
"1596.8123027";"Average speed";"46.4325107158191";"km/h"
"1596.8125526";"Distance travelled (total)";"1006.45372319583";"km"
"1596.8136561";"Fuel used";"0.0127995809518397";"l"
"1596.8139234";"Instant engine power (based on fuel consumption)";"4.55922140127102";"hp"
"1596.8154361";"Average fuel consumption (total)";"3.89698071204978";"l/100km"
"1596.8157833";"Average fuel consumption";"5.36074889004103";"l/100km"
"1596.8162328";"Fuel used (total)";"39.221341394888";"l"
"1596.8165305";"Fuel used price";"0.0165114594278733";"€"
"1596.8179143";"Distance to empty";"0";"km"
"1596.8182551";"Average fuel consumption km/l.";"18.6541100975231";"km/l."
"1596.8186623";"Fuel used price (total)";"50.5955303994055";"€"
"1596.8845245";"Absolute pedal position D";"14";"%"
"1596.8845245";"Engine fuel rate";"1.40000002086163";"l/h"
"1596.8845245";"Engine RPM";"1264";"rpm"
"1596.8845245";"Vehicle speed";"49";"km/h"
"1596.8892009";"Calculated instant fuel consumption";"2.8571428997176";"l/100km"
"1596.8895478";"Distance travelled";"0.239894481833333";"km"
"1596.8900027";"Vehicle acceleration";"0";"m_sec2"
"1596.8922249";"Calculated instant fuel rate";"1.40000002086163";"l/h"
"1596.8955072";"Calculated instant fuel consumption km/l.";"34.9999994784594";"km/l."
"1596.8969813";"Average speed";"46.4398013696196";"km/h"
"1596.8972402";"Distance travelled (total)";"1006.45485288539";"km"
"1596.8983598";"Fuel used";"0.0128325189856639";"l"
"1596.8986469";"Instant engine power (based on fuel consumption)";"4.55922140127102";"hp"
"1596.9152512";"Average fuel consumption (total)";"3.89697970877133";"l/100km"
"1596.9161073";"Average fuel consumption";"5.34923475004284";"l/100km"
"1596.9164223";"Fuel used (total)";"39.2213743329218";"l"
"1596.9167128";"Fuel used price";"0.0165539494915064";"€"
"1596.9207948";"Distance to empty";"0";"km"
"1596.9213589";"Average fuel consumption km/l.";"18.6942627633231";"km/l."
"1596.9215928";"Fuel used price (total)";"50.5955728894691";"€"
"1596.9741692";"Absolute pedal position D";"14";"%"
"1596.9741692";"Engine fuel rate";"1.40000002086163";"l/h"
"1596.9741692";"Engine RPM";"1267";"rpm"
"1596.9741692";"Vehicle speed";"49";"km/h"
"1596.9763382";"Calculated instant fuel consumption";"2.8571428997176";"l/100km"
"1596.976465";"Distance travelled";"0.241077554166667";"km"
"1596.9766407";"Vehicle acceleration";"0";"m_sec2"
"1596.9775192";"Calculated instant fuel rate";"1.40000002086163";"l/h"
"1596.9782337";"Calculated instant fuel consumption km/l.";"34.9999994784594";"km/l."
"1596.9786944";"Average speed";"46.4644117118608";"km/h"
"1596.9787858";"Distance travelled (total)";"1006.45603595772";"km"
"1596.9791668";"Fuel used";"0.0128639448639099";"l"
"1596.9793185";"Instant engine power (based on fuel consumption)";"4.55922140127102";"hp"
"1596.990936";"Average fuel consumption (total)";"3.89697840061136";"l/100km"
"1596.9911749";"Average fuel consumption";"5.33601931891867";"l/100km"
"1596.9912696";"Fuel used (total)";"39.2214057588";"l"
"1596.9913884";"Fuel used price";"0.0165944888744438";"€"
"1596.9931423";"Distance to empty";"0";"km"
"1596.9933607";"Average fuel consumption km/l.";"18.7405618351968";"km/l."
"1596.9935294";"Fuel used price (total)";"50.595613428852";"€"
"1597.0407162";"Absolute pedal position D";"14";"%"
"1597.0407162";"Engine fuel rate";"1.40000002086163";"l/h"
"1597.0407162";"Engine RPM";"1265";"rpm"
"1597.0407162";"Vehicle speed";"49";"km/h"
"1597.0451067";"Calculated instant fuel consumption";"2.8571428997176";"l/100km"
"1597.0453629";"Distance travelled";"0.242015223611111";"km"
"1597.0458087";"Vehicle acceleration";"0";"m_sec2"
"1597.0483822";"Calculated instant fuel rate";"1.40000002086163";"l/h"
"1597.0512177";"Calculated instant fuel consumption km/l.";"34.9999994784594";"km/l."
"1597.0537126";"Average speed";"46.4587759223876";"km/h"
"1597.0539674";"Distance travelled (total)";"1006.45697362717";"km"
"1597.0551202";"Fuel used";"0.0128934784865722";"l"
"1597.0553909";"Instant engine power (based on fuel consumption)";"4.55922140127102";"hp"
"1597.0642233";"Average fuel consumption (total)";"3.8969778924031";"l/100km"
"1597.0646698";"Average fuel consumption";"5.32754852946379";"l/100km"
"1597.0649375";"Fuel used (total)";"39.2214352924227";"l"
"1597.0653411";"Fuel used price";"0.0166325872476782";"€"
"1597.0667487";"Distance to empty";"0";"km"
"1597.0671261";"Average fuel consumption km/l.";"18.7703592838158";"km/l."
"1597.0675519";"Fuel used price (total)";"50.5956515272253";"€"
"1597.1170422";"Absolute pedal position D";"14";"%"
"1597.1170422";"Engine fuel rate";"1.40000002086163";"l/h"
"1597.1170422";"Engine RPM";"1270";"rpm"
"1597.1170422";"Vehicle speed";"49";"km/h"
"1597.1215938";"Calculated instant fuel consumption";"2.8571428997176";"l/100km"
"1597.1218538";"Distance travelled";"0.243056269444444";"km"
"1597.1223198";"Vehicle acceleration";"0";"m_sec2"
"1597.1247237";"Calculated instant fuel rate";"1.40000002086163";"l/h"
"1597.1282729";"Calculated instant fuel consumption km/l.";"34.9999994784594";"km/l."
"1597.1297353";"Average speed";"46.4702531506075";"km/h"
"1597.130232";"Distance travelled (total)";"1006.458014673";"km"
"1597.1324804";"Fuel used";"0.0129235600147983";"l"
"1597.1329003";"Instant engine power (based on fuel consumption)";"4.55922140127102";"hp"
"1597.1430724";"Average fuel consumption (total)";"3.89697679591392";"l/100km"
"1597.1433737";"Average fuel consumption";"5.31710621755931";"l/100km"
"1597.1434953";"Fuel used (total)";"39.2214653739509";"l"
"1597.1436523";"Fuel used price";"0.0166713924190898";"€"
"1597.1443618";"Distance to empty";"0";"km"
"1597.1445713";"Average fuel consumption km/l.";"18.8072225583454";"km/l."
"1597.1447883";"Fuel used price (total)";"50.5956903323967";"€"
"1597.1851565";"Absolute pedal position D";"14";"%"
"1597.1851565";"Engine fuel rate";"1.40000002086163";"l/h"
"1597.1851565";"Engine RPM";"1266";"rpm"
"1597.1851565";"Vehicle speed";"49";"km/h"
"1597.189842";"Calculated instant fuel consumption";"2.8571428997176";"l/100km"
"1597.1901182";"Distance travelled";"0.24398534075";"km"
"1597.1905812";"Vehicle acceleration";"0";"m_sec2"
"1597.1939326";"Calculated instant fuel rate";"1.40000002086163";"l/h"
"1597.1970439";"Calculated instant fuel consumption km/l.";"34.9999994784594";"km/l."
"1597.1984841";"Average speed";"46.4781542566313";"km/h"
"1597.1987504";"Distance travelled (total)";"1006.45894374431";"km"
"1597.1999674";"Fuel used";"0.0129498032874116";"l"
"1597.2002384";"Instant engine power (based on fuel consumption)";"4.55922140127102";"hp"
"1597.2145942";"Average fuel consumption (total)";"3.8969761874276";"l/100km"
"1597.2150707";"Average fuel consumption";"5.30761530492137";"l/100km"
"1597.2153366";"Fuel used (total)";"39.2214916172235";"l"
"1597.2156499";"Fuel used price";"0.0167052462407609";"€"
"1597.2169596";"Distance to empty";"0";"km"
"1597.2173115";"Average fuel consumption km/l.";"18.8408530488781";"km/l."
"1597.2177181";"Fuel used price (total)";"50.5957241862183";"€"
"1597.2523253";"Absolute pedal position D";"14";"%"
"1597.2523253";"Engine fuel rate";"1.40000002086163";"l/h"
"1597.2523253";"Engine RPM";"1267";"rpm"
"1597.2523253";"Vehicle speed";"49";"km/h"
"1597.2558592";"Calculated instant fuel consumption";"2.8571428997176";"l/100km"
"1597.2562766";"Distance travelled";"0.244885775638889";"km"
"1597.2567532";"Vehicle acceleration";"0";"m_sec2"
"1597.2590166";"Calculated instant fuel rate";"1.40000002086163";"l/h"
"1597.2615921";"Calculated instant fuel consumption km/l.";"34.9999994784594";"km/l."
"1597.2628497";"Average speed";"46.4913455333884";"km/h"
"1597.263115";"Distance travelled (total)";"1006.4598441792";"km"
"1597.2641504";"Fuel used";"0.0129747611655612";"l"
"1597.2644167";"Instant engine power (based on fuel consumption)";"4.55922140127102";"hp"
"1597.283118";"Average fuel consumption (total)";"3.89697530845953";"l/100km"
"1597.2836545";"Average fuel consumption";"5.29829106313384";"l/100km"
"1597.2839208";"Fuel used (total)";"39.2215165751017";"l"
"1597.284243";"Fuel used price";"0.016737441903574";"€"
"1597.2885412";"Distance to empty";"0";"km"
"1597.2895166";"Average fuel consumption km/l.";"18.8740102815061";"km/l."
"1597.2902395";"Fuel used price (total)";"50.5957563818812";"€"
"1597.3255784";"Absolute pedal position D";"14";"%"
"1597.3255784";"Engine fuel rate";"1.40000002086163";"l/h"
"1597.3255784";"Engine RPM";"1264";"rpm"
"1597.3255784";"Vehicle speed";"49";"km/h"
"1597.3277842";"Calculated instant fuel consumption";"2.8571428997176";"l/100km"
"1597.3279088";"Distance travelled";"0.245860770833333";"km"
"1597.3281396";"Vehicle acceleration";"0";"m_sec2"
"1597.3292276";"Calculated instant fuel rate";"1.40000002086163";"l/h"
"1597.3313627";"Calculated instant fuel consumption km/l.";"34.9999994784594";"km/l."
"1597.3320217";"Average speed";"46.5066268488262";"km/h"
"1597.3321455";"Distance travelled (total)";"1006.46081917439";"km"
"1597.3327968";"Fuel used";"0.0130014567548479";"l"
"1597.3329351";"Instant engine power (based on fuel consumption)";"4.55922140127102";"hp"
"1597.3467441";"Average fuel consumption (total)";"3.89697401308434";"l/100km"
"1597.3471121";"Average fuel consumption";"5.28813796148938";"l/100km"
"1597.3472805";"Fuel used (total)";"39.221543270691";"l"
"1597.3474825";"Fuel used price";"0.0167718792137538";"€"
"1597.3482641";"Distance to empty";"0";"km"
"1597.3484879";"Average fuel consumption km/l.";"18.9102479413823";"km/l."
"1597.3487501";"Fuel used price (total)";"50.5957908191913";"€"
"1597.3950142";"Absolute pedal position D";"14";"%"
"1597.3950142";"Engine fuel rate";"1.40000002086163";"l/h"
"1597.3950142";"Engine RPM";"1268";"rpm"
"1597.3950142";"Vehicle speed";"49";"km/h"
"1597.3997555";"Calculated instant fuel consumption";"2.8571428997176";"l/100km"
"1597.4000241";"Distance travelled";"0.246842229944444";"km"
"1597.4004716";"Vehicle acceleration";"0";"m_sec2"
"1597.402783";"Calculated instant fuel rate";"1.40000002086163";"l/h"
"1597.4061761";"Calculated instant fuel consumption km/l.";"34.9999994784594";"km/l."
"1597.4077041";"Average speed";"46.5075276728396";"km/h"
"1597.4079872";"Distance travelled (total)";"1006.4618006335";"km"
"1597.4092342";"Fuel used";"0.0130311781330686";"l"
"1597.4097058";"Instant engine power (based on fuel consumption)";"4.55922140127102";"hp"
"1597.4308583";"Average fuel consumption (total)";"3.89697286533911";"l/100km"
"1597.4313162";"Average fuel consumption";"5.27915265390425";"l/100km"
"1597.4315862";"Fuel used (total)";"39.2215729920692";"l"
"1597.4318925";"Fuel used price";"0.0168102197916585";"€"
"1597.4339182";"Distance to empty";"0";"km"
"1597.434307";"Average fuel consumption km/l.";"18.9424338631397";"km/l."
"1597.4347247";"Fuel used price (total)";"50.5958291597692";"€"
"1597.4910698";"Absolute pedal position D";"14";"%"
"1597.4910698";"Engine fuel rate";"1.40000002086163";"l/h"
"1597.4910698";"Engine RPM";"1267";"rpm"
"1597.4910698";"Vehicle speed";"49";"km/h"
"1597.4950523";"Calculated instant fuel consumption";"2.8571428997176";"l/100km"
"1597.4953239";"Distance travelled";"0.248139289888889";"km"
"1597.495848";"Vehicle acceleration";"0";"m_sec2"
"1597.4991872";"Calculated instant fuel rate";"1.40000002086163";"l/h"
"1597.5033788";"Calculated instant fuel consumption km/l.";"34.9999994784594";"km/l."
"1597.5056223";"Average speed";"46.5136865559522";"km/h"
"1597.5060962";"Distance travelled (total)";"1006.46309769345";"km"
"1597.5072779";"Fuel used";"0.0130693044891923";"l"
"1597.5078723";"Instant engine power (based on fuel consumption)";"4.55922140127102";"hp"
"1597.5187861";"Average fuel consumption (total)";"3.8969707962423";"l/100km"
"1597.5190343";"Average fuel consumption";"5.26692266067353";"l/100km"
"1597.5191537";"Fuel used (total)";"39.2216111184253";"l"
"1597.5197408";"Fuel used price";"0.016859402791058";"€"
"1597.5214103";"Distance to empty";"0";"km"
"1597.5216718";"Average fuel consumption km/l.";"18.9864189095976";"km/l."
"1597.5218877";"Fuel used price (total)";"50.5958783427686";"€"
"1597.5740687";"Absolute pedal position D";"14";"%"
"1597.5740687";"Engine fuel rate";"1.40000002086163";"l/h"
"1597.5740687";"Engine RPM";"1269";"rpm"
"1597.5740687";"Vehicle speed";"49";"km/h"
"1597.5789615";"Calculated instant fuel consumption";"2.8571428997176";"l/100km"
"1597.579221";"Distance travelled";"0.249281158666667";"km"
"1597.5800836";"Vehicle acceleration";"0";"m_sec2"
"1597.5831429";"Calculated instant fuel rate";"1.40000002086163";"l/h"
"1597.5858163";"Calculated instant fuel consumption km/l.";"34.9999994784594";"km/l."
"1597.5870764";"Average speed";"46.5302084855867";"km/h"
"1597.5873389";"Distance travelled (total)";"1006.46423956222";"km"
"1597.5885399";"Fuel used";"0.0131009032674409";"l"
"1597.5888204";"Instant engine power (based on fuel consumption)";"4.55922140127102";"hp"
"1597.5995075";"Average fuel consumption (total)";"3.89697016314115";"l/100km"
"1597.5997872";"Average fuel consumption";"5.2554727110199";"l/100km"
"1597.5999081";"Fuel used (total)";"39.2216427172036";"l"
"1597.6000529";"Fuel used price";"0.0169001652149988";"€"
"1597.6011588";"Distance to empty";"0";"km"
"1597.6014369";"Average fuel consumption km/l.";"19.0277840831169";"km/l."
"1597.6016626";"Fuel used price (total)";"50.5959191051926";"€"
"1597.6415514";"Absolute pedal position D";"14";"%"
"1597.6415514";"Engine fuel rate";"1.40000002086163";"l/h"
"1597.6415514";"Engine RPM";"1266";"rpm"
"1597.6415514";"Vehicle speed";"49";"km/h"
"1597.6454928";"Calculated instant fuel consumption";"2.8571428997176";"l/100km"
"1597.6457514";"Distance travelled";"0.250186641916667";"km"
"1597.6462791";"Vehicle acceleration";"0";"m_sec2"
"1597.6487741";"Calculated instant fuel rate";"1.40000002086163";"l/h"
"1597.6511808";"Calculated instant fuel consumption km/l.";"34.9999994784594";"km/l."
"1597.6525703";"Average speed";"46.5411735273073";"km/h"
"1597.6529325";"Distance travelled (total)";"1006.46514504547";"km"
"1597.6539952";"Fuel used";"0.0131263569011535";"l"
"1597.6542698";"Instant engine power (based on fuel consumption)";"4.55922140127102";"hp"
"1597.6645672";"Average fuel consumption (total)";"3.89696979674656";"l/100km"
"1597.6650053";"Average fuel consumption";"5.24662579928057";"l/100km"
"1597.6652555";"Fuel used (total)";"39.2216681708373";"l"
"1597.6655652";"Fuel used price";"0.016933000402488";"€"
"1597.666834";"Distance to empty";"0";"km"
"1597.6671866";"Average fuel consumption km/l.";"19.0598689187463";"km/l."
"1597.6675941";"Fuel used price (total)";"50.5959519403801";"€"
"1597.7762512";"Absolute pedal position D";"14";"%"
"1597.7762512";"Engine fuel rate";"1.40000002086163";"l/h"
"1597.7762512";"Engine RPM";"1265";"rpm"
"1597.7762512";"Vehicle speed";"49";"km/h"
"1597.7805039";"Calculated instant fuel consumption";"2.8571428997176";"l/100km"
"1597.780791";"Distance travelled";"0.252024592444444";"km"
"1597.7814884";"Vehicle acceleration";"0";"m_sec2"
"1597.784532";"Calculated instant fuel rate";"1.40000002086163";"l/h"
"1597.7879926";"Calculated instant fuel consumption km/l.";"34.9999994784594";"km/l."
"1597.7900132";"Average speed";"46.5524880318111";"km/h"
"1597.7903107";"Distance travelled (total)";"1006.466982996";"km"
"1597.7914578";"Fuel used";"0.0131798119352834";"l"
"1597.7917475";"Instant engine power (based on fuel consumption)";"4.55922140127102";"hp"
"1597.8005913";"Average fuel consumption (total)";"3.89696520933893";"l/100km"
"1597.8008591";"Average fuel consumption";"5.22957375208878";"l/100km"
"1597.8009799";"Fuel used (total)";"39.2217216258714";"l"
"1597.8011258";"Fuel used price";"0.0170019573965156";"€"
"1597.8021991";"Distance to empty";"0";"km"
"1597.8024143";"Average fuel consumption km/l.";"19.1220173460711";"km/l."
"1597.8027362";"Fuel used price (total)";"50.5960208973741";"€"
"1597.8428854";"Absolute pedal position D";"14";"%"
"1597.8428854";"Engine fuel rate";"1.40000002086163";"l/h"
"1597.8428854";"Engine RPM";"1264";"rpm"
"1597.8428854";"Vehicle speed";"49";"km/h"
"1597.8449373";"Calculated instant fuel consumption";"2.8571428997176";"l/100km"
"1597.8450682";"Distance travelled";"0.252899490166667";"km"
"1597.845294";"Vehicle acceleration";"0";"m_sec2"
"1597.8465179";"Calculated instant fuel rate";"1.40000002086163";"l/h"
"1597.8487716";"Calculated instant fuel consumption km/l.";"34.9999994784594";"km/l."
"1597.8495226";"Average speed";"46.5717019202502";"km/h"
"1597.8496648";"Distance travelled (total)";"1006.46785789372";"km"
"1597.8502035";"Fuel used";"0.0132026580300683";"l"
"1597.850331";"Instant engine power (based on fuel consumption)";"4.55922140127102";"hp"
"1597.8652492";"Average fuel consumption (total)";"3.89696713295468";"l/100km"
"1597.8682343";"Average fuel consumption";"5.22051587425796";"l/100km"
"1597.8685911";"Fuel used (total)";"39.2217444719662";"l"
"1597.8692355";"Fuel used price";"0.0170314288587881";"€"
"1597.8705368";"Distance to empty";"0";"km"
"1597.8708844";"Average fuel consumption km/l.";"19.155195081983";"km/l."
"1597.8712935";"Fuel used price (total)";"50.5960503688364";"€"
"1597.9495093";"Absolute pedal position D";"14";"%"
"1597.9495093";"Engine fuel rate";"1.40000002086163";"l/h"
"1597.9495093";"Engine RPM";"1267";"rpm"
"1597.9495093";"Vehicle speed";"49";"km/h"
"1597.9543137";"Calculated instant fuel consumption";"2.8571428997176";"l/100km"
"1597.9545783";"Distance travelled";"0.25438992725";"km"
"1597.9550535";"Vehicle acceleration";"0";"m_sec2"
"1597.9576351";"Calculated instant fuel rate";"1.40000002086163";"l/h"
"1597.9610817";"Calculated instant fuel consumption km/l.";"34.9999994784594";"km/l."
"1597.9627355";"Average speed";"46.5768299729374";"km/h"
"1597.962998";"Distance travelled (total)";"1006.46934833081";"km"
"1597.9640829";"Fuel used";"0.0132469410418393";"l"
"1597.9643504";"Instant engine power (based on fuel consumption)";"4.55922140127102";"hp"
"1597.9833713";"Average fuel consumption (total)";"3.89696363202854";"l/100km"
"1597.9838427";"Average fuel consumption";"5.20733709272259";"l/100km"
"1597.9840968";"Fuel used (total)";"39.221788754978";"l"
"1597.9844109";"Fuel used price";"0.0170885539439726";"€"
"1597.9856426";"Distance to empty";"0";"km"
"1597.9860711";"Average fuel consumption km/l.";"19.203673243999";"km/l."
"1597.986492";"Fuel used price (total)";"50.5961074939216";"€"
"1598.03839";"Absolute pedal position D";"14";"%"
"1598.03839";"Engine fuel rate";"1.40000002086163";"l/h"
"1598.03839";"Engine RPM";"1262";"rpm"
"1598.03839";"Vehicle speed";"49";"km/h"
"1598.0422054";"Calculated instant fuel consumption";"2.8571428997176";"l/100km"
"1598.0425795";"Distance travelled";"0.255587656027778";"km"
"1598.0432421";"Vehicle acceleration";"0";"m_sec2"
"1598.0471295";"Calculated instant fuel rate";"1.40000002086163";"l/h"
"1598.0499481";"Calculated instant fuel consumption km/l.";"34.9999994784594";"km/l."
"1598.0513402";"Average speed";"46.5862544621622";"km/h"
"1598.0517746";"Distance travelled (total)";"1006.47054605958";"km"
"1598.0530445";"Fuel used";"0.0132815350812436";"l"
"1598.0533213";"Instant engine power (based on fuel consumption)";"4.55922140127102";"hp"
"1598.0624556";"Average fuel consumption (total)";"3.89696339436206";"l/100km"
"1598.0627551";"Average fuel consumption";"5.19646969171319";"l/100km"
"1598.0628785";"Fuel used (total)";"39.2218233490174";"l"
"1598.0630262";"Fuel used price";"0.0171331802548043";"€"
"1598.063664";"Distance to empty";"0";"km"
"1598.0638428";"Average fuel consumption km/l.";"19.2438339743365";"km/l."
"1598.0640549";"Fuel used price (total)";"50.5961521202324";"€"
"1598.0999202";"Absolute pedal position D";"14";"%"
"1598.0999202";"Engine fuel rate";"1.40000002086163";"l/h"
"1598.0999202";"Engine RPM";"1269";"rpm"
"1598.0999202";"Vehicle speed";"49";"km/h"
"1598.1036715";"Calculated instant fuel consumption";"2.8571428997176";"l/100km"
"1598.1039304";"Distance travelled";"0.256422631";"km"
"1598.1043801";"Vehicle acceleration";"0";"m_sec2"
"1598.1068122";"Calculated instant fuel rate";"1.40000002086163";"l/h"
"1598.1100219";"Calculated instant fuel consumption km/l.";"34.9999994784594";"km/l."
"1598.1122132";"Average speed";"46.594563367208";"km/h"
"1598.1124836";"Distance travelled (total)";"1006.47138103456";"km"
"1598.1144267";"Fuel used";"0.0133054033704882";"l"
"1598.1147174";"Instant engine power (based on fuel consumption)";"4.55922140127102";"hp"
"1598.1285102";"Average fuel consumption (total)";"3.89696359857755";"l/100km"
"1598.1287891";"Average fuel consumption";"5.18885689558664";"l/100km"
"1598.1289147";"Fuel used (total)";"39.2218472173066";"l"
"1598.1290629";"Fuel used price";"0.0171639703479298";"€"
"1598.1304074";"Distance to empty";"0";"km"
"1598.130776";"Average fuel consumption km/l.";"19.2720674345547";"km/l."
"1598.1309974";"Fuel used price (total)";"50.5961829103255";"€"
"1598.165417";"Absolute pedal position D";"13";"%"
"1598.165417";"Engine fuel rate";"1.35000002011657";"l/h"
"1598.165417";"Engine RPM";"1263";"rpm"
"1598.165417";"Vehicle speed";"49";"km/h"
"1598.1675092";"Calculated instant fuel consumption";"2.8571428997176";"l/100km"
"1598.1676357";"Distance travelled";"0.257289735";"km"
"1598.1678688";"Vehicle acceleration";"0";"m_sec2"
"1598.16898";"Calculated instant fuel rate";"1.35000002011657";"l/h"
"1598.1704842";"Calculated instant fuel consumption km/l.";"34.9999994784594";"km/l."
"1598.1710992";"Average speed";"46.6133796124003";"km/h"
"1598.1712207";"Distance travelled (total)";"1006.47224813856";"km"
"1598.1719848";"Fuel used";"0.0133269881083098";"l"
"1598.1721129";"Instant engine power (based on fuel consumption)";"4.39639206551135";"hp"
"1598.184226";"Average fuel consumption (total)";"3.8969626127145";"l/100km"
"1598.1845807";"Average fuel consumption";"5.17975896252131";"l/100km"
"1598.1847472";"Fuel used (total)";"39.2218688020444";"l"
"1598.1849704";"Fuel used price";"0.0171918146597197";"€"
"1598.1866084";"Distance to empty";"0";"km"
"1598.1869664";"Average fuel consumption km/l.";"19.3059176543852";"km/l."
"1598.187243";"Fuel used price (total)";"50.5962107546373";"€"
"1598.2419532";"Absolute pedal position D";"12";"%"
"1598.2419532";"Engine fuel rate";"1.30000001937151";"l/h"
"1598.2419532";"Engine RPM";"1269";"rpm"
"1598.2419532";"Vehicle speed";"49";"km/h"
"1598.2463857";"Calculated instant fuel consumption";"2.75510208187055";"l/100km"
"1598.2466549";"Distance travelled";"0.258365167944445";"km"
"1598.2471141";"Vehicle acceleration";"0";"m_sec2"
"1598.2495594";"Calculated instant fuel rate";"1.30000001937151";"l/h"
"1598.2528836";"Calculated instant fuel consumption km/l.";"36.2962957554393";"km/l."
"1598.2542724";"Average speed";"46.6132810533745";"km/h"
"1598.2545402";"Distance travelled (total)";"1006.4733235715";"km"
"1598.2564313";"Fuel used";"0.0133574794282086";"l"
"1598.2567123";"Instant engine power (based on fuel consumption)";"4.23356272975167";"hp"
"1598.2746419";"Average fuel consumption (total)";"3.89696059333838";"l/100km"
"1598.2750113";"Average fuel consumption";"5.17000009501313";"l/100km"
"1598.2753229";"Fuel used (total)";"39.2218992933643";"l"
"1598.2770761";"Fuel used price";"0.0172311484623891";"€"
"1598.287594";"Distance to empty";"0";"km"
"1598.2877909";"Average fuel consumption km/l.";"19.342359412422";"km/l."
"1598.2879999";"Fuel used price (total)";"50.59625008844";"€"
"1598.3083538";"Absolute pedal position D";"10";"%"
"1598.3083538";"Engine fuel rate";"1.10000001639128";"l/h"
"1598.3083538";"Engine RPM";"1261";"rpm"
"1598.3083538";"Vehicle speed";"49";"km/h"
"1598.3112353";"Calculated instant fuel consumption";"2.65306126402349";"l/100km"
"1598.3113719";"Distance travelled";"0.259246031416667";"km"
"1598.3115999";"Vehicle acceleration";"0";"m_sec2"
"1598.3128361";"Calculated instant fuel rate";"1.10000001639128";"l/h"
"1598.3141665";"Calculated instant fuel consumption km/l.";"37.6923071306485";"km/l."
"1598.3148403";"Average speed";"46.6304971967313";"km/h"
"1598.3149624";"Distance travelled (total)";"1006.47420443497";"km"
"1598.3157937";"Fuel used";"0.0133756178173678";"l"
"1598.3160788";"Instant engine power (based on fuel consumption)";"3.58224538671295";"hp"
"1598.3416978";"Average fuel consumption (total)";"3.89696021224739";"l/100km"
"1598.3420507";"Average fuel consumption";"5.15943011519824";"l/100km"
"1598.3423082";"Fuel used (total)";"39.2219174317535";"l"
"1598.3426926";"Fuel used price";"0.0172545469844045";"€"
"1598.3648516";"Distance to empty";"0";"km"
"1598.3650744";"Average fuel consumption km/l.";"19.3819855618216";"km/l."
"1598.3652816";"Fuel used price (total)";"50.596273486962";"€"
"1598.3695195";"Absolute pedal position D";"7";"%"
"1598.3695195";"Engine fuel rate";"0.950000014156103";"l/h"
"1598.3695195";"Engine RPM";"1259";"rpm"
"1598.3695195";"Vehicle speed";"49";"km/h"
"1598.3717481";"Calculated instant fuel consumption";"2.24489799263526";"l/100km"
"1598.3718838";"Distance travelled";"0.26006961525";"km"
"1598.3721226";"Vehicle acceleration";"0";"m_sec2"
"1598.3734637";"Calculated instant fuel rate";"0.950000014156103";"l/h"
"1598.3751522";"Calculated instant fuel consumption km/l.";"44.5454538816756";"km/l."
"1598.3761814";"Average speed";"46.6357486127337";"km/h"
"1598.376326";"Distance travelled (total)";"1006.47502801881";"km"
"1598.3776736";"Fuel used";"0.013391945494";"l"
"1598.37788";"Instant engine power (based on fuel consumption)";"3.09375737943391";"hp"
"1598.4060682";"Average fuel consumption (total)";"3.89695882559151";"l/100km"
"1598.406427";"Average fuel consumption";"5.14936951828323";"l/100km"
"1598.4067467";"Fuel used (total)";"39.2219337594301";"l"
"1598.4070667";"Fuel used price";"0.01727560968726";"€"
"1598.4242642";"Distance to empty";"0";"km"
"1598.4245679";"Average fuel consumption km/l.";"19.4198531771593";"km/l."
"1598.4247756";"Fuel used price (total)";"50.5962945496648";"€"
"1598.4442335";"Absolute pedal position D";"7";"%"
"1598.4442335";"Engine fuel rate";"0.750000011175871";"l/h"
"1598.4442335";"Engine RPM";"1264";"rpm"
"1598.4442335";"Vehicle speed";"49";"km/h"
"1598.446883";"Calculated instant fuel consumption";"1.93877553909409";"l/100km"
"1598.4470115";"Distance travelled";"0.261092178555556";"km"
"1598.4472431";"Vehicle acceleration";"0";"m_sec2"
"1598.4484147";"Calculated instant fuel rate";"0.750000011175871";"l/h"
"1598.4501023";"Calculated instant fuel consumption km/l.";"51.5789465998349";"km/l."
"1598.4507449";"Average speed";"46.6458248661714";"km/h"
"1598.4508711";"Distance travelled (total)";"1006.47605058211";"km"
"1598.451394";"Fuel used";"0.0134073038067288";"l"
"1598.4515193";"Instant engine power (based on fuel consumption)";"2.44244003639519";"hp"
"1598.4644081";"Average fuel consumption (total)";"3.89695648860651";"l/100km"
"1598.4645813";"Average fuel consumption";"5.1350844291477";"l/100km"
"1598.4647308";"Fuel used (total)";"39.2219491177429";"l"
"1598.464879";"Fuel used price";"0.0172954219106802";"€"
"1598.4812453";"Distance to empty";"0";"km"
"1598.4815583";"Average fuel consumption km/l.";"19.4738765018899";"km/l."
"1598.4817814";"Fuel used price (total)";"50.5963143618883";"€"
"1598.5265957";"Absolute pedal position D";"7";"%"
"1598.5265957";"Engine fuel rate";"0.650000009685755";"l/h"
"1598.5265957";"Engine RPM";"1259";"rpm"
"1598.5265957";"Vehicle speed";"49";"km/h"
"1598.5308546";"Calculated instant fuel consumption";"1.53061226770586";"l/100km"
"1598.5311196";"Distance travelled";"0.262236837611111";"km"
"1598.5315909";"Vehicle acceleration";"0";"m_sec2"
"1598.5343599";"Calculated instant fuel rate";"0.650000009685755";"l/h"
"1598.5383122";"Calculated instant fuel consumption km/l.";"65.3333323597908";"km/l."
"1598.5399707";"Average speed";"46.6439712618003";"km/h"
"1598.540862";"Distance travelled (total)";"1006.47719524117";"km"
"1598.5421552";"Fuel used";"0.0134236893500286";"l"
"1598.5424651";"Instant engine power (based on fuel consumption)";"2.11678136487583";"hp"
"1598.5529391";"Average fuel consumption (total)";"3.89695358257419";"l/100km"
"1598.5533";"Average fuel consumption";"5.11891825432072";"l/100km"
"1598.5536372";"Fuel used (total)";"39.2219655032862";"l"
"1598.5539477";"Fuel used price";"0.0173165592615368";"€"
"1598.5691253";"Distance to empty";"0";"km"
"1598.5696008";"Average fuel consumption km/l.";"19.5353774043164";"km/l."
"1598.5699158";"Fuel used price (total)";"50.5963354992391";"€"
"1598.5947576";"Absolute pedal position D";"7";"%"
"1598.5947576";"Engine fuel rate";"0.550000008195639";"l/h"
"1598.5947576";"Engine RPM";"1252";"rpm"
"1598.5947576";"Vehicle speed";"49";"km/h"
"1598.5979505";"Calculated instant fuel consumption";"1.32653063201174";"l/100km"
"1598.5982051";"Distance travelled";"0.263149885916667";"km"
"1598.5986663";"Vehicle acceleration";"0";"m_sec2"
"1598.6012086";"Calculated instant fuel rate";"0.550000008195639";"l/h"
"1598.6043083";"Calculated instant fuel consumption km/l.";"75.3846142612971";"km/l."
"1598.6055299";"Average speed";"46.6552305946631";"km/h"
"1598.6057787";"Distance travelled (total)";"1006.47810828947";"km"
"1598.6071239";"Fuel used";"0.0134336145126765";"l"
"1598.6074072";"Instant engine power (based on fuel consumption)";"1.79112269335647";"hp"
"1598.619593";"Average fuel consumption (total)";"3.89695167537668";"l/100km"
"1598.6197827";"Average fuel consumption";"5.10492887575507";"l/100km"
"1598.619935";"Fuel used (total)";"39.2219754284488";"l"
"1598.6200814";"Fuel used price";"0.0173293627213526";"€"
"1598.6313148";"Distance to empty";"0";"km"
"1598.6316317";"Average fuel consumption km/l.";"19.5889115076474";"km/l."
"1598.6318364";"Fuel used price (total)";"50.5963483026989";"€"
"1598.6763336";"Absolute pedal position D";"7";"%"
"1598.6763336";"Engine fuel rate";"0.500000007450581";"l/h"
"1598.6763336";"Engine RPM";"1237";"rpm"
"1598.6763336";"Vehicle speed";"49";"km/h"
"1598.6810142";"Calculated instant fuel consumption";"1.12244899631763";"l/100km"
"1598.6812908";"Distance travelled";"0.264280690222222";"km"
"1598.6817544";"Vehicle acceleration";"0";"m_sec2"
"1598.6844699";"Calculated instant fuel rate";"0.500000007450581";"l/h"
"1598.6880404";"Calculated instant fuel consumption km/l.";"89.0909077633511";"km/l."
"1598.6896942";"Average speed";"46.6623306326634";"km/h"
"1598.6899669";"Distance travelled (total)";"1006.47923909378";"km"
"1598.6910651";"Fuel used";"0.0134452720961835";"l"
"1598.6913379";"Instant engine power (based on fuel consumption)";"1.6282933575968";"hp"
"1598.7045534";"Average fuel consumption (total)";"3.89694828318205";"l/100km"
"1598.7048009";"Average fuel consumption";"5.08749696577451";"l/100km"
"1598.7049879";"Fuel used (total)";"39.2219870860323";"l"
"1598.7055447";"Fuel used price";"0.0173444010040767";"€"
"1598.720243";"Distance to empty";"0";"km"
"1598.7204965";"Average fuel consumption km/l.";"19.6560313790332";"km/l."
"1598.7207149";"Fuel used price (total)";"50.5963633409817";"€"
"1598.7436937";"Absolute pedal position D";"7";"%"
"1598.7436937";"Engine fuel rate";"0.400000005960464";"l/h"
"1598.7436937";"Engine RPM";"1246";"rpm"
"1598.7436937";"Vehicle speed";"49";"km/h"
"1598.7465672";"Calculated instant fuel consumption";"1.02040817847057";"l/100km"
"1598.7467325";"Distance travelled";"0.265171402694445";"km"
"1598.7470418";"Vehicle acceleration";"0";"m_sec2"
"1598.7485724";"Calculated instant fuel rate";"0.400000005960464";"l/h"
"1598.7506309";"Calculated instant fuel consumption km/l.";"97.9999985396862";"km/l."
"1598.7514753";"Average speed";"46.6780249641315";"km/h"
"1598.7516345";"Distance travelled (total)";"1006.48012980625";"km"
"1598.7523163";"Fuel used";"0.0134520776185071";"l"
"1598.7524867";"Instant engine power (based on fuel consumption)";"1.30263468607744";"hp"
"1598.767005";"Average fuel consumption (total)";"3.89694599272244";"l/100km"
"1598.7672319";"Average fuel consumption";"5.07297449190171";"l/100km"
"1598.7674284";"Fuel used (total)";"39.2219938915546";"l"
"1598.7676262";"Fuel used price";"0.0173531801278742";"€"
"1598.7831643";"Distance to empty";"0";"km"
"1598.7835309";"Average fuel consumption km/l.";"19.7123009704929";"km/l."
"1598.7837994";"Fuel used price (total)";"50.5963721201055";"€"
"1598.8343643";"Absolute pedal position D";"7";"%"
"1598.8343643";"Engine fuel rate";"0.25000000372529";"l/h"
"1598.8343643";"Engine RPM";"1247";"rpm"
"1598.8343643";"Vehicle speed";"48";"km/h"
"1598.8377932";"Calculated instant fuel consumption";"0.833333345750968";"l/100km"
"1598.8380609";"Distance travelled";"0.266389025361111";"km"
"1598.8385303";"Vehicle acceleration";"-1.15804433178989";"m_sec2"
"1598.8410176";"Calculated instant fuel rate";"0.25000000372529";"l/h"
"1598.8438125";"Calculated instant fuel consumption km/l.";"119.999998211861";"km/l."
"1598.845104";"Average speed";"46.6787611794116";"km/h"
"1598.8453532";"Distance travelled (total)";"1006.48134742892";"km"
"1598.8469075";"Fuel used";"0.0134586459449939";"l"
"1598.8471772";"Instant engine power (based on fuel consumption)";"0.814146678798398";"hp"
"1598.876733";"Average fuel consumption (total)";"3.89694195443842";"l/100km"
"1598.8770841";"Average fuel consumption";"5.05225240670093";"l/100km"
"1598.8773983";"Fuel used (total)";"39.2220004598811";"l"
"1598.8779312";"Fuel used price";"0.0173616532690421";"€"
"1598.9016155";"Distance to empty";"0";"km"
"1598.9019038";"Average fuel consumption km/l.";"19.7931520340052";"km/l."
"1598.902106";"Fuel used price (total)";"50.5963805932466";"€"
"1598.9036285";"Absolute pedal position D";"7";"%"
"1598.9036285";"Engine fuel rate";"0.200000002980232";"l/h"
"1598.9036285";"Engine RPM";"1246";"rpm"
"1598.9036285";"Vehicle speed";"48";"km/h"
"1598.9060793";"Calculated instant fuel consumption";"0.520833341094355";"l/100km"
"1598.9062119";"Distance travelled";"0.267297709361111";"km"
"1598.9064431";"Vehicle acceleration";"-1.15804433178989";"m_sec2"
"1598.9076955";"Calculated instant fuel rate";"0.200000002980232";"l/h"
"1598.909143";"Calculated instant fuel consumption km/l.";"191.999997138977";"km/l."
"1598.9100355";"Average speed";"46.6902788888387";"km/h"
"1598.9101644";"Distance travelled (total)";"1006.48225611292";"km"
"1598.9107865";"Fuel used";"0.0134621947339357";"l"
"1598.9109356";"Instant engine power (based on fuel consumption)";"0.651317343038718";"hp"
"1598.9181537";"Average fuel consumption (total)";"3.89693908875834";"l/100km"
"1598.9183333";"Average fuel consumption";"5.03640482595706";"l/100km"
"1598.9184801";"Fuel used (total)";"39.2220040086701";"l"
"1598.9186279";"Fuel used price";"0.017366231206777";"€"
"1598.932731";"Distance to empty";"0";"km"
"1598.9330393";"Average fuel consumption km/l.";"19.8554332814176";"km/l."
"1598.9332418";"Fuel used price (total)";"50.5963851711844";"€"
"1599.000301";"Absolute pedal position D";"7";"%"
"1599.000301";"Engine fuel rate";"0";"l/h"
"1599.000301";"Engine RPM";"1261";"rpm"
"1599.000301";"Vehicle speed";"48";"km/h"
"1599.0045908";"Calculated instant fuel consumption";"0.416666672875484";"l/100km"
"1599.004858";"Distance travelled";"0.268612878694444";"km"
"1599.0053276";"Vehicle acceleration";"-1.15804433178989";"m_sec2"
"1599.0080622";"Calculated instant fuel rate";"0";"l/h"
"1599.0120071";"Calculated instant fuel consumption km/l.";"239.999996423721";"km/l."
"1599.0140797";"Average speed";"46.6845368603373";"km/h"
"1599.0143557";"Distance travelled (total)";"1006.48357128225";"km"
"1599.0156267";"Fuel used";"0.0134621947339357";"l"
"1599.0160737";"Instant engine power (based on fuel consumption)";"0";"hp"
"1599.0368563";"Average fuel consumption (total)";"3.89693434923151";"l/100km"
"1599.0370425";"Average fuel consumption";"5.01174582520644";"l/100km"
"1599.0371639";"Fuel used (total)";"39.2220040086701";"l"
"1599.0373114";"Fuel used price";"0.017366231206777";"€"
"1599.0501672";"Distance to empty";"0";"km"
"1599.0504142";"Average fuel consumption km/l.";"19.9531268120288";"km/l."
"1599.05063";"Fuel used price (total)";"50.5963851711844";"€"
"1599.0657071";"Absolute pedal position D";"7";"%"
"1599.0657071";"Engine fuel rate";"0.100000001490116";"l/h"
"1599.0657071";"Engine RPM";"1251";"rpm"
"1599.0657071";"Vehicle speed";"48";"km/h"
"1599.0683507";"Calculated instant fuel consumption";"0";"l/100km"
"1599.068517";"Distance travelled";"0.269461657361111";"km"
"1599.0687904";"Vehicle acceleration";"-1.15804433178989";"m_sec2"
"1599.0700896";"Calculated instant fuel rate";"0.100000001490116";"l/h"
"1599.0729342";"Average speed";"46.6991498601787";"km/h"
"1599.073059";"Distance travelled (total)";"1006.48442006092";"km"
"1599.0735667";"Fuel used";"0.0134638042089597";"l"
"1599.0737163";"Instant engine power (based on fuel consumption)";"0.325658671519359";"hp"
"1599.0842193";"Average fuel consumption (total)";"3.89693106290668";"l/100km"
"1599.0844471";"Average fuel consumption";"4.99655659391886";"l/100km"
"1599.084645";"Fuel used (total)";"39.2220056181451";"l"
"1599.0848436";"Fuel used price";"0.017368307429558";"€"
"1599.1008886";"Distance to empty";"0";"km"
"1599.1012826";"Average fuel consumption km/l.";"20.013783116498";"km/l."
"1599.1015576";"Fuel used price (total)";"50.5963872474071";"€"
"1599.1406253";"Absolute pedal position D";"7";"%"
"1599.1406253";"Engine fuel rate";"0";"l/h"
"1599.1406253";"Engine RPM";"1251";"rpm"
"1599.1406253";"Vehicle speed";"48";"km/h"
"1599.1434466";"Calculated instant fuel consumption";"0.208333336437742";"l/100km"
"1599.1436187";"Distance travelled";"0.270462969361111";"km"
"1599.143924";"Vehicle acceleration";"-1.15804433178989";"m_sec2"
"1599.145494";"Calculated instant fuel rate";"0";"l/h"
"1599.1478133";"Calculated instant fuel consumption km/l.";"479.999992847443";"km/l."
"1599.1486606";"Average speed";"46.7024747066774";"km/h"
"1599.1488207";"Distance travelled (total)";"1006.48542137292";"km"
"1599.1496009";"Fuel used";"0.0134638042089597";"l"
"1599.1498113";"Instant engine power (based on fuel consumption)";"0";"hp"
"1599.1523429";"Average fuel consumption (total)";"3.89692734591659";"l/100km"
"1599.1525589";"Average fuel consumption";"4.97805826829599";"l/100km"
"1599.1528264";"Fuel used (total)";"39.2220056181451";"l"
"1599.1530343";"Fuel used price";"0.017368307429558";"€"
"1599.1683808";"Distance to empty";"0";"km"
"1599.1687581";"Average fuel consumption km/l.";"20.0881537761169";"km/l."
"1599.169029";"Fuel used price (total)";"50.5963872474071";"€"
"1599.2014911";"Absolute pedal position D";"7";"%"
"1599.2014911";"Engine fuel rate";"0";"l/h"
"1599.2014911";"Engine RPM";"1246";"rpm"
"1599.2014911";"Vehicle speed";"48";"km/h"
"1599.204721";"Calculated instant fuel consumption";"0";"l/100km"
"1599.2048949";"Distance travelled";"0.271279940027778";"km"
"1599.2052048";"Vehicle acceleration";"-1.15804433178989";"m_sec2"
"1599.206936";"Calculated instant fuel rate";"0";"l/h"
"1599.2102386";"Average speed";"46.7056019159187";"km/h"
"1599.2104012";"Distance travelled (total)";"1006.48623834358";"km"
"1599.2112106";"Fuel used";"0.0134638042089597";"l"
"1599.2114385";"Instant engine power (based on fuel consumption)";"0";"hp"
"1599.2214473";"Average fuel consumption (total)";"3.89692418275826";"l/100km"
"1599.2216288";"Average fuel consumption";"4.96306664163263";"l/100km"
"1599.2217837";"Fuel used (total)";"39.2220056181451";"l"
"1599.2219313";"Fuel used price";"0.017368307429558";"€"
"1599.2346296";"Distance to empty";"0";"km"
"1599.234933";"Average fuel consumption km/l.";"20.1488328125903";"km/l."
"1599.2351349";"Fuel used price (total)";"50.5963872474071";"€"
"1599.2685732";"Absolute pedal position D";"7";"%"
"1599.2685732";"Engine fuel rate";"0";"l/h"
"1599.2685732";"Engine RPM";"1245";"rpm"
"1599.2685732";"Vehicle speed";"48";"km/h"
"1599.2713766";"Calculated instant fuel consumption";"0";"l/100km"
"1599.2715494";"Distance travelled";"0.272168609361111";"km"
"1599.2718642";"Vehicle acceleration";"-1.15804433178989";"m_sec2"
"1599.273562";"Calculated instant fuel rate";"0";"l/h"
"1599.276688";"Average speed";"46.7101760905769";"km/h"
"1599.2768496";"Distance travelled (total)";"1006.48712701292";"km"
"1599.2775812";"Fuel used";"0.0134638042089597";"l"
"1599.277789";"Instant engine power (based on fuel consumption)";"0";"hp"
"1599.2858076";"Average fuel consumption (total)";"3.89692074200187";"l/100km"
"1599.2862467";"Average fuel consumption";"4.94686152108599";"l/100km"
"1599.2864209";"Fuel used (total)";"39.2220056181451";"l"
"1599.2866468";"Fuel used price";"0.017368307429558";"€"
"1599.2878242";"Distance to empty";"0";"km"
"1599.2880845";"Average fuel consumption km/l.";"20.2148371394166";"km/l."
"1599.288438";"Fuel used price (total)";"50.5963872474071";"€"
"1599.3383487";"Absolute pedal position D";"7";"%"
"1599.3383487";"Engine fuel rate";"0";"l/h"
"1599.3383487";"Engine RPM";"1246";"rpm"
"1599.3383487";"Vehicle speed";"48";"km/h"
"1599.3426953";"Calculated instant fuel consumption";"0";"l/100km"
"1599.3429682";"Distance travelled";"0.273120761361111";"km"
"1599.343454";"Vehicle acceleration";"0";"m_sec2"
"1599.346053";"Calculated instant fuel rate";"0";"l/h"
"1599.3503072";"Average speed";"46.7097485007399";"km/h"
"1599.3505577";"Distance travelled (total)";"1006.48807916492";"km"
"1599.3516132";"Fuel used";"0.0134638042089597";"l"
"1599.3519294";"Instant engine power (based on fuel consumption)";"0";"hp"
"1599.3709578";"Average fuel consumption (total)";"3.89691705545957";"l/100km"
"1599.3714289";"Average fuel consumption";"4.92961580139939";"l/100km"
"1599.3716864";"Fuel used (total)";"39.2220056181451";"l"
"1599.3720476";"Fuel used price";"0.017368307429558";"€"
"1599.3734434";"Distance to empty";"0";"km"
"1599.3738379";"Average fuel consumption km/l.";"20.2855565278764";"km/l."
"1599.3742376";"Fuel used price (total)";"50.5963872474071";"€"
"1599.4413808";"Absolute pedal position D";"7";"%"
"1599.4413808";"Engine fuel rate";"0";"l/h"
"1599.4413808";"Engine RPM";"1242";"rpm"
"1599.4413808";"Vehicle speed";"48";"km/h"
"1599.4436929";"Calculated instant fuel consumption";"0";"l/100km"
"1599.4438196";"Distance travelled";"0.274465452027778";"km"
"1599.4440524";"Vehicle acceleration";"0";"m_sec2"
"1599.4452445";"Calculated instant fuel rate";"0";"l/h"
"1599.4477547";"Average speed";"46.7232630892438";"km/h"
"1599.4478836";"Distance travelled (total)";"1006.48942385558";"km"
"1599.4484318";"Fuel used";"0.0134638042089597";"l"
"1599.4485841";"Instant engine power (based on fuel consumption)";"0";"hp"
"1599.4672576";"Average fuel consumption (total)";"3.89691184909786";"l/100km"
"1599.4675389";"Average fuel consumption";"4.90546409738921";"l/100km"
"1599.4676591";"Fuel used (total)";"39.2220056181451";"l"
"1599.4678128";"Fuel used price";"0.017368307429558";"€"
"1599.4691624";"Distance to empty";"0";"km"
"1599.4697432";"Average fuel consumption km/l.";"20.3854310244003";"km/l."
"1599.4699591";"Fuel used price (total)";"50.5963872474071";"€"
"1599.5009116";"Absolute pedal position D";"7";"%"
"1599.5009116";"Engine fuel rate";"0";"l/h"
"1599.5009116";"Engine RPM";"1243";"rpm"
"1599.5009116";"Vehicle speed";"48";"km/h"
"1599.5035179";"Calculated instant fuel consumption";"0";"l/100km"
"1599.5036833";"Distance travelled";"0.275263568027778";"km"
"1599.503997";"Vehicle acceleration";"0";"m_sec2"
"1599.5055758";"Calculated instant fuel rate";"0";"l/h"
"1599.5083323";"Average speed";"46.7253304113484";"km/h"
"1599.5085044";"Distance travelled (total)";"1006.49022197158";"km"
"1599.5092138";"Fuel used";"0.0134638042089597";"l"
"1599.5094902";"Instant engine power (based on fuel consumption)";"0";"hp"
"1599.5184265";"Average fuel consumption (total)";"3.89690875896581";"l/100km"
"1599.5187477";"Average fuel consumption";"4.89124089519939";"l/100km"
"1599.518911";"Fuel used (total)";"39.2220056181451";"l"
"1599.5191126";"Fuel used price";"0.017368307429558";"€"
"1599.5208232";"Distance to empty";"0";"km"
"1599.5210949";"Average fuel consumption km/l.";"20.4447096641973";"km/l."
"1599.5213575";"Fuel used price (total)";"50.5963872474071";"€"
"1599.5624158";"Absolute pedal position D";"7";"%"
"1599.5624158";"Engine fuel rate";"0";"l/h"
"1599.5624158";"Engine RPM";"1236";"rpm"
"1599.5624158";"Vehicle speed";"48";"km/h"
"1599.5671722";"Calculated instant fuel consumption";"0";"l/100km"
"1599.5674439";"Distance travelled";"0.276113614694444";"km"
"1599.5679227";"Vehicle acceleration";"0";"m_sec2"
"1599.5705598";"Calculated instant fuel rate";"0";"l/h"
"1599.5750938";"Average speed";"46.7226546697389";"km/h"
"1599.5753485";"Distance travelled (total)";"1006.49107201825";"km"
"1599.5766648";"Fuel used";"0.0134638042089597";"l"
"1599.5770017";"Instant engine power (based on fuel consumption)";"0";"hp"
"1599.5891847";"Average fuel consumption (total)";"3.89690546777487";"l/100km"
"1599.5897042";"Average fuel consumption";"4.87618266265468";"l/100km"
"1599.5899597";"Fuel used (total)";"39.2220056181451";"l"
"1599.5902876";"Fuel used price";"0.017368307429558";"€"
"1599.5938734";"Distance to empty";"0";"km"
"1599.594534";"Average fuel consumption km/l.";"20.5078453614693";"km/l."
"1599.5950012";"Fuel used price (total)";"50.5963872474071";"€"
"1599.6363559";"Absolute pedal position D";"7";"%"
"1599.6363559";"Engine fuel rate";"0";"l/h"
"1599.6363559";"Engine RPM";"1236";"rpm"
"1599.6363559";"Vehicle speed";"48";"km/h"
"1599.6410214";"Calculated instant fuel consumption";"0";"l/100km"
"1599.6412899";"Distance travelled";"0.277098162694444";"km"
"1599.6417593";"Vehicle acceleration";"0";"m_sec2"
"1599.6443811";"Calculated instant fuel rate";"0";"l/h"
"1599.64956";"Average speed";"46.7256897583987";"km/h"
"1599.6500336";"Distance travelled (total)";"1006.49205656625";"km"
"1599.6510901";"Fuel used";"0.0134638042089597";"l"
"1599.6514076";"Instant engine power (based on fuel consumption)";"0";"hp"
"1599.6524192";"Average fuel consumption (total)";"3.89690165583173";"l/100km"
"1599.6528122";"Average fuel consumption";"4.85885726489142";"l/100km"
"1599.6530591";"Fuel used (total)";"39.2220056181451";"l"
"1599.653372";"Fuel used price";"0.017368307429558";"€"
"1599.6545768";"Distance to empty";"0";"km"
"1599.6549658";"Average fuel consumption km/l.";"20.5809709049428";"km/l."
"1599.6553601";"Fuel used price (total)";"50.5963872474071";"€"
"1599.7943783";"Absolute pedal position D";"7";"%"
"1599.7943783";"Engine fuel rate";"0";"l/h"
"1599.7943783";"Engine RPM";"1232";"rpm"
"1599.7943783";"Vehicle speed";"47";"km/h"
"1599.7990295";"Calculated instant fuel consumption";"0";"l/100km"
"1599.7993976";"Distance travelled";"0.279162242111111";"km"
"1599.7999006";"Vehicle acceleration";"-0.608566572557932";"m_sec2"
"1599.802798";"Calculated instant fuel rate";"0";"l/h"
"1599.8089496";"Average speed";"46.7249182173115";"km/h"
"1599.8092176";"Distance travelled (total)";"1006.49412064567";"km"
"1599.8109439";"Fuel used";"0.0134638042089597";"l"
"1599.8112668";"Instant engine power (based on fuel consumption)";"0";"hp"
"1599.8236104";"Average fuel consumption (total)";"3.89689366421575";"l/100km"
"1599.8238618";"Average fuel consumption";"4.82293167841833";"l/100km"
"1599.8239826";"Fuel used (total)";"39.2220056181451";"l"
"1599.8241338";"Fuel used price";"0.017368307429558";"€"
"1599.8262986";"Distance to empty";"0";"km"
"1599.8265914";"Average fuel consumption km/l.";"20.7342767154427";"km/l."
"1599.8267995";"Fuel used price (total)";"50.5963872474071";"€"
"1599.8835308";"Absolute pedal position D";"7";"%"
"1599.8835308";"Engine fuel rate";"0";"l/h"
"1599.8835308";"Engine RPM";"1228";"rpm"
"1599.8835308";"Vehicle speed";"47";"km/h"
"1599.8873318";"Calculated instant fuel consumption";"0";"l/100km"
"1599.8876001";"Distance travelled";"0.280313740805555";"km"
"1599.888063";"Vehicle acceleration";"-0.608566572557932";"m_sec2"
"1599.8906233";"Calculated instant fuel rate";"0";"l/h"
"1599.8951304";"Average speed";"46.73040358636";"km/h"
"1599.895381";"Distance travelled (total)";"1006.49527214436";"km"
"1599.8968426";"Fuel used";"0.0134638042089597";"l"
"1599.8971815";"Instant engine power (based on fuel consumption)";"0";"hp"
"1599.9073415";"Average fuel consumption (total)";"3.89688920590572";"l/100km"
"1599.9077893";"Average fuel consumption";"4.80311959387644";"l/100km"
"1599.9080421";"Fuel used (total)";"39.2220056181451";"l"
"1599.9083614";"Fuel used price";"0.017368307429558";"€"
"1599.9114794";"Distance to empty";"0";"km"
"1599.9119774";"Average fuel consumption km/l.";"20.8198022234323";"km/l."
"1599.9124065";"Fuel used price (total)";"50.5963872474071";"€"
"1599.9889477";"Absolute pedal position D";"8";"%"
"1599.9889477";"Engine fuel rate";"0";"l/h"
"1599.9889477";"Engine RPM";"1227";"rpm"
"1599.9889477";"Vehicle speed";"47";"km/h"
"1599.993125";"Calculated instant fuel consumption";"0";"l/100km"
"1599.9933887";"Distance travelled";"0.281694797944444";"km"
"1599.9938552";"Vehicle acceleration";"-0.608566572557932";"m_sec2"
"1599.9964509";"Calculated instant fuel rate";"0";"l/h"
"1600.0002584";"Average speed";"46.7331328832684";"km/h"
"1600.0005165";"Distance travelled (total)";"1006.4966532015";"km"
"1600.0024629";"Fuel used";"0.0134638042089597";"l"
"1600.0032943";"Instant engine power (based on fuel consumption)";"0";"hp"
"1600.0312001";"Average fuel consumption (total)";"3.89688385881725";"l/100km"
"1600.0316302";"Average fuel consumption";"4.77957147494608";"l/100km"
"1600.0319501";"Fuel used (total)";"39.2220056181451";"l"
"1600.0322677";"Fuel used price";"0.017368307429558";"€"
"1600.0349892";"Distance to empty";"0";"km"
"1600.0356636";"Average fuel consumption km/l.";"20.9223777746996";"km/l."
"1600.0361546";"Fuel used price (total)";"50.5963872474071";"€"
"1600.055639";"Absolute pedal position D";"9";"%"
"1600.055639";"Engine fuel rate";"0";"l/h"
"1600.055639";"Engine RPM";"1222";"rpm"
"1600.055639";"Vehicle speed";"47";"km/h"
"1600.0587574";"Calculated instant fuel consumption";"0";"l/100km"
"1600.0588876";"Distance travelled";"0.282549927694444";"km"
"1600.0591337";"Vehicle acceleration";"-0.608566572557932";"m_sec2"
"1600.0604096";"Calculated instant fuel rate";"0";"l/h"
"1600.0621853";"Average speed";"46.7414572311743";"km/h"
"1600.0623099";"Distance travelled (total)";"1006.49750833125";"km"
"1600.0633587";"Fuel used";"0.0134638042089597";"l"
"1600.0635171";"Instant engine power (based on fuel consumption)";"0";"hp"
"1600.0749267";"Average fuel consumption (total)";"3.89688054798807";"l/100km"
"1600.0753201";"Average fuel consumption";"4.76510623054192";"l/100km"
"1600.0754506";"Fuel used (total)";"39.2220056181451";"l"
"1600.0757121";"Fuel used price";"0.017368307429558";"€"
"1600.077508";"Distance to empty";"0";"km"
"1600.0778124";"Average fuel consumption km/l.";"20.9858910089036";"km/l."
"1600.0780397";"Fuel used price (total)";"50.5963872474071";"€"
"1600.1238995";"Absolute pedal position D";"9";"%"
"1600.1238995";"Engine fuel rate";"0";"l/h"
"1600.1238995";"Engine RPM";"1224";"rpm"
"1600.1238995";"Vehicle speed";"47";"km/h"
"1600.1258901";"Calculated instant fuel consumption";"0";"l/100km"
"1600.1260966";"Distance travelled";"0.283427338055555";"km"
"1600.1263301";"Vehicle acceleration";"-0.608566572557932";"m_sec2"
"1600.1275435";"Calculated instant fuel rate";"0";"l/h"
"1600.1297782";"Average speed";"46.7414329037861";"km/h"
"1600.1299092";"Distance travelled (total)";"1006.49838574161";"km"
"1600.1304571";"Fuel used";"0.0134638042089597";"l"
"1600.130583";"Instant engine power (based on fuel consumption)";"0";"hp"
"1600.1541652";"Average fuel consumption (total)";"3.89687715090029";"l/100km"
"1600.154528";"Average fuel consumption";"4.75035481803826";"l/100km"
"1600.1546973";"Fuel used (total)";"39.2220056181451";"l"
"1600.1549087";"Fuel used price";"0.017368307429558";"€"
"1600.1568741";"Distance to empty";"0";"km"
"1600.1573098";"Average fuel consumption km/l.";"21.051059095686";"km/l."
"1600.1576126";"Fuel used price (total)";"50.5963872474071";"€"
"1600.1908432";"Absolute pedal position D";"9";"%"
"1600.1908432";"Engine fuel rate";"0.300000004470348";"l/h"
"1600.1908432";"Engine RPM";"1223";"rpm"
"1600.1908432";"Vehicle speed";"47";"km/h"
"1600.1941409";"Calculated instant fuel consumption";"0";"l/100km"
"1600.1943029";"Distance travelled";"0.2843177635";"km"
"1600.1950068";"Vehicle acceleration";"-0.608566572557932";"m_sec2"
"1600.1968424";"Calculated instant fuel rate";"0.300000004470348";"l/h"
"1600.2000201";"Average speed";"46.7379306291856";"km/h"
"1600.2001913";"Distance travelled (total)";"1006.49927616706";"km"
"1600.201007";"Fuel used";"0.0134696779090472";"l"
"1600.2012048";"Instant engine power (based on fuel consumption)";"0.976976014558077";"hp"
"1600.2211138";"Average fuel consumption (total)";"3.89687370342779";"l/100km"
"1600.2214224";"Average fuel consumption";"4.7375435650707";"l/100km"
"1600.2215833";"Fuel used (total)";"39.2220114918452";"l"
"1600.2217911";"Fuel used price";"0.0173758845026709";"€"
"1600.223698";"Distance to empty";"0";"km"
"1600.2241332";"Average fuel consumption km/l.";"21.1079853148554";"km/l."
"1600.2256057";"Fuel used price (total)";"50.5963948244803";"€"
"1600.2522605";"Absolute pedal position D";"9";"%"
"1600.2522605";"Engine fuel rate";"0.400000005960464";"l/h"
"1600.2522605";"Engine RPM";"1223";"rpm"
"1600.2522605";"Vehicle speed";"47";"km/h"
"1600.2549705";"Calculated instant fuel consumption";"0.638297881851805";"l/100km"
"1600.2551407";"Distance travelled";"0.285111986472222";"km"
"1600.2560706";"Vehicle acceleration";"-0.608566572557932";"m_sec2"
"1600.2580678";"Calculated instant fuel rate";"0.400000005960464";"l/h"
"1600.2592292";"Calculated instant fuel consumption km/l.";"156.666664332151";"km/l."
"1600.2602989";"Average speed";"46.7398955249966";"km/h"
"1600.2604728";"Distance travelled (total)";"1006.50007039003";"km"
"1600.2612193";"Fuel used";"0.0134763679424802";"l"
"1600.2613881";"Instant engine power (based on fuel consumption)";"1.30263468607744";"hp"
"1600.2649447";"Average fuel consumption (total)";"3.89687121200561";"l/100km"
"1600.2651832";"Average fuel consumption";"4.72669287223853";"l/100km"
"1600.2653924";"Fuel used (total)";"39.2220181818786";"l"
"1600.2655977";"Fuel used price";"0.0173845146457995";"€"
"1600.2875831";"Distance to empty";"0";"km"
"1600.2879162";"Average fuel consumption km/l.";"21.1564412376641";"km/l."
"1600.2881827";"Fuel used price (total)";"50.5964034546234";"€"
"1600.4839355";"Absolute pedal position D";"10";"%"
"1600.4839355";"Engine fuel rate";"0.500000007450581";"l/h"
"1600.4839355";"Engine RPM";"1228";"rpm"
"1600.4839355";"Vehicle speed";"47";"km/h"
"1600.4877312";"Calculated instant fuel consumption";"0.851063842469073";"l/100km"
"1600.4879946";"Distance travelled";"0.2881519295";"km"
"1600.4884638";"Vehicle acceleration";"0";"m_sec2"
"1600.4911166";"Calculated instant fuel rate";"0.500000007450581";"l/h"
"1600.4947";"Calculated instant fuel consumption km/l.";"117.499998249114";"km/l."
"1600.4962451";"Average speed";"46.7361692654909";"km/h"
"1600.4965188";"Distance travelled (total)";"1006.50311033306";"km"
"1600.498336";"Fuel used";"0.0135092994985265";"l"
"1600.4986093";"Instant engine power (based on fuel consumption)";"1.6282933575968";"hp"
"1600.5164829";"Average fuel consumption (total)";"3.89686010695982";"l/100km"
"1600.5167665";"Average fuel consumption";"4.68825578297107";"l/100km"
"1600.5170013";"Fuel used (total)";"39.2220511134347";"l"
"1600.5171579";"Fuel used price";"0.0174269963530991";"€"
"1600.5372875";"Distance to empty";"0";"km"
"1600.5375836";"Average fuel consumption km/l.";"21.3298942355546";"km/l."
"1600.5377985";"Fuel used price (total)";"50.5964459363307";"€"
"1600.7100544";"Absolute pedal position D";"10";"%"
"1600.7100544";"Engine fuel rate";"0.550000008195639";"l/h"
"1600.7100544";"Engine RPM";"1221";"rpm"
"1600.7100544";"Vehicle speed";"47";"km/h"
"1600.7148124";"Calculated instant fuel consumption";"1.06382980308634";"l/100km"
"1600.7150981";"Distance travelled";"0.291116790027778";"km"
"1600.7156034";"Vehicle acceleration";"0";"m_sec2"
"1600.7186084";"Calculated instant fuel rate";"0.550000008195639";"l/h"
"1600.7215921";"Calculated instant fuel consumption km/l.";"93.9999985992909";"km/l."
"1600.7230817";"Average speed";"46.7393742959684";"km/h"
"1600.7233409";"Distance travelled (total)";"1006.50607519358";"km"
"1600.7244403";"Fuel used";"0.0135438424629301";"l"
"1600.7246913";"Instant engine power (based on fuel consumption)";"1.79112269335647";"hp"
"1600.7433234";"Average fuel consumption (total)";"3.89685189986469";"l/100km"
"1600.743697";"Average fuel consumption";"4.65237421092675";"l/100km"
"1600.7440647";"Fuel used (total)";"39.2220856563991";"l"
"1600.7443949";"Fuel used price";"0.0174715567771798";"€"
"1600.7647603";"Distance to empty";"0";"km"
"1600.7651751";"Average fuel consumption km/l.";"21.4944016681066";"km/l."
"1600.7653887";"Fuel used price (total)";"50.5964904967548";"€"
"1600.9378152";"Absolute pedal position D";"10";"%"
"1600.9378152";"Engine fuel rate";"0.600000008940697";"l/h"
"1600.9378152";"Engine RPM";"1216";"rpm"
"1600.9378152";"Vehicle speed";"47";"km/h"
"1600.942122";"Calculated instant fuel consumption";"1.17021278339498";"l/100km"
"1600.9423814";"Distance travelled";"0.294084050166667";"km"
"1600.942958";"Vehicle acceleration";"0";"m_sec2"
"1600.9455163";"Calculated instant fuel rate";"0.600000008940697";"l/h"
"1600.9487869";"Calculated instant fuel consumption km/l.";"85.4545441811735";"km/l."
"1600.9502051";"Average speed";"46.7422897970753";"km/h"
"1600.9504566";"Distance travelled (total)";"1006.50904245372";"km"
"1600.9515222";"Fuel used";"0.013581688563494";"l"
"1600.9517741";"Instant engine power (based on fuel consumption)";"1.95395202911615";"hp"
"1600.9781057";"Average fuel consumption (total)";"3.89684384362621";"l/100km"
"1600.9784632";"Average fuel consumption";"4.61830165756928";"l/100km"
"1600.9788236";"Fuel used (total)";"39.2221235024996";"l"
"1600.9791503";"Fuel used price";"0.0175203782469073";"€"
"1601.0011102";"Distance to empty";"0";"km"
"1601.0014219";"Average fuel consumption km/l.";"21.6529814236154";"km/l."
"1601.001642";"Fuel used price (total)";"50.5965393182245";"€"
"1601.047927";"Absolute pedal position D";"10";"%"
"1601.047927";"Engine fuel rate";"0.650000009685755";"l/h"
"1601.047927";"Engine RPM";"1213";"rpm"
"1601.047927";"Vehicle speed";"46";"km/h"
"1601.0500828";"Calculated instant fuel consumption";"1.30434784552325";"l/100km"
"1601.0501711";"Distance travelled";"0.295461389833333";"km"
"1601.0503417";"Vehicle acceleration";"-0.494295532972181";"m_sec2"
"1601.0512326";"Calculated instant fuel rate";"0.650000009685755";"l/h"
"1601.0524064";"Calculated instant fuel consumption km/l.";"76.6666655242443";"km/l."
"1601.0529749";"Average speed";"46.7489090012331";"km/h"
"1601.0530666";"Distance travelled (total)";"1006.51041979339";"km"
"1601.0537059";"Fuel used";"0.0136001387596023";"l"
"1601.0537966";"Instant engine power (based on fuel consumption)";"2.11678136487583";"hp"
"1601.0735955";"Average fuel consumption (total)";"3.89684227119585";"l/100km"
"1601.0737246";"Average fuel consumption";"4.60301725625606";"l/100km"
"1601.0738394";"Fuel used (total)";"39.2221419526957";"l"
"1601.0739495";"Fuel used price";"0.017544178999887";"€"
"1601.0873399";"Distance to empty";"0";"km"
"1601.0876416";"Average fuel consumption km/l.";"21.7248805365845";"km/l."
"1601.0878069";"Fuel used price (total)";"50.5965631189775";"€"
"1601.1907444";"Absolute pedal position D";"10";"%"
"1601.1907444";"Engine fuel rate";"0.650000009685755";"l/h"
"1601.1907444";"Engine RPM";"1198";"rpm"
"1601.1907444";"Vehicle speed";"46";"km/h"
"1601.192324";"Calculated instant fuel consumption";"1.41304349931686";"l/100km"
"1601.192416";"Distance travelled";"0.297278934166666";"km"
"1601.1926425";"Vehicle acceleration";"-0.494295532972181";"m_sec2"
"1601.1935576";"Calculated instant fuel rate";"0.650000009685755";"l/h"
"1601.1949805";"Calculated instant fuel consumption km/l.";"70.7692297146871";"km/l."
"1601.1954981";"Average speed";"46.7436693628978";"km/h"
"1601.1955822";"Distance travelled (total)";"1006.51223733772";"km"
"1601.1961712";"Fuel used";"0.0136258612641523";"l"
"1601.196264";"Instant engine power (based on fuel consumption)";"2.11678136487583";"hp"
"1601.2057888";"Average fuel consumption (total)";"3.8968370674201";"l/100km"
"1601.2059822";"Average fuel consumption";"4.5835273536446";"l/100km"
"1601.206104";"Fuel used (total)";"39.2221676752003";"l"
"1601.2062131";"Fuel used price";"0.0175773610307564";"€"
"1601.221792";"Distance to empty";"0";"km"
"1601.2220788";"Average fuel consumption km/l.";"21.8172582564572";"km/l."
"1601.2222286";"Fuel used price (total)";"50.5965963010083";"€"
"1601.5260569";"Absolute pedal position D";"10";"%"
"1601.5260569";"Engine fuel rate";"0.600000008940697";"l/h"
"1601.5260569";"Engine RPM";"1198";"rpm"
"1601.5260569";"Vehicle speed";"46";"km/h"
"1601.5277684";"Calculated instant fuel consumption";"1.41304349931686";"l/100km"
"1601.527863";"Distance travelled";"0.301565159222222";"km"
"1601.5280695";"Vehicle acceleration";"-0.494295532972181";"m_sec2"
"1601.5290058";"Calculated instant fuel rate";"0.600000008940697";"l/h"
"1601.5297308";"Calculated instant fuel consumption km/l.";"70.7692297146871";"km/l."
"1601.530282";"Average speed";"46.7342601454475";"km/h"
"1601.5303652";"Distance travelled (total)";"1006.51652356278";"km"
"1601.530724";"Fuel used";"0.0136816197816498";"l"
"1601.5308073";"Instant engine power (based on fuel consumption)";"1.95395202911615";"hp"
"1601.5320401";"Average fuel consumption (total)";"3.89682302843525";"l/100km"
"1601.532176";"Average fuel consumption";"4.53687017987641";"l/100km"
"1601.5323027";"Fuel used (total)";"39.2222234337178";"l"
"1601.5323847";"Fuel used price";"0.0176492895183282";"€"
"1601.5329045";"Distance to empty";"0";"km"
"1601.5331505";"Average fuel consumption km/l.";"22.0416269443981";"km/l."
"1601.5332862";"Fuel used price (total)";"50.5966682294959";"€"
"1601.6304108";"Absolute pedal position D";"8";"%"
"1601.6304108";"Engine fuel rate";"0.500000007450581";"l/h"
"1601.6304108";"Engine RPM";"1194";"rpm"
"1601.6304108";"Vehicle speed";"46";"km/h"
"1601.6320492";"Calculated instant fuel consumption";"1.30434784552325";"l/100km"
"1601.6321383";"Distance travelled";"0.302897553055555";"km"
"1601.6323198";"Vehicle acceleration";"0";"m_sec2"
"1601.633316";"Calculated instant fuel rate";"0.500000007450581";"l/h"
"1601.6345893";"Calculated instant fuel consumption km/l.";"76.6666655242443";"km/l."
"1601.6352308";"Average speed";"46.7296297704138";"km/h"
"1601.6353195";"Distance travelled (total)";"1006.51785595661";"km"
"1601.6359778";"Fuel used";"0.0136962380318676";"l"
"1601.6360702";"Instant engine power (based on fuel consumption)";"1.6282933575968";"hp"
"1601.6448433";"Average fuel consumption (total)";"3.89682340969901";"l/100km"
"1601.6449837";"Average fuel consumption";"4.52173941113204";"l/100km"
"1601.6451135";"Fuel used (total)";"39.222238051968";"l"
"1601.6452241";"Fuel used price";"0.0176681470611092";"€"
"1601.6564996";"Distance to empty";"0";"km"
"1601.6567309";"Average fuel consumption km/l.";"22.1153832425218";"km/l."
"1601.6568744";"Fuel used price (total)";"50.5966870870387";"€"
"1601.6902152";"Absolute pedal position D";"8";"%"
"1601.6902152";"Engine fuel rate";"0.400000005960464";"l/h"
"1601.6902152";"Engine RPM";"1176";"rpm"
"1601.6902152";"Vehicle speed";"46";"km/h"
"1601.6918998";"Calculated instant fuel consumption";"1.08695653793604";"l/100km"
"1601.6920026";"Distance travelled";"0.303662458944444";"km"
"1601.6921978";"Vehicle acceleration";"0";"m_sec2"
"1601.6932118";"Calculated instant fuel rate";"0.400000005960464";"l/h"
"1601.6947888";"Calculated instant fuel consumption km/l.";"91.9999986290932";"km/l."
"1601.695371";"Average speed";"46.7272079435302";"km/h"
"1601.6954571";"Distance travelled (total)";"1006.5186208625";"km"
"1601.6958385";"Fuel used";"0.0137028890208556";"l"
"1601.6959851";"Instant engine power (based on fuel consumption)";"1.30263468607744";"hp"
"1601.7077731";"Average fuel consumption (total)";"3.89682190065772";"l/100km"
"1601.7078991";"Average fuel consumption";"4.51253970230235";"l/100km"
"1601.7080175";"Fuel used (total)";"39.222244702957";"l"
"1601.7081276";"Fuel used price";"0.0176767268369038";"€"
"1601.723878";"Distance to empty";"0";"km"
"1601.7241509";"Average fuel consumption km/l.";"22.1604698456124";"km/l."
"1601.7242994";"Fuel used price (total)";"50.5966956668145";"€"
"1601.7553585";"Absolute pedal position D";"7";"%"
"1601.7553585";"Engine fuel rate";"0.350000005215406";"l/h"
"1601.7553585";"Engine RPM";"1170";"rpm"
"1601.7553585";"Vehicle speed";"46";"km/h"
"1601.7573896";"Calculated instant fuel consumption";"0.869565230348836";"l/100km"
"1601.7574767";"Distance travelled";"0.304499054555555";"km"
"1601.7576478";"Vehicle acceleration";"0";"m_sec2"
"1601.7585471";"Calculated instant fuel rate";"0.350000005215406";"l/h"
"1601.7602245";"Calculated instant fuel consumption km/l.";"114.999998286366";"km/l."
"1601.7608034";"Average speed";"46.7252635230779";"km/h"
"1601.7608882";"Distance travelled (total)";"1006.51945745811";"km"
"1601.7618828";"Fuel used";"0.0137093096834513";"l"
"1601.7620176";"Instant engine power (based on fuel consumption)";"1.13980535031776";"hp"
"1601.7760464";"Average fuel consumption (total)";"3.89681932250071";"l/100km"
"1601.7761805";"Average fuel consumption";"4.50225032831754";"l/100km"
"1601.776542";"Fuel used (total)";"39.2222511236196";"l"
"1601.7766768";"Fuel used price";"0.0176850094916522";"€"
"1601.7906056";"Distance to empty";"0";"km"
"1601.7908333";"Average fuel consumption km/l.";"22.2111150441893";"km/l."
"1601.7909824";"Fuel used price (total)";"50.5967039494692";"€"
"1601.8252992";"Absolute pedal position D";"7";"%"
"1601.8252992";"Engine fuel rate";"0.300000004470348";"l/h"
"1601.8252992";"Engine RPM";"1185";"rpm"
"1601.8252992";"Vehicle speed";"46";"km/h"
"1601.8269555";"Calculated instant fuel consumption";"0.760869576555231";"l/100km"
"1601.8270456";"Distance travelled";"0.3053879675";"km"
"1601.827222";"Vehicle acceleration";"0";"m_sec2"
"1601.8281625";"Calculated instant fuel rate";"0.300000004470348";"l/h"
"1601.8300003";"Calculated instant fuel consumption km/l.";"131.428569470133";"km/l."
"1601.8305716";"Average speed";"46.7227143879535";"km/h"
"1601.830658";"Distance travelled (total)";"1006.52034637106";"km"
"1601.8310306";"Fuel used";"0.0137150719335372";"l"
"1601.8311138";"Instant engine power (based on fuel consumption)";"0.976976014558077";"hp"
"1601.8439142";"Average fuel consumption (total)";"3.89681651891418";"l/100km"
"1601.8440478";"Average fuel consumption";"4.49103219285716";"l/100km"
"1601.8441726";"Fuel used (total)";"39.2222568858697";"l"
"1601.8442819";"Fuel used price";"0.0176924427942629";"€"
"1601.8578291";"Distance to empty";"0";"km"
"1601.8586025";"Average fuel consumption km/l.";"22.2665961199402";"km/l."
"1601.8587744";"Fuel used price (total)";"50.5967113827719";"€"
"1601.8865705";"Absolute pedal position D";"7";"%"
"1601.8865705";"Engine fuel rate";"0.200000002980232";"l/h"
"1601.8865705";"Engine RPM";"1196";"rpm"
"1601.8865705";"Vehicle speed";"46";"km/h"
"1601.8886728";"Calculated instant fuel consumption";"0.652173922761627";"l/100km"
"1601.8887617";"Distance travelled";"0.306176534";"km"
"1601.8889304";"Vehicle acceleration";"0";"m_sec2"
"1601.8900511";"Calculated instant fuel rate";"0.200000002980232";"l/h"
"1601.891875";"Calculated instant fuel consumption km/l.";"153.333331048489";"km/l."
"1601.8926246";"Average speed";"46.7202632120048";"km/h"
"1601.8930079";"Distance travelled (total)";"1006.52113493756";"km"
"1601.8935945";"Fuel used";"0.013718547583589";"l"
"1601.8936923";"Instant engine power (based on fuel consumption)";"0.651317343038718";"hp"
"1601.9074306";"Average fuel consumption (total)";"3.89681403841589";"l/100km"
"1601.9075578";"Average fuel consumption";"4.48060058828315";"l/100km"
"1601.9076768";"Fuel used (total)";"39.2222603615197";"l"
"1601.907786";"Fuel used price";"0.0176969263828298";"€"
"1601.9249241";"Distance to empty";"0";"km"
"1601.9251491";"Average fuel consumption km/l.";"22.3184365643976";"km/l."
"1601.9252945";"Fuel used price (total)";"50.5967158663604";"€"
"1601.976705";"Absolute pedal position D";"7";"%"
"1601.976705";"Engine fuel rate";"0.100000001490116";"l/h"
"1601.976705";"Engine RPM";"1186";"rpm"
"1601.976705";"Vehicle speed";"46";"km/h"
"1601.9787698";"Calculated instant fuel consumption";"0.434782615174418";"l/100km"
"1601.9788568";"Distance travelled";"0.30732773";"km"
"1601.9790271";"Vehicle acceleration";"0";"m_sec2"
"1601.9800463";"Calculated instant fuel rate";"0.100000001490116";"l/h"
"1601.9812957";"Calculated instant fuel consumption km/l.";"229.999996572733";"km/l."
"1601.9820102";"Average speed";"46.7188263327713";"km/h"
"1601.9821151";"Distance travelled (total)";"1006.52228613356";"km"
"1601.9825713";"Fuel used";"0.0137210191030702";"l"
"1601.9827296";"Instant engine power (based on fuel consumption)";"0.325658671519359";"hp"
"1601.9998648";"Average fuel consumption (total)";"3.89680992680129";"l/100km"
"1601.9999911";"Average fuel consumption";"4.46462123774846";"l/100km"
"1602.0001052";"Fuel used (total)";"39.2222628330392";"l"
"1602.0002248";"Fuel used price";"0.0177001146429606";"€"
"1602.0092275";"Distance to empty";"0";"km"
"1602.0095173";"Average fuel consumption km/l.";"22.3983166039928";"km/l."
"1602.0096625";"Fuel used price (total)";"50.5967190546206";"€"
"1602.0609283";"Absolute pedal position D";"7";"%"
"1602.0609283";"Engine fuel rate";"0.100000001490116";"l/h"
"1602.0609283";"Engine RPM";"1190";"rpm"
"1602.0609283";"Vehicle speed";"46";"km/h"
"1602.0632725";"Calculated instant fuel consumption";"0.217391307587209";"l/100km"
"1602.0633614";"Distance travelled";"0.308407481611111";"km"
"1602.0635302";"Vehicle acceleration";"0";"m_sec2"
"1602.065006";"Calculated instant fuel rate";"0.100000001490116";"l/h"
"1602.065768";"Calculated instant fuel consumption km/l.";"459.999993145466";"km/l."
"1602.0663856";"Average speed";"46.7165049997995";"km/h"
"1602.0664726";"Distance travelled (total)";"1006.52336588517";"km"
"1602.0668906";"Fuel used";"0.0137233612475496";"l"
"1602.0669836";"Instant engine power (based on fuel consumption)";"0.325658671519359";"hp"
"1602.0746504";"Average fuel consumption (total)";"3.89680599203437";"l/100km"
"1602.0747735";"Average fuel consumption";"4.44974978423324";"l/100km"
"1602.0748959";"Fuel used (total)";"39.2222651751837";"l"
"1602.0750069";"Fuel used price";"0.017703136009339";"€"
"1602.0916611";"Distance to empty";"0";"km"
"1602.0918924";"Average fuel consumption km/l.";"22.4731737398649";"km/l."
"1602.0920393";"Fuel used price (total)";"50.5967220759869";"€"
"1602.1641355";"Absolute pedal position D";"7";"%"
"1602.1641355";"Engine fuel rate";"0";"l/h"
"1602.1641355";"Engine RPM";"1183";"rpm"
"1602.1641355";"Vehicle speed";"46";"km/h"
"1602.1665113";"Calculated instant fuel consumption";"0.217391307587209";"l/100km"
"1602.1666014";"Distance travelled";"0.309726640222222";"km"
"1602.1667732";"Vehicle acceleration";"0";"m_sec2"
"1602.1676929";"Calculated instant fuel rate";"0";"l/h"
"1602.1694003";"Calculated instant fuel consumption km/l.";"459.999993145466";"km/l."
"1602.1700933";"Average speed";"46.7124891410722";"km/h"
"1602.1701809";"Distance travelled (total)";"1006.52468504378";"km"
"1602.1705724";"Fuel used";"0.0137233612475496";"l"
"1602.170655";"Instant engine power (based on fuel consumption)";"0";"hp"
"1602.1903806";"Average fuel consumption (total)";"3.89680111754812";"l/100km"
"1602.1906022";"Average fuel consumption";"4.43079782795027";"l/100km"
"1602.190687";"Fuel used (total)";"39.2222651751837";"l"
"1602.1908079";"Fuel used price";"0.017703136009339";"€"
"1602.1923428";"Distance to empty";"0";"km"
"1602.1925001";"Average fuel consumption km/l.";"22.5692987771146";"km/l."
"1602.1936646";"Fuel used price (total)";"50.5967220759869";"€"
"1602.2306733";"Absolute pedal position D";"7";"%"
"1602.2306733";"Engine fuel rate";"0";"l/h"
"1602.2306733";"Engine RPM";"1183";"rpm"
"1602.2306733";"Vehicle speed";"46";"km/h"
"1602.2331215";"Calculated instant fuel consumption";"0";"l/100km"
"1602.2332085";"Distance travelled";"0.310577706666666";"km"
"1602.2333784";"Vehicle acceleration";"0";"m_sec2"
"1602.2342969";"Calculated instant fuel rate";"0";"l/h"
"1602.2363527";"Average speed";"46.7111782697717";"km/h"
"1602.2364395";"Distance travelled (total)";"1006.52553611022";"km"
"1602.2368214";"Fuel used";"0.0137233612475496";"l"
"1602.2369056";"Instant engine power (based on fuel consumption)";"0";"hp"
"1602.2378271";"Average fuel consumption (total)";"3.89679782261267";"l/100km"
"1602.2379433";"Average fuel consumption";"4.41865625026282";"l/100km"
"1602.2380524";"Fuel used (total)";"39.2222651751837";"l"
"1602.23816";"Fuel used price";"0.017703136009339";"€"
"1602.2581418";"Distance to empty";"0";"km"
"1602.2583707";"Average fuel consumption km/l.";"22.6313146658675";"km/l."
"1602.2585137";"Fuel used price (total)";"50.5967220759869";"€"
"1602.3137855";"Absolute pedal position D";"7";"%"
"1602.3137855";"Engine fuel rate";"0";"l/h"
"1602.3137855";"Engine RPM";"1179";"rpm"
"1602.3137855";"Vehicle speed";"45";"km/h"
"1602.3153464";"Calculated instant fuel consumption";"0";"l/100km"
"1602.315445";"Distance travelled";"0.311605642916666";"km"
"1602.3156366";"Vehicle acceleration";"-1.8660587793587";"m_sec2"
"1602.3166516";"Calculated instant fuel rate";"0";"l/h"
"1602.3184825";"Average speed";"46.7055195501502";"km/h"
"1602.3185722";"Distance travelled (total)";"1006.52656404647";"km"
"1602.3191961";"Fuel used";"0.0137233612475496";"l"
"1602.3193298";"Instant engine power (based on fuel consumption)";"0";"hp"
"1602.3266956";"Average fuel consumption (total)";"3.89679384292661";"l/100km"
"1602.3269298";"Average fuel consumption";"4.4040798231692";"l/100km"
"1602.3270181";"Fuel used (total)";"39.2222651751837";"l"
"1602.3271347";"Fuel used price";"0.017703136009339";"€"
"1602.3278764";"Distance to empty";"0";"km"
"1602.3279929";"Average fuel consumption km/l.";"22.7062187823924";"km/l."
"1602.3281305";"Fuel used price (total)";"50.5967220759869";"€"
"1602.3819167";"Absolute pedal position D";"7";"%"
"1602.3819167";"Engine fuel rate";"0";"l/h"
"1602.3819167";"Engine RPM";"1180";"rpm"
"1602.3819167";"Vehicle speed";"45";"km/h"
"1602.3840021";"Calculated instant fuel consumption";"0";"l/100km"
"1602.3840928";"Distance travelled";"0.312463721666666";"km"
"1602.3842811";"Vehicle acceleration";"-1.8660587793587";"m_sec2"
"1602.3851817";"Calculated instant fuel rate";"0";"l/h"
"1602.3864779";"Average speed";"46.701919763097";"km/h"
"1602.3865712";"Distance travelled (total)";"1006.52742212522";"km"
"1602.3869952";"Fuel used";"0.0137233612475496";"l"
"1602.3870986";"Instant engine power (based on fuel consumption)";"0";"hp"
"1602.4096958";"Average fuel consumption (total)";"3.89679052085518";"l/100km"
"1602.4099351";"Average fuel consumption";"4.39198546773681";"l/100km"
"1602.4100367";"Fuel used (total)";"39.2222651751837";"l"
"1602.4101692";"Fuel used price";"0.017703136009339";"€"
"1602.4113362";"Distance to empty";"0";"km"
"1602.4117123";"Average fuel consumption km/l.";"22.76874564695";"km/l."
"1602.4118612";"Fuel used price (total)";"50.5967220759869";"€"
"1602.4719881";"Absolute pedal position D";"7";"%"
"1602.4719881";"Engine fuel rate";"0";"l/h"
"1602.4719881";"Engine RPM";"1174";"rpm"
"1602.4719881";"Vehicle speed";"45";"km/h"
"1602.4736181";"Calculated instant fuel consumption";"0";"l/100km"
"1602.4737118";"Distance travelled";"0.313583931666666";"km"
"1602.4738951";"Vehicle acceleration";"-1.8660587793587";"m_sec2"
"1602.4748514";"Calculated instant fuel rate";"0";"l/h"
"1602.4767261";"Average speed";"46.6944014640398";"km/h"
"1602.4768188";"Distance travelled (total)";"1006.52854233522";"km"
"1602.4772106";"Fuel used";"0.0137233612475496";"l"
"1602.4773138";"Instant engine power (based on fuel consumption)";"0";"hp"
"1602.4918363";"Average fuel consumption (total)";"3.89678618394517";"l/100km"
"1602.49205";"Average fuel consumption";"4.37629606039165";"l/100km"
"1602.4921467";"Fuel used (total)";"39.2222651751837";"l"
"1602.4922699";"Fuel used price";"0.017703136009339";"€"
"1602.4928364";"Distance to empty";"0";"km"
"1602.4929444";"Average fuel consumption km/l.";"22.8503736081902";"km/l."
"1602.4930774";"Fuel used price (total)";"50.5967220759869";"€"
"1602.5450536";"Absolute pedal position D";"7";"%"
"1602.5450536";"Engine fuel rate";"0";"l/h"
"1602.5450536";"Engine RPM";"1175";"rpm"
"1602.5450536";"Vehicle speed";"45";"km/h"
"1602.5468678";"Calculated instant fuel consumption";"0";"l/100km"
"1602.5469635";"Distance travelled";"0.314499550416666";"km"
"1602.5471477";"Vehicle acceleration";"-1.8660587793587";"m_sec2"
"1602.5480792";"Calculated instant fuel rate";"0";"l/h"
"1602.5504243";"Average speed";"46.6884159243602";"km/h"
"1602.5505174";"Distance travelled (total)";"1006.52945795397";"km"
"1602.5509021";"Fuel used";"0.0137233612475496";"l"
"1602.5509893";"Instant engine power (based on fuel consumption)";"0";"hp"
"1602.5578171";"Average fuel consumption (total)";"3.89678263912046";"l/100km"
"1602.5580148";"Average fuel consumption";"4.36355512412279";"l/100km"
"1602.5581052";"Fuel used (total)";"39.2222651751837";"l"
"1602.5582278";"Fuel used price";"0.017703136009339";"€"
"1602.5587733";"Distance to empty";"0";"km"
"1602.558888";"Average fuel consumption km/l.";"22.917093323097";"km/l."
"1602.5590278";"Fuel used price (total)";"50.5967220759869";"€"
"1602.6217095";"Absolute pedal position D";"7";"%"
"1602.6217095";"Engine fuel rate";"0";"l/h"
"1602.6217095";"Engine RPM";"1172";"rpm"
"1602.6217095";"Vehicle speed";"45";"km/h"
"1602.6241329";"Calculated instant fuel consumption";"0";"l/100km"
"1602.6242214";"Distance travelled";"0.315465252916666";"km"
"1602.6249421";"Vehicle acceleration";"-1.8660587793587";"m_sec2"
"1602.6258997";"Calculated instant fuel rate";"0";"l/h"
"1602.6280841";"Average speed";"46.6822945234872";"km/h"
"1602.6281787";"Distance travelled (total)";"1006.53042365647";"km"
"1602.628589";"Fuel used";"0.0137233612475496";"l"
"1602.6286723";"Instant engine power (based on fuel consumption)";"0";"hp"
"1602.6421965";"Average fuel consumption (total)";"3.89677890040313";"l/100km"
"1602.6424111";"Average fuel consumption";"4.35019740547297";"l/100km"
"1602.6425008";"Fuel used (total)";"39.2222651751837";"l"
"1602.6426839";"Fuel used price";"0.017703136009339";"€"
"1602.6436968";"Distance to empty";"0";"km"
"1602.6438732";"Average fuel consumption km/l.";"22.987462563007";"km/l."
"1602.6440361";"Fuel used price (total)";"50.5967220759869";"€"
"1602.6952339";"Absolute pedal position D";"7";"%"
"1602.6952339";"Engine fuel rate";"0";"l/h"
"1602.6952339";"Engine RPM";"1170";"rpm"
"1602.6952339";"Vehicle speed";"45";"km/h"
"1602.6968571";"Calculated instant fuel consumption";"0";"l/100km"
"1602.6969466";"Distance travelled";"0.316374297916666";"km"
"1602.6971291";"Vehicle acceleration";"-1.8660587793587";"m_sec2"
"1602.6981015";"Calculated instant fuel rate";"0";"l/h"
"1602.7002954";"Average speed";"46.6782535372293";"km/h"
"1602.7003885";"Distance travelled (total)";"1006.53133270147";"km"
"1602.7007834";"Fuel used";"0.0137233612475496";"l"
"1602.7008673";"Instant engine power (based on fuel consumption)";"0";"hp"
"1602.7088125";"Average fuel consumption (total)";"3.89677538104187";"l/100km"
"1602.7090721";"Average fuel consumption";"4.33769789073205";"l/100km"
"1602.7091616";"Fuel used (total)";"39.2222651751837";"l"
"1602.7096283";"Fuel used price";"0.017703136009339";"€"
"1602.7102837";"Distance to empty";"0";"km"
"1602.7103947";"Average fuel consumption km/l.";"23.0537032589707";"km/l."
"1602.7111076";"Fuel used price (total)";"50.5967220759869";"€"
"1602.7555415";"Absolute pedal position D";"7";"%"
"1602.7555415";"Engine fuel rate";"0";"l/h"
"1602.7555415";"Engine RPM";"1167";"rpm"
"1602.7555415";"Vehicle speed";"45";"km/h"
"1602.7573231";"Calculated instant fuel consumption";"0";"l/100km"
"1602.7574376";"Distance travelled";"0.317130401666666";"km"
"1602.7576236";"Vehicle acceleration";"-1.8660587793587";"m_sec2"
"1602.7585777";"Calculated instant fuel rate";"0";"l/h"
"1602.7611734";"Average speed";"46.6733578792353";"km/h"
"1602.7612588";"Distance travelled (total)";"1006.53208880522";"km"
"1602.7616539";"Fuel used";"0.0137233612475496";"l"
"1602.761739";"Instant engine power (based on fuel consumption)";"0";"hp"
"1602.7757891";"Average fuel consumption (total)";"3.89677245379642";"l/100km"
"1602.776042";"Average fuel consumption";"4.3273559316379";"l/100km"
"1602.77616";"Fuel used (total)";"39.2222651751837";"l"
"1602.7762935";"Fuel used price";"0.017703136009339";"€"
"1602.7774478";"Distance to empty";"0";"km"
"1602.777657";"Average fuel consumption km/l.";"23.1087993638069";"km/l."
"1602.7778087";"Fuel used price (total)";"50.5967220759869";"€"
"1602.8377704";"Absolute pedal position D";"7";"%"
"1602.8377704";"Engine fuel rate";"0";"l/h"
"1602.8377704";"Engine RPM";"1165";"rpm"
"1602.8377704";"Vehicle speed";"45";"km/h"
"1602.8394286";"Calculated instant fuel consumption";"0";"l/100km"
"1602.8395234";"Distance travelled";"0.318156450416666";"km"
"1602.8397117";"Vehicle acceleration";"0";"m_sec2"
"1602.8406501";"Calculated instant fuel rate";"0";"l/h"
"1602.8432404";"Average speed";"46.6678352946554";"km/h"
"1602.8433276";"Distance travelled (total)";"1006.53311485397";"km"
"1602.8437082";"Fuel used";"0.0137233612475496";"l"
"1602.8437938";"Instant engine power (based on fuel consumption)";"0";"hp"
"1602.8598835";"Average fuel consumption (total)";"3.89676848146958";"l/100km"
"1602.8601001";"Average fuel consumption";"4.31340028768145";"l/100km"
"1602.8601896";"Fuel used (total)";"39.2222651751837";"l"
"1602.8603071";"Fuel used price";"0.017703136009339";"€"
"1602.8611622";"Distance to empty";"0";"km"
"1602.8613703";"Average fuel consumption km/l.";"23.1835659411411";"km/l."
"1602.8615143";"Fuel used price (total)";"50.5967220759869";"€"
"1602.9053005";"Absolute pedal position D";"7";"%"
"1602.9053005";"Engine fuel rate";"0";"l/h"
"1602.9053005";"Engine RPM";"1163";"rpm"
"1602.9053005";"Vehicle speed";"45";"km/h"
"1602.9073623";"Calculated instant fuel consumption";"0";"l/100km"
"1602.9075918";"Distance travelled";"0.319007276666666";"km"
"1602.9077924";"Vehicle acceleration";"0";"m_sec2"
"1602.9087821";"Calculated instant fuel rate";"0";"l/h"
"1602.9107483";"Average speed";"46.6642333880093";"km/h"
"1602.9108353";"Distance travelled (total)";"1006.53396568022";"km"
"1602.9112097";"Fuel used";"0.0137233612475496";"l"
"1602.911292";"Instant engine power (based on fuel consumption)";"0";"hp"
"1602.9266093";"Average fuel consumption (total)";"3.89676518751923";"l/100km"
"1602.9268199";"Average fuel consumption";"4.30189599151032";"l/100km"
"1602.9269103";"Fuel used (total)";"39.2222651751837";"l"
"1602.9270385";"Fuel used price";"0.017703136009339";"€"
"1602.9275905";"Distance to empty";"0";"km"
"1602.9277067";"Average fuel consumption km/l.";"23.2455643272983";"km/l."
"1602.9278476";"Fuel used price (total)";"50.5967220759869";"€"
"1602.9948819";"Absolute pedal position D";"7";"%"
"1602.9948819";"Engine fuel rate";"0";"l/h"
"1602.9948819";"Engine RPM";"1153";"rpm"
"1602.9948819";"Vehicle speed";"45";"km/h"
"1602.9982403";"Calculated instant fuel consumption";"0";"l/100km"
"1602.9985023";"Distance travelled";"0.320143544166666";"km"
"1602.9989936";"Vehicle acceleration";"0";"m_sec2"
"1603.0021966";"Calculated instant fuel rate";"0";"l/h"
"1603.0053328";"Average speed";"46.6513239271059";"km/h"
"1603.0055831";"Distance travelled (total)";"1006.53510194772";"km"
"1603.0068636";"Fuel used";"0.0137233612475496";"l"
"1603.007723";"Instant engine power (based on fuel consumption)";"0";"hp"
"1603.0201625";"Average fuel consumption (total)";"3.89676078849963";"l/100km"
"1603.0212197";"Average fuel consumption";"4.28662751368967";"l/100km"
"1603.0216892";"Fuel used (total)";"39.2222651751837";"l"
"1603.0218681";"Fuel used price";"0.017703136009339";"€"
"1603.0227349";"Distance to empty";"0";"km"
"1603.0236115";"Average fuel consumption km/l.";"23.3283623736008";"km/l."
"1603.0240271";"Fuel used price (total)";"50.5967220759869";"€"
"1603.0570027";"Absolute pedal position D";"7";"%"
"1603.0570027";"Engine fuel rate";"0";"l/h"
"1603.0570027";"Engine RPM";"1099";"rpm"
"1603.0570027";"Vehicle speed";"45";"km/h"
"1603.0591601";"Calculated instant fuel consumption";"0";"l/100km"
"1603.0593387";"Distance travelled";"0.320904001666666";"km"
"1603.0596252";"Vehicle acceleration";"0";"m_sec2"
"1603.0609591";"Calculated instant fuel rate";"0";"l/h"
"1603.0631936";"Average speed";"46.6527352835562";"km/h"
"1603.0633131";"Distance travelled (total)";"1006.53586240522";"km"
"1603.0638387";"Fuel used";"0.0137233612475496";"l"
"1603.0639564";"Instant engine power (based on fuel consumption)";"0";"hp"
"1603.0787026";"Average fuel consumption (total)";"3.89675784442076";"l/100km"
"1603.0789825";"Average fuel consumption";"4.27646934169568";"l/100km"
"1603.07911";"Fuel used (total)";"39.2222651751837";"l"
"1603.0793331";"Fuel used price";"0.017703136009339";"€"
"1603.0800845";"Distance to empty";"0";"km"
"1603.0802456";"Average fuel consumption km/l.";"23.3837757294312";"km/l."
"1603.0804404";"Fuel used price (total)";"50.5967220759869";"€"
"1603.1317103";"Absolute pedal position D";"7";"%"
"1603.1317103";"Engine fuel rate";"0";"l/h"
"1603.1317103";"Engine RPM";"1042";"rpm"
"1603.1317103";"Vehicle speed";"45";"km/h"
"1603.1341518";"Calculated instant fuel consumption";"0";"l/100km"
"1603.1342855";"Distance travelled";"0.321840802916666";"km"
"1603.134524";"Vehicle acceleration";"0";"m_sec2"
"1603.1366893";"Calculated instant fuel rate";"0";"l/h"
"1603.1389432";"Average speed";"46.646240541583";"km/h"
"1603.1390688";"Distance travelled (total)";"1006.53679920647";"km"
"1603.1398488";"Fuel used";"0.0137233612475496";"l"
"1603.1399784";"Instant engine power (based on fuel consumption)";"0";"hp"
"1603.1472201";"Average fuel consumption (total)";"3.89675421764067";"l/100km"
"1603.1475172";"Average fuel consumption";"4.2640215669307";"l/100km"
"1603.1476364";"Fuel used (total)";"39.2222651751837";"l"
"1603.1478013";"Fuel used price";"0.017703136009339";"€"
"1603.1485452";"Distance to empty";"0";"km"
"1603.1487037";"Average fuel consumption km/l.";"23.4520389801831";"km/l."
"1603.1488974";"Fuel used price (total)";"50.5967220759869";"€"
"1603.2141729";"Absolute pedal position D";"7";"%"
"1603.2141729";"Engine fuel rate";"0";"l/h"
"1603.2141729";"Engine RPM";"980";"rpm"
"1603.2141729";"Vehicle speed";"45";"km/h"
"1603.2184682";"Calculated instant fuel consumption";"0";"l/100km"
"1603.2187275";"Distance travelled";"0.322896227916666";"km"
"1603.2192126";"Vehicle acceleration";"0";"m_sec2"
"1603.2219529";"Calculated instant fuel rate";"0";"l/h"
"1603.2261733";"Average speed";"46.6355756722848";"km/h"
"1603.2265684";"Distance travelled (total)";"1006.53785463147";"km"
"1603.2281047";"Fuel used";"0.0137233612475496";"l"
"1603.2284626";"Instant engine power (based on fuel consumption)";"0";"hp"
"1603.2388996";"Average fuel consumption (total)";"3.89675013162265";"l/100km"
"1603.2391546";"Average fuel consumption";"4.25008410166108";"l/100km"
"1603.2393258";"Fuel used (total)";"39.2222651751837";"l"
"1603.2394909";"Fuel used price";"0.017703136009339";"€"
"1603.2411516";"Distance to empty";"0";"km"
"1603.2413944";"Average fuel consumption km/l.";"23.5289461591869";"km/l."
"1603.2415966";"Fuel used price (total)";"50.5967220759869";"€"
"1603.3036778";"Absolute pedal position D";"7";"%"
"1603.3036778";"Engine fuel rate";"0.150000002235174";"l/h"
"1603.3036778";"Engine RPM";"913";"rpm"
"1603.3036778";"Vehicle speed";"44";"km/h"
"1603.3074693";"Calculated instant fuel consumption";"0";"l/100km"
"1603.3077275";"Distance travelled";"0.323983942138889";"km"
"1603.3082152";"Vehicle acceleration";"-0.593011337665163";"m_sec2"
"1603.311906";"Calculated instant fuel rate";"0.150000002235174";"l/h"
"1603.3178486";"Average speed";"46.6214852756903";"km/h"
"1603.3181152";"Distance travelled (total)";"1006.5389423457";"km"
"1603.3198553";"Fuel used";"0.0137271839684399";"l"
"1603.320117";"Instant engine power (based on fuel consumption)";"0.488488007279039";"hp"
"1603.3417531";"Average fuel consumption (total)";"3.89674592060769";"l/100km"
"1603.342237";"Average fuel consumption";"4.23699516643179";"l/100km"
"1603.3424921";"Fuel used (total)";"39.2222689979046";"l"
"1603.3429894";"Fuel used price";"0.0177080673192874";"€"
"1603.3463353";"Distance to empty";"0";"km"
"1603.346772";"Average fuel consumption km/l.";"23.6016318338677";"km/l."
"1603.3500073";"Fuel used price (total)";"50.5967270072969";"€"
"1603.3717311";"Absolute pedal position D";"7";"%"
"1603.3717311";"Engine fuel rate";"0.450000006705523";"l/h"
"1603.3717311";"Engine RPM";"867";"rpm"
"1603.3717311";"Vehicle speed";"44";"km/h"
"1603.3764186";"Calculated instant fuel consumption";"0.340909095989032";"l/100km"
"1603.3765669";"Distance travelled";"0.324825301583333";"km"
"1603.3768332";"Vehicle acceleration";"-0.593011337665163";"m_sec2"
"1603.37853";"Calculated instant fuel rate";"0.450000006705523";"l/h"
"1603.3807239";"Calculated instant fuel consumption km/l.";"293.333328962326";"km/l."
"1603.3815038";"Average speed";"46.6235072533362";"km/h"
"1603.3816318";"Distance travelled (total)";"1006.53978370514";"km"
"1603.3821678";"Fuel used";"0.0137349731935559";"l"
"1603.3822856";"Instant engine power (based on fuel consumption)";"1.46546402183712";"hp"
"1603.3981163";"Average fuel consumption (total)";"3.89674304313385";"l/100km"
"1603.3983011";"Average fuel consumption";"4.22841851500052";"l/100km"
"1603.398472";"Fuel used (total)";"39.2222767871297";"l"
"1603.398633";"Fuel used price";"0.0177181154196872";"€"
"1603.4148398";"Distance to empty";"0";"km"
"1603.4151316";"Average fuel consumption km/l.";"23.6495038618446";"km/l."
"1603.4153419";"Fuel used price (total)";"50.5967370553973";"€"
"1603.4611573";"Absolute pedal position D";"7";"%"
"1603.4611573";"Engine fuel rate";"0.550000008195639";"l/h"
"1603.4611573";"Engine RPM";"842";"rpm"
"1603.4611573";"Vehicle speed";"44";"km/h"
"1603.4653897";"Calculated instant fuel consumption";"1.0227272879671";"l/100km"
"1603.4656466";"Distance travelled";"0.32591397525";"km"
"1603.4662077";"Vehicle acceleration";"-0.593011337665163";"m_sec2"
"1603.4689541";"Calculated instant fuel rate";"0.550000008195639";"l/h"
"1603.4709948";"Calculated instant fuel consumption km/l.";"97.7777763207754";"km/l."
"1603.4723981";"Average speed";"46.6109662767887";"km/h"
"1603.4727291";"Distance travelled (total)";"1006.54087237881";"km"
"1603.4740682";"Fuel used";"0.0137490120354318";"l"
"1603.4743359";"Instant engine power (based on fuel consumption)";"1.79112269335647";"hp"
"1603.4851143";"Average fuel consumption (total)";"3.89673960228101";"l/100km"
"1603.4854674";"Average fuel consumption";"4.21860155732362";"l/100km"
"1603.4858161";"Fuel used (total)";"39.2222908259716";"l"
"1603.4862374";"Fuel used price";"0.017736225525707";"€"
"1603.5041716";"Distance to empty";"0";"km"
"1603.504597";"Average fuel consumption km/l.";"23.7045377813406";"km/l."
"1603.5048014";"Fuel used price (total)";"50.5967551655033";"€"
"1603.5280481";"Absolute pedal position D";"7";"%"
"1603.5280481";"Engine fuel rate";"0.550000008195639";"l/h"
"1603.5280481";"Engine RPM";"847";"rpm"
"1603.5280481";"Vehicle speed";"44";"km/h"
"1603.5304025";"Calculated instant fuel consumption";"1.25000001862645";"l/100km"
"1603.5305319";"Distance travelled";"0.326707014138889";"km"
"1603.5307784";"Vehicle acceleration";"-0.593011337665163";"m_sec2"
"1603.5321003";"Calculated instant fuel rate";"0.550000008195639";"l/h"
"1603.5349505";"Calculated instant fuel consumption km/l.";"79.9999988079071";"km/l."
"1603.5357655";"Average speed";"46.6069312075906";"km/h"
"1603.5358858";"Distance travelled (total)";"1006.5416654177";"km"
"1603.5366781";"Fuel used";"0.0137585776050188";"l"
"1603.5367976";"Instant engine power (based on fuel consumption)";"1.79112269335647";"hp"
"1603.5481073";"Average fuel consumption (total)";"3.8967379268592";"l/100km"
"1603.5482806";"Average fuel consumption";"4.21128932333537";"l/100km"
"1603.5484513";"Fuel used (total)";"39.2223003915411";"l"
"1603.5486118";"Fuel used price";"0.0177485651104742";"€"
"1603.5655826";"Distance to empty";"0";"km"
"1603.5660208";"Average fuel consumption km/l.";"23.7456969403374";"km/l."
"1603.5664898";"Fuel used price (total)";"50.5967675050881";"€"
"1603.604609";"Absolute pedal position D";"7";"%"
"1603.604609";"Engine fuel rate";"0.500000007450581";"l/h"
"1603.604609";"Engine RPM";"852";"rpm"
"1603.604609";"Vehicle speed";"44";"km/h"
"1603.6077048";"Calculated instant fuel consumption";"1.25000001862645";"l/100km"
"1603.6078371";"Distance travelled";"0.327651824916666";"km"
"1603.6080857";"Vehicle acceleration";"-0.593011337665163";"m_sec2"
"1603.6095864";"Calculated instant fuel rate";"0.500000007450581";"l/h"
"1603.6113811";"Calculated instant fuel consumption km/l.";"79.9999988079071";"km/l."
"1603.6123067";"Average speed";"46.6003905705235";"km/h"
"1603.6124432";"Distance travelled (total)";"1006.54261022847";"km"
"1603.6131261";"Fuel used";"0.0137691950079548";"l"
"1603.6132487";"Instant engine power (based on fuel consumption)";"1.6282933575968";"hp"
"1603.6323274";"Average fuel consumption (total)";"3.89673521944969";"l/100km"
"1603.6327478";"Average fuel consumption";"4.20238617973722";"l/100km"
"1603.6329125";"Fuel used (total)";"39.2223110089441";"l"
"1603.6331313";"Fuel used price";"0.0177622615602617";"€"
"1603.6346884";"Distance to empty";"0";"km"
"1603.6349733";"Average fuel consumption km/l.";"23.7960043944018";"km/l."
"1603.6352675";"Fuel used price (total)";"50.5967812015379";"€"
"1603.7307462";"Absolute pedal position D";"7";"%"
"1603.7307462";"Engine fuel rate";"0.450000006705523";"l/h"
"1603.7307462";"Engine RPM";"868";"rpm"
"1603.7307462";"Vehicle speed";"44";"km/h"
"1603.7337498";"Calculated instant fuel consumption";"1.13636365329677";"l/100km"
"1603.7338774";"Distance travelled";"0.329192282027778";"km"
"1603.734129";"Vehicle acceleration";"-0.593011337665163";"m_sec2"
"1603.7356952";"Calculated instant fuel rate";"0.450000006705523";"l/h"
"1603.7378937";"Calculated instant fuel consumption km/l.";"87.9999986886978";"km/l."
"1603.7395053";"Average speed";"46.5856996293482";"km/h"
"1603.7397844";"Distance travelled (total)";"1006.54415068558";"km"
"1603.7409182";"Fuel used";"0.0137851678456928";"l"
"1603.7411721";"Instant engine power (based on fuel consumption)";"1.46546402183712";"hp"
"1603.7542167";"Average fuel consumption (total)";"3.89673031056101";"l/100km"
"1603.7545768";"Average fuel consumption";"4.1875732203617";"l/100km"
"1603.7549656";"Fuel used (total)";"39.2223269817818";"l"
"1603.7553101";"Fuel used price";"0.0177828665209437";"€"
"1603.7679526";"Distance to empty";"0";"km"
"1603.7682132";"Average fuel consumption km/l.";"23.8801794590143";"km/l."
"1603.7684135";"Fuel used price (total)";"50.5968018064985";"€"
"1603.79548";"Absolute pedal position D";"7";"%"
"1603.79548";"Engine fuel rate";"0";"l/h"
"1603.79548";"Engine RPM";"933";"rpm"
"1603.79548";"Vehicle speed";"44";"km/h"
"1603.7988664";"Calculated instant fuel consumption";"1.0227272879671";"l/100km"
"1603.7991233";"Distance travelled";"0.329989628027777";"km"
"1603.799705";"Vehicle acceleration";"-0.593011337665163";"m_sec2"
"1603.8024713";"Calculated instant fuel rate";"0";"l/h"
"1603.8054352";"Calculated instant fuel consumption km/l.";"97.7777763207754";"km/l."
"1603.807065";"Average speed";"46.5746469958134";"km/h"
"1603.8073285";"Distance travelled (total)";"1006.54494803158";"km"
"1603.8090632";"Fuel used";"0.0137851678456928";"l"
"1603.8094647";"Instant engine power (based on fuel consumption)";"0";"hp"
"1603.8193439";"Average fuel consumption (total)";"3.8967288106195";"l/100km"
"1603.8195751";"Average fuel consumption";"4.17745488792526";"l/100km"
"1603.8197511";"Fuel used (total)";"39.2223269817818";"l"
"1603.8199204";"Fuel used price";"0.0177828665209437";"€"
"1603.831257";"Distance to empty";"0";"km"
"1603.8315519";"Average fuel consumption km/l.";"23.9380203216665";"km/l."
"1603.8317607";"Fuel used price (total)";"50.5968018064985";"€"
"1603.8605215";"Absolute pedal position D";"7";"%"
"1603.8605215";"Engine fuel rate";"0";"l/h"
"1603.8605215";"Engine RPM";"942";"rpm"
"1603.8605215";"Vehicle speed";"44";"km/h"
"1603.9429701";"Calculated instant fuel consumption";"0";"l/100km"
"1603.9430831";"Distance travelled";"0.331749166027777";"km"
"1603.9432533";"Vehicle acceleration";"0";"m_sec2"
"1603.9444487";"Calculated instant fuel rate";"0";"l/h"
"1603.9475671";"Average speed";"46.5663152589967";"km/h"
"1603.9476838";"Distance travelled (total)";"1006.54670756958";"km"
"1603.9480852";"Fuel used";"0.0137851678456928";"l"
"1603.9481938";"Instant engine power (based on fuel consumption)";"0";"hp"
"1603.9639566";"Average fuel consumption (total)";"3.89672199877226";"l/100km"
"1603.9641253";"Average fuel consumption";"4.15529841740086";"l/100km"
"1603.9642451";"Fuel used (total)";"39.2223269817818";"l"
"1603.96436";"Fuel used price";"0.0177828665209437";"€"
"1603.9804102";"Distance to empty";"0";"km"
"1603.9806646";"Average fuel consumption km/l.";"24.0656602619049";"km/l."
"1603.9808562";"Fuel used price (total)";"50.5968018064985";"€"
"1604.0614288";"Absolute pedal position D";"7";"%"
"1604.0614288";"Engine fuel rate";"0";"l/h"
"1604.0614288";"Engine RPM";"978";"rpm"
"1604.0614288";"Vehicle speed";"44";"km/h"
"1604.0657404";"Calculated instant fuel consumption";"0";"l/100km"
"1604.0661225";"Distance travelled";"0.333252855027777";"km"
"1604.0665894";"Vehicle acceleration";"0";"m_sec2"
"1604.0691118";"Calculated instant fuel rate";"0";"l/h"
"1604.0737008";"Average speed";"46.5486140799485";"km/h"
"1604.0739548";"Distance travelled (total)";"1006.54821125858";"km"
"1604.07544";"Fuel used";"0.0137851678456928";"l"
"1604.0757811";"Instant engine power (based on fuel consumption)";"0";"hp"
"1604.082994";"Average fuel consumption (total)";"3.8967161774336";"l/100km"
"1604.0832293";"Average fuel consumption";"4.13654906108569";"l/100km"
"1604.0833778";"Fuel used (total)";"39.2223269817818";"l"
"1604.0835186";"Fuel used price";"0.0177828665209437";"€"
"1604.0851588";"Distance to empty";"0";"km"
"1604.0854142";"Average fuel consumption km/l.";"24.1747404716514";"km/l."
"1604.0856255";"Fuel used price (total)";"50.5968018064985";"€"
"1604.1517628";"Absolute pedal position D";"7";"%"
"1604.1517628";"Engine fuel rate";"0";"l/h"
"1604.1517628";"Engine RPM";"1019";"rpm"
"1604.1517628";"Vehicle speed";"44";"km/h"
"1604.1561749";"Calculated instant fuel consumption";"0";"l/100km"
"1604.1564415";"Distance travelled";"0.334356692805555";"km"
"1604.1569625";"Vehicle acceleration";"0";"m_sec2"
"1604.1603924";"Calculated instant fuel rate";"0";"l/h"
"1604.164884";"Average speed";"46.5381580280736";"km/h"
"1604.1651436";"Distance travelled (total)";"1006.54931509636";"km"
"1604.1667068";"Fuel used";"0.0137851678456928";"l"
"1604.1670413";"Instant engine power (based on fuel consumption)";"0";"hp"
"1604.1861739";"Average fuel consumption (total)";"3.89671190407863";"l/100km"
"1604.1866597";"Average fuel consumption";"4.12289274966287";"l/100km"
"1604.1869646";"Fuel used (total)";"39.2223269817818";"l"
"1604.1873088";"Fuel used price";"0.0177828665209437";"€"
"1604.1904546";"Distance to empty";"0";"km"
"1604.1912295";"Average fuel consumption km/l.";"24.2548147797871";"km/l."
"1604.1916826";"Fuel used price (total)";"50.5968018064985";"€"
"1604.2182611";"Absolute pedal position D";"7";"%"
"1604.2182611";"Engine fuel rate";"0";"l/h"
"1604.2182611";"Engine RPM";"1064";"rpm"
"1604.2182611";"Vehicle speed";"43";"km/h"
"1604.2212092";"Calculated instant fuel consumption";"0";"l/100km"
"1604.22134";"Distance travelled";"0.335131878888889";"km"
"1604.2215725";"Vehicle acceleration";"-0.998134287390011";"m_sec2"
"1604.2230258";"Calculated instant fuel rate";"0";"l/h"
"1604.2258642";"Average speed";"46.5362017564939";"km/h"
"1604.2260514";"Distance travelled (total)";"1006.55009028245";"km"
"1604.2269332";"Fuel used";"0.0137851678456928";"l"
"1604.2270993";"Instant engine power (based on fuel consumption)";"0";"hp"
"1604.2387352";"Average fuel consumption (total)";"3.89670890305874";"l/100km"
"1604.2390279";"Average fuel consumption";"4.1133561782892";"l/100km"
"1604.2391847";"Fuel used (total)";"39.2223269817818";"l"
"1604.2393956";"Fuel used price";"0.0177828665209437";"€"
"1604.2408507";"Distance to empty";"0";"km"
"1604.2415423";"Average fuel consumption km/l.";"24.3110481236252";"km/l."
"1604.2418842";"Fuel used price (total)";"50.5968018064985";"€"
"1604.3161062";"Absolute pedal position D";"7";"%"
"1604.3161062";"Engine fuel rate";"0";"l/h"
"1604.3161062";"Engine RPM";"1107";"rpm"
"1604.3161062";"Vehicle speed";"43";"km/h"
"1604.320323";"Calculated instant fuel consumption";"0";"l/100km"
"1604.3205929";"Distance travelled";"0.336317299305555";"km"
"1604.3210451";"Vehicle acceleration";"-0.998134287390011";"m_sec2"
"1604.3235701";"Calculated instant fuel rate";"0";"l/h"
"1604.3278494";"Average speed";"46.5179378269723";"km/h"
"1604.3281064";"Distance travelled (total)";"1006.55127570286";"km"
"1604.3291351";"Fuel used";"0.0137851678456928";"l"
"1604.3303285";"Instant engine power (based on fuel consumption)";"0";"hp"
"1604.3543585";"Average fuel consumption (total)";"3.89670431388539";"l/100km"
"1604.3548703";"Average fuel consumption";"4.09885779713297";"l/100km"
"1604.355179";"Fuel used (total)";"39.2223269817818";"l"
"1604.3554864";"Fuel used price";"0.0177828665209437";"€"
"1604.3588041";"Distance to empty";"0";"km"
"1604.3596424";"Average fuel consumption km/l.";"24.3970405779744";"km/l."
"1604.3613387";"Fuel used price (total)";"50.5968018064985";"€"
"1604.3831724";"Absolute pedal position D";"7";"%"
"1604.3831724";"Engine fuel rate";"0";"l/h"
"1604.3831724";"Engine RPM";"1179";"rpm"
"1604.3831724";"Vehicle speed";"43";"km/h"
"1604.3852565";"Calculated instant fuel consumption";"0";"l/100km"
"1604.3854409";"Distance travelled";"0.337091876222222";"km"
"1604.3856728";"Vehicle acceleration";"-0.998134287390011";"m_sec2"
"1604.3869351";"Calculated instant fuel rate";"0";"l/h"
"1604.3892168";"Average speed";"46.5152723726944";"km/h"
"1604.389397";"Distance travelled (total)";"1006.55205027978";"km"
"1604.3899154";"Fuel used";"0.0137851678456928";"l"
"1604.3900557";"Instant engine power (based on fuel consumption)";"0";"hp"
"1604.3989015";"Average fuel consumption (total)";"3.89670131523548";"l/100km"
"1604.3991707";"Average fuel consumption";"4.0894393540962";"l/100km"
"1604.3994434";"Fuel used (total)";"39.2223269817818";"l"
"1604.3995897";"Fuel used price";"0.0177828665209437";"€"
"1604.4002362";"Distance to empty";"0";"km"
"1604.4004133";"Average fuel consumption km/l.";"24.4532297318053";"km/l."
"1604.4010896";"Fuel used price (total)";"50.5968018064985";"€"
"1604.4680031";"Absolute pedal position D";"7";"%"
"1604.4680031";"Engine fuel rate";"0";"l/h"
"1604.4680031";"Engine RPM";"1245";"rpm"
"1604.4680031";"Vehicle speed";"43";"km/h"
"1604.472071";"Calculated instant fuel consumption";"0";"l/100km"
"1604.4723566";"Distance travelled";"0.338129941611111";"km"
"1604.4729236";"Vehicle acceleration";"-0.998134287390011";"m_sec2"
"1604.4754589";"Calculated instant fuel rate";"0";"l/h"
"1604.4811044";"Average speed";"46.4949024150335";"km/h"
"1604.4813687";"Distance travelled (total)";"1006.55308834517";"km"
"1604.482454";"Fuel used";"0.0137851678456928";"l"
"1604.4828402";"Instant engine power (based on fuel consumption)";"0";"hp"
"1604.5031983";"Average fuel consumption (total)";"3.89669729653958";"l/100km"
"1604.5039417";"Average fuel consumption";"4.07688469705157";"l/100km"
"1604.5042755";"Fuel used (total)";"39.2223269817818";"l"
"1604.5045905";"Fuel used price";"0.0177828665209437";"€"
"1604.5063943";"Distance to empty";"0";"km"
"1604.5067944";"Average fuel consumption km/l.";"24.5285327967015";"km/l."
"1604.507211";"Fuel used price (total)";"50.5968018064985";"€"
"1604.5641677";"Absolute pedal position D";"7";"%"
"1604.5641677";"Engine fuel rate";"0";"l/h"
"1604.5641677";"Engine RPM";"1317";"rpm"
"1604.5641677";"Vehicle speed";"42";"km/h"
"1604.5687516";"Calculated instant fuel consumption";"0";"l/100km"
"1604.5690081";"Distance travelled";"0.339257479444444";"km"
"1604.5695576";"Vehicle acceleration";"-0.798388660070699";"m_sec2"
"1604.572242";"Calculated instant fuel rate";"0";"l/h"
"1604.5775872";"Average speed";"46.4786448217412";"km/h"
"1604.5778452";"Distance travelled (total)";"1006.554215883";"km"
"1604.5794738";"Fuel used";"0.0137851678456928";"l"
"1604.5797911";"Instant engine power (based on fuel consumption)";"0";"hp"
"1604.6127679";"Average fuel consumption (total)";"3.89669293147553";"l/100km"
"1604.6134073";"Average fuel consumption";"4.06333498328965";"l/100km"
"1604.6139215";"Fuel used (total)";"39.2223269817818";"l"
"1604.6142318";"Fuel used price";"0.0177828665209437";"€"
"1604.6196879";"Distance to empty";"0";"km"
"1604.6199924";"Average fuel consumption km/l.";"24.6103263479992";"km/l."
"1604.6202614";"Fuel used price (total)";"50.5968018064985";"€"
"1604.6378975";"Absolute pedal position D";"7";"%"
"1604.6378975";"Engine fuel rate";"0";"l/h"
"1604.6378975";"Engine RPM";"1415";"rpm"
"1604.6378975";"Vehicle speed";"42";"km/h"
"1604.6402217";"Calculated instant fuel consumption";"0";"l/100km"
"1604.6403483";"Distance travelled";"0.340089781777777";"km"
"1604.6405668";"Vehicle acceleration";"-0.798388660070699";"m_sec2"
"1604.6417418";"Calculated instant fuel rate";"0";"l/h"
"1604.6447024";"Average speed";"46.4738493764905";"km/h"
"1604.6448278";"Distance travelled (total)";"1006.55504818533";"km"
"1604.6454192";"Fuel used";"0.0137851678456928";"l"
"1604.6455703";"Instant engine power (based on fuel consumption)";"0";"hp"
"1604.6511925";"Average fuel consumption (total)";"3.89668970936997";"l/100km"
"1604.6514552";"Average fuel consumption";"4.05339077629222";"l/100km"
"1604.6516004";"Fuel used (total)";"39.2223269817818";"l"
"1604.6517409";"Fuel used price";"0.0177828665209437";"€"
"1604.6523838";"Distance to empty";"0";"km"
"1604.6525617";"Average fuel consumption km/l.";"24.6707030037389";"km/l."
"1604.6528299";"Fuel used price (total)";"50.5968018064985";"€"
"1604.6999063";"Absolute pedal position D";"7";"%"
"1604.6999063";"Engine fuel rate";"0";"l/h"
"1604.6999063";"Engine RPM";"1502";"rpm"
"1604.6999063";"Vehicle speed";"42";"km/h"
"1604.703815";"Calculated instant fuel consumption";"0";"l/100km"
"1604.7040728";"Distance travelled";"0.340833142111111";"km"
"1604.7045198";"Vehicle acceleration";"-0.798388660070699";"m_sec2"
"1604.7070648";"Calculated instant fuel rate";"0";"l/h"
"1604.7112697";"Average speed";"46.458147777355";"km/h"
"1604.7115292";"Distance travelled (total)";"1006.55579154567";"km"
"1604.7127928";"Fuel used";"0.0137851678456928";"l"
"1604.7131194";"Instant engine power (based on fuel consumption)";"0";"hp"
"1604.7205545";"Average fuel consumption (total)";"3.89668683159152";"l/100km"
"1604.720857";"Average fuel consumption";"4.04455029235357";"l/100km"
"1604.7209992";"Fuel used (total)";"39.2223269817818";"l"
"1604.7211415";"Fuel used price";"0.0177828665209437";"€"
"1604.722425";"Distance to empty";"0";"km"
"1604.722743";"Average fuel consumption km/l.";"24.7246276524377";"km/l."
"1604.722971";"Fuel used price (total)";"50.5968018064985";"€"
"1604.7657064";"Absolute pedal position D";"7";"%"
"1604.7657064";"Engine fuel rate";"0";"l/h"
"1604.7657064";"Engine RPM";"1587";"rpm"
"1604.7657064";"Vehicle speed";"42";"km/h"
"1604.7677736";"Calculated instant fuel consumption";"0";"l/100km"
"1604.7679062";"Distance travelled";"0.341577874444444";"km"
"1604.7681314";"Vehicle acceleration";"-0.798388660070699";"m_sec2"
"1604.769433";"Calculated instant fuel rate";"0";"l/h"
"1604.7718989";"Average speed";"46.4529171742243";"km/h"
"1604.7720187";"Distance travelled (total)";"1006.556536278";"km"
"1604.7725396";"Fuel used";"0.0137851678456928";"l"
"1604.7727664";"Instant engine power (based on fuel consumption)";"0";"hp"
"1604.784864";"Average fuel consumption (total)";"3.8966839485059";"l/100km"
"1604.7852034";"Average fuel consumption";"4.03573207664973";"l/100km"
"1604.7853937";"Fuel used (total)";"39.2223269817818";"l"
"1604.7855884";"Fuel used price";"0.0177828665209437";"€"
"1604.7879248";"Distance to empty";"0";"km"
"1604.7883616";"Average fuel consumption km/l.";"24.7786518283977";"km/l."
"1604.7886521";"Fuel used price (total)";"50.5968018064985";"€"
"1604.8571632";"Absolute pedal position D";"7";"%"
"1604.8571632";"Engine fuel rate";"0";"l/h"
"1604.8571632";"Engine RPM";"1669";"rpm"
"1604.8571632";"Vehicle speed";"42";"km/h"
"1604.8612106";"Calculated instant fuel consumption";"0";"l/100km"
"1604.8614698";"Distance travelled";"0.342669351777777";"km"
"1604.8619331";"Vehicle acceleration";"-0.798388660070699";"m_sec2"
"1604.8645294";"Calculated instant fuel rate";"0";"l/h"
"1604.87005";"Average speed";"46.4297463298167";"km/h"
"1604.8703443";"Distance travelled (total)";"1006.55762775533";"km"
"1604.8724324";"Fuel used";"0.0137851678456928";"l"
"1604.8728077";"Instant engine power (based on fuel consumption)";"0";"hp"
"1604.8843533";"Average fuel consumption (total)";"3.89667972307251";"l/100km"
"1604.8846323";"Average fuel consumption";"4.02287738141009";"l/100km"
"1604.8847892";"Fuel used (total)";"39.2223269817818";"l"
"1604.8849299";"Fuel used price";"0.0177828665209437";"€"
"1604.8856159";"Distance to empty";"0";"km"
"1604.8858011";"Average fuel consumption km/l.";"24.8578294884415";"km/l."
"1604.8861113";"Fuel used price (total)";"50.5968018064985";"€"
"1604.9238412";"Absolute pedal position D";"7";"%"
"1604.9238412";"Engine fuel rate";"0";"l/h"
"1604.9238412";"Engine RPM";"1633";"rpm"
"1604.9238412";"Vehicle speed";"42";"km/h"
"1604.9277025";"Calculated instant fuel consumption";"0";"l/100km"
"1604.927966";"Distance travelled";"0.343445060277777";"km"
"1604.928885";"Vehicle acceleration";"-0.798388660070699";"m_sec2"
"1604.9315741";"Calculated instant fuel rate";"0";"l/h"
"1604.9365068";"Average speed";"46.4183249562248";"km/h"
"1604.9368068";"Distance travelled (total)";"1006.55840346383";"km"
"1604.9378476";"Fuel used";"0.0137851678456928";"l"
"1604.9381432";"Instant engine power (based on fuel consumption)";"0";"hp"
"1604.9557376";"Average fuel consumption (total)";"3.89667672007977";"l/100km"
"1604.9563743";"Average fuel consumption";"4.01379126971382";"l/100km"
"1604.9567102";"Fuel used (total)";"39.2223269817818";"l"
"1604.9570206";"Fuel used price";"0.0177828665209437";"€"
"1604.9591835";"Distance to empty";"0";"km"
"1604.9599076";"Average fuel consumption km/l.";"24.9141007292913";"km/l."
"1604.9604898";"Fuel used price (total)";"50.5968018064985";"€"
"1604.9989016";"Absolute pedal position D";"7";"%"
"1604.9989016";"Engine fuel rate";"0";"l/h"
"1604.9989016";"Engine RPM";"1634";"rpm"
"1604.9989016";"Vehicle speed";"42";"km/h"
"1605.0029454";"Calculated instant fuel consumption";"0";"l/100km"
"1605.003217";"Distance travelled";"0.344322929111111";"km"
"1605.0036802";"Vehicle acceleration";"-0.798388660070699";"m_sec2"
"1605.0062819";"Calculated instant fuel rate";"0";"l/h"
"1605.0103447";"Average speed";"46.4083072331756";"km/h"
"1605.010601";"Distance travelled (total)";"1006.55928133267";"km"
"1605.0118882";"Fuel used";"0.0137851678456928";"l"
"1605.0122077";"Instant engine power (based on fuel consumption)";"0";"hp"
"1605.0208979";"Average fuel consumption (total)";"3.89667332160031";"l/100km"
"1605.0211468";"Average fuel consumption";"4.00355790457521";"l/100km"
"1605.0212874";"Fuel used (total)";"39.2223269817818";"l"
"1605.0214285";"Fuel used price";"0.0177828665209437";"€"
"1605.0230054";"Distance to empty";"0";"km"
"1605.0232695";"Average fuel consumption km/l.";"24.9777828580227";"km/l."
"1605.0234796";"Fuel used price (total)";"50.5968018064985";"€"
"1605.0666285";"Absolute pedal position D";"7";"%"
"1605.0666285";"Engine fuel rate";"0";"l/h"
"1605.0666285";"Engine RPM";"1645";"rpm"
"1605.0666285";"Vehicle speed";"42";"km/h"
"1605.0688719";"Calculated instant fuel consumption";"0";"l/100km"
"1605.0690086";"Distance travelled";"0.345090491944444";"km"
"1605.069233";"Vehicle acceleration";"-0.798388660070699";"m_sec2"
"1605.0705423";"Calculated instant fuel rate";"0";"l/h"
"1605.0730401";"Average speed";"46.4027284447493";"km/h"
"1605.0731754";"Distance travelled (total)";"1006.5600488955";"km"
"1605.0737232";"Fuel used";"0.0137851678456928";"l"
"1605.0738619";"Instant engine power (based on fuel consumption)";"0";"hp"
"1605.0861893";"Average fuel consumption (total)";"3.89667035015154";"l/100km"
"1605.0868702";"Average fuel consumption";"3.99465304535601";"l/100km"
"1605.0870901";"Fuel used (total)";"39.2223269817818";"l"
"1605.0872872";"Fuel used price";"0.0177828665209437";"€"
"1605.0889006";"Distance to empty";"0";"km"
"1605.0892226";"Average fuel consumption km/l.";"25.0334631980755";"km/l."
"1605.0895611";"Fuel used price (total)";"50.5968018064985";"€"
"1605.1261249";"Absolute pedal position D";"7";"%"
"1605.1261249";"Engine fuel rate";"0";"l/h"
"1605.1261249";"Engine RPM";"1622";"rpm"
"1605.1261249";"Vehicle speed";"41";"km/h"
"1605.1286915";"Calculated instant fuel consumption";"0";"l/100km"
"1605.1288559";"Distance travelled";"0.345772048611111";"km"
"1605.1291457";"Vehicle acceleration";"-0.496352602535528";"m_sec2"
"1605.1308418";"Calculated instant fuel rate";"0";"l/h"
"1605.1336898";"Average speed";"46.3893182576482";"km/h"
"1605.1338511";"Distance travelled (total)";"1006.56073045217";"km"
"1605.1348504";"Fuel used";"0.0137851678456928";"l"
"1605.1350437";"Instant engine power (based on fuel consumption)";"0";"hp"
"1605.1627187";"Average fuel consumption (total)";"3.89666771166031";"l/100km"
"1605.1632775";"Average fuel consumption";"3.98677912256492";"l/100km"
"1605.1636268";"Fuel used (total)";"39.2223269817818";"l"
"1605.1639401";"Fuel used price";"0.0177828665209437";"€"
"1605.1673695";"Distance to empty";"0";"km"
"1605.1679103";"Average fuel consumption km/l.";"25.0829045015327";"km/l."
"1605.1683969";"Fuel used price (total)";"50.5968018064985";"€"
"1605.187351";"Absolute pedal position D";"7";"%"
"1605.187351";"Engine fuel rate";"0";"l/h"
"1605.187351";"Engine RPM";"1624";"rpm"
"1605.187351";"Vehicle speed";"41";"km/h"
"1605.1923422";"Calculated instant fuel consumption";"0";"l/100km"
"1605.1928214";"Distance travelled";"0.346500459166666";"km"
"1605.193284";"Vehicle acceleration";"-0.496352602535528";"m_sec2"
"1605.1961069";"Calculated instant fuel rate";"0";"l/h"
"1605.1995031";"Average speed";"46.3732860559907";"km/h"
"1605.1996454";"Distance travelled (total)";"1006.56145886272";"km"
"1605.2002231";"Fuel used";"0.0137851678456928";"l"
"1605.2003668";"Instant engine power (based on fuel consumption)";"0";"hp"
"1605.2187984";"Average fuel consumption (total)";"3.89666489178889";"l/100km"
"1605.2190536";"Average fuel consumption";"3.97839814667089";"l/100km"
"1605.219195";"Fuel used (total)";"39.2223269817818";"l"
"1605.2193983";"Fuel used price";"0.0177828665209437";"€"
"1605.2205748";"Distance to empty";"0";"km"
"1605.2207928";"Average fuel consumption km/l.";"25.1357446674058";"km/l."
"1605.2210085";"Fuel used price (total)";"50.5968018064985";"€"
"1605.2612134";"Absolute pedal position D";"7";"%"
"1605.2612134";"Engine fuel rate";"0";"l/h"
"1605.2612134";"Engine RPM";"1629";"rpm"
"1605.2612134";"Vehicle speed";"41";"km/h"
"1605.2644823";"Calculated instant fuel consumption";"0";"l/100km"
"1605.2646153";"Distance travelled";"0.347318109638889";"km"
"1605.2648612";"Vehicle acceleration";"-0.496352602535528";"m_sec2"
"1605.2661659";"Calculated instant fuel rate";"0";"l/h"
"1605.2679458";"Average speed";"46.3647292635746";"km/h"
"1605.2680721";"Distance travelled (total)";"1006.5622765132";"km"
"1605.2685747";"Fuel used";"0.0137851678456928";"l"
"1605.2687504";"Instant engine power (based on fuel consumption)";"0";"hp"
"1605.2889585";"Average fuel consumption (total)";"3.89666172645083";"l/100km"
"1605.2894904";"Average fuel consumption";"3.96903226843697";"l/100km"
"1605.2897913";"Fuel used (total)";"39.2223269817818";"l"
"1605.2903448";"Fuel used price";"0.0177828665209437";"€"
"1605.2935222";"Distance to empty";"0";"km"
"1605.2941014";"Average fuel consumption km/l.";"25.1950584517119";"km/l."
"1605.2946246";"Fuel used price (total)";"50.5968018064985";"€"
"1605.3283689";"Absolute pedal position D";"7";"%"
"1605.3283689";"Engine fuel rate";"0";"l/h"
"1605.3283689";"Engine RPM";"1616";"rpm"
"1605.3283689";"Vehicle speed";"41";"km/h"
"1605.3311748";"Calculated instant fuel consumption";"0";"l/100km"
"1605.3313132";"Distance travelled";"0.34807768475";"km"
"1605.3315846";"Vehicle acceleration";"-0.496352602535528";"m_sec2"
"1605.3340469";"Calculated instant fuel rate";"0";"l/h"
"1605.3376841";"Average speed";"46.3462919424382";"km/h"
"1605.3378063";"Distance travelled (total)";"1006.56303608831";"km"
"1605.3383714";"Fuel used";"0.0137851678456928";"l"
"1605.3385137";"Instant engine power (based on fuel consumption)";"0";"hp"
"1605.3529357";"Average fuel consumption (total)";"3.89665878594223";"l/100km"
"1605.3532102";"Average fuel consumption";"3.96037104636389";"l/100km"
"1605.3533749";"Fuel used (total)";"39.2223269817818";"l"
"1605.353629";"Fuel used price";"0.0177828665209437";"€"
"1605.3548988";"Distance to empty";"0";"km"
"1605.3551414";"Average fuel consumption km/l.";"25.2501593485318";"km/l."
"1605.355391";"Fuel used price (total)";"50.5968018064985";"€"
"1605.4052751";"Absolute pedal position D";"7";"%"
"1605.4052751";"Engine fuel rate";"0";"l/h"
"1605.4052751";"Engine RPM";"1613";"rpm"
"1605.4052751";"Vehicle speed";"41";"km/h"
"1605.4093398";"Calculated instant fuel consumption";"0";"l/100km"
"1605.4096208";"Distance travelled";"0.348969442722222";"km"
"1605.4100798";"Vehicle acceleration";"-0.496352602535528";"m_sec2"
"1605.4127268";"Calculated instant fuel rate";"0";"l/h"
"1605.417303";"Average speed";"46.3287123292258";"km/h"
"1605.4175829";"Distance travelled (total)";"1006.56392784628";"km"
"1605.4187506";"Fuel used";"0.0137851678456928";"l"
"1605.4191152";"Instant engine power (based on fuel consumption)";"0";"hp"
"1605.4398161";"Average fuel consumption (total)";"3.89665533372579";"l/100km"
"1605.4405837";"Average fuel consumption";"3.95025069764223";"l/100km"
"1605.4408904";"Fuel used (total)";"39.2223269817818";"l"
"1605.4411931";"Fuel used price";"0.0177828665209437";"€"
"1605.4433434";"Distance to empty";"0";"km"
"1605.4437865";"Average fuel consumption km/l.";"25.3148490195031";"km/l."
"1605.4442055";"Fuel used price (total)";"50.5968018064985";"€"
"1605.486731";"Absolute pedal position D";"7";"%"
"1605.486731";"Engine fuel rate";"0";"l/h"
"1605.486731";"Engine RPM";"1613";"rpm"
"1605.486731";"Vehicle speed";"41";"km/h"
"1605.4912093";"Calculated instant fuel consumption";"0";"l/100km"
"1605.491482";"Distance travelled";"0.349901680222222";"km"
"1605.4919404";"Vehicle acceleration";"-0.496352602535528";"m_sec2"
"1605.4948715";"Calculated instant fuel rate";"0";"l/h"
"1605.4992166";"Average speed";"46.3125682148786";"km/h"
"1605.4995635";"Distance travelled (total)";"1006.56486008378";"km"
"1605.5006475";"Fuel used";"0.0137851678456928";"l"
"1605.5009502";"Instant engine power (based on fuel consumption)";"0";"hp"
"1605.5019587";"Average fuel consumption (total)";"3.89665172480959";"l/100km"
"1605.502298";"Average fuel consumption";"3.93972610732759";"l/100km"
"1605.5029411";"Fuel used (total)";"39.2223269817818";"l"
"1605.5032524";"Fuel used price";"0.0177828665209437";"€"
"1605.5045347";"Distance to empty";"0";"km"
"1605.5049072";"Average fuel consumption km/l.";"25.3824751456726";"km/l."
"1605.5053076";"Fuel used price (total)";"50.5968018064985";"€"
"1605.556735";"Absolute pedal position D";"7";"%"
"1605.556735";"Engine fuel rate";"0";"l/h"
"1605.556735";"Engine RPM";"1606";"rpm"
"1605.556735";"Vehicle speed";"41";"km/h"
"1605.5613134";"Calculated instant fuel consumption";"0";"l/100km"
"1605.561572";"Distance travelled";"0.350699861388889";"km"
"1605.5620241";"Vehicle acceleration";"-0.496352602535528";"m_sec2"
"1605.5647181";"Calculated instant fuel rate";"0";"l/h"
"1605.570558";"Average speed";"46.2967890033238";"km/h"
"1605.5708135";"Distance travelled (total)";"1006.56565826495";"km"
"1605.5718685";"Fuel used";"0.0137851678456928";"l"
"1605.5727715";"Instant engine power (based on fuel consumption)";"0";"hp"
"1605.5869697";"Average fuel consumption (total)";"3.89664863486311";"l/100km"
"1605.5872526";"Average fuel consumption";"3.93075942234448";"l/100km"
"1605.5874085";"Fuel used (total)";"39.2223269817818";"l"
"1605.5875526";"Fuel used price";"0.0177828665209437";"€"
"1605.5882579";"Distance to empty";"0";"km"
"1605.5884497";"Average fuel consumption km/l.";"25.4403765927642";"km/l."
"1605.588668";"Fuel used price (total)";"50.5968018064985";"€"
"1605.6356519";"Absolute pedal position D";"7";"%"
"1605.6356519";"Engine fuel rate";"0";"l/h"
"1605.6356519";"Engine RPM";"1607";"rpm"
"1605.6356519";"Vehicle speed";"41";"km/h"
"1605.6396563";"Calculated instant fuel consumption";"0";"l/100km"
"1605.6399341";"Distance travelled";"0.351592263972222";"km"
"1605.6403859";"Vehicle acceleration";"0";"m_sec2"
"1605.6437315";"Calculated instant fuel rate";"0";"l/h"
"1605.6481068";"Average speed";"46.2829707164255";"km/h"
"1605.6483612";"Distance travelled (total)";"1006.56655066753";"km"
"1605.6494665";"Fuel used";"0.0137851678456928";"l"
"1605.6497659";"Instant engine power (based on fuel consumption)";"0";"hp"
"1605.6585701";"Average fuel consumption (total)";"3.89664518016922";"l/100km"
"1605.65883";"Average fuel consumption";"3.92078246829171";"l/100km"
"1605.6589755";"Fuel used (total)";"39.2223269817818";"l"
"1605.6591232";"Fuel used price";"0.0177828665209437";"€"
"1605.6604118";"Distance to empty";"0";"km"
"1605.6606969";"Average fuel consumption km/l.";"25.5051130249443";"km/l."
"1605.6609063";"Fuel used price (total)";"50.5968018064985";"€"
"1605.7138458";"Absolute pedal position D";"7";"%"
"1605.7138458";"Engine fuel rate";"0";"l/h"
"1605.7138458";"Engine RPM";"1603";"rpm"
"1605.7138458";"Vehicle speed";"41";"km/h"
"1605.7182544";"Calculated instant fuel consumption";"0";"l/100km"
"1605.7185269";"Distance travelled";"0.352487281444444";"km"
"1605.7190194";"Vehicle acceleration";"0";"m_sec2"
"1605.7217554";"Calculated instant fuel rate";"0";"l/h"
"1605.7266151";"Average speed";"46.2679728099309";"km/h"
"1605.7269104";"Distance travelled (total)";"1006.567445685";"km"
"1605.7279675";"Fuel used";"0.0137851678456928";"l"
"1605.7282673";"Instant engine power (based on fuel consumption)";"0";"hp"
"1605.7405807";"Average fuel consumption (total)";"3.89664171535866";"l/100km"
"1605.7408772";"Average fuel consumption";"3.91082702025533";"l/100km"
"1605.7410247";"Fuel used (total)";"39.2223269817818";"l"
"1605.7411739";"Fuel used price";"0.0177828665209437";"€"
"1605.7418847";"Distance to empty";"0";"km"
"1605.7420636";"Average fuel consumption km/l.";"25.5700391457025";"km/l."
"1605.7423171";"Fuel used price (total)";"50.5968018064985";"€"
"1605.7792992";"Absolute pedal position D";"7";"%"
"1605.7792992";"Engine fuel rate";"0";"l/h"
"1605.7792992";"Engine RPM";"1597";"rpm"
"1605.7792992";"Vehicle speed";"41";"km/h"
"1605.781558";"Calculated instant fuel consumption";"0";"l/100km"
"1605.7817747";"Distance travelled";"0.353207583111111";"km"
"1605.7820113";"Vehicle acceleration";"0";"m_sec2"
"1605.7833473";"Calculated instant fuel rate";"0";"l/h"
"1605.7863261";"Average speed";"46.2616821118787";"km/h"
"1605.7864647";"Distance travelled (total)";"1006.56816598667";"km"
"1605.7869779";"Fuel used";"0.0137851678456928";"l"
"1605.7871173";"Instant engine power (based on fuel consumption)";"0";"hp"
"1605.8050793";"Average fuel consumption (total)";"3.89663892691609";"l/100km"
"1605.8054597";"Average fuel consumption";"3.90285161045263";"l/100km"
"1605.805679";"Fuel used (total)";"39.2223269817818";"l"
"1605.8058805";"Fuel used price";"0.0177828665209437";"€"
"1605.8074114";"Distance to empty";"0";"km"
"1605.8077431";"Average fuel consumption km/l.";"25.6222910787025";"km/l."
"1605.8080378";"Fuel used price (total)";"50.5968018064985";"€"
"1605.8622968";"Absolute pedal position D";"7";"%"
"1605.8622968";"Engine fuel rate";"0";"l/h"
"1605.8622968";"Engine RPM";"1597";"rpm"
"1605.8622968";"Vehicle speed";"41";"km/h"
"1605.8666819";"Calculated instant fuel consumption";"0";"l/100km"
"1605.8669633";"Distance travelled";"0.354177704611111";"km"
"1605.8677863";"Vehicle acceleration";"0";"m_sec2"
"1605.8708896";"Calculated instant fuel rate";"0";"l/h"
"1605.8743528";"Average speed";"46.2407760360276";"km/h"
"1605.875474";"Distance travelled (total)";"1006.56913610817";"km"
"1605.8778467";"Fuel used";"0.0137851678456928";"l"
"1605.8781474";"Instant engine power (based on fuel consumption)";"0";"hp"
"1605.880522";"Average fuel consumption (total)";"3.89663517137356";"l/100km"
"1605.8810103";"Average fuel consumption";"3.89216138289365";"l/100km"
"1605.8815442";"Fuel used (total)";"39.2223269817818";"l"
"1605.8818518";"Fuel used price";"0.0177828665209437";"€"
"1605.8837054";"Distance to empty";"0";"km"
"1605.8840856";"Average fuel consumption km/l.";"25.6926653759805";"km/l."
"1605.8845386";"Fuel used price (total)";"50.5968018064985";"€"
"1605.9836043";"Absolute pedal position D";"7";"%"
"1605.9836043";"Engine fuel rate";"0";"l/h"
"1605.9836043";"Engine RPM";"1589";"rpm"
"1605.9836043";"Vehicle speed";"40";"km/h"
"1605.9882985";"Calculated instant fuel consumption";"0";"l/100km"
"1605.9885727";"Distance travelled";"0.3555288435";"km"
"1605.9890296";"Vehicle acceleration";"-0.796739867938773";"m_sec2"
"1605.9917525";"Calculated instant fuel rate";"0";"l/h"
"1605.9961981";"Average speed";"46.2133088081096";"km/h"
"1605.9964665";"Distance travelled (total)";"1006.57048724706";"km"
"1605.9980037";"Fuel used";"0.0137851678456928";"l"
"1605.9983114";"Instant engine power (based on fuel consumption)";"0";"hp"
"1606.0184908";"Average fuel consumption (total)";"3.89662994084536";"l/100km"
"1606.0190347";"Average fuel consumption";"3.87736975430315";"l/100km"
"1606.0193743";"Fuel used (total)";"39.2223269817818";"l"
"1606.0195397";"Fuel used price";"0.0177828665209437";"€"
"1606.0205694";"Distance to empty";"0";"km"
"1606.0207916";"Average fuel consumption km/l.";"25.7906793359129";"km/l."
"1606.0210336";"Fuel used price (total)";"50.5968018064985";"€"
"1606.0557581";"Absolute pedal position D";"7";"%"
"1606.0557581";"Engine fuel rate";"0";"l/h"
"1606.0557581";"Engine RPM";"1583";"rpm"
"1606.0557581";"Vehicle speed";"40";"km/h"
"1606.0600296";"Calculated instant fuel consumption";"0";"l/100km"
"1606.0603026";"Distance travelled";"0.356325795722222";"km"
"1606.0607716";"Vehicle acceleration";"-0.796739867938773";"m_sec2"
"1606.0635297";"Calculated instant fuel rate";"0";"l/h"
"1606.0675256";"Average speed";"46.1975798121669";"km/h"
"1606.067776";"Distance travelled (total)";"1006.57128419928";"km"
"1606.0688307";"Fuel used";"0.0137851678456928";"l"
"1606.0694323";"Instant engine power (based on fuel consumption)";"0";"hp"
"1606.0935385";"Average fuel consumption (total)";"3.8966268556909";"l/100km"
"1606.0939976";"Average fuel consumption";"3.86869769497103";"l/100km"
"1606.0942973";"Fuel used (total)";"39.2223269817818";"l"
"1606.0946095";"Fuel used price";"0.0177828665209437";"€"
"1606.0972995";"Distance to empty";"0";"km"
"1606.0977645";"Average fuel consumption km/l.";"25.8484916332417";"km/l."
"1606.0981794";"Fuel used price (total)";"50.5968018064985";"€"
"1606.1234633";"Absolute pedal position D";"7";"%"
"1606.1234633";"Engine fuel rate";"0";"l/h"
"1606.1234633";"Engine RPM";"1578";"rpm"
"1606.1234633";"Vehicle speed";"40";"km/h"
"1606.1257568";"Calculated instant fuel consumption";"0";"l/100km"
"1606.1258832";"Distance travelled";"0.3570544635";"km"
"1606.1261864";"Vehicle acceleration";"-0.796739867938773";"m_sec2"
"1606.1274672";"Calculated instant fuel rate";"0";"l/h"
"1606.130436";"Average speed";"46.1874095122495";"km/h"
"1606.1305855";"Distance travelled (total)";"1006.57201286706";"km"
"1606.1312392";"Fuel used";"0.0137851678456928";"l"
"1606.131392";"Instant engine power (based on fuel consumption)";"0";"hp"
"1606.1381268";"Average fuel consumption (total)";"3.89662403488285";"l/100km"
"1606.1384653";"Average fuel consumption";"3.86080255391984";"l/100km"
"1606.1386169";"Fuel used (total)";"39.2223269817818";"l"
"1606.1387699";"Fuel used price";"0.0177828665209437";"€"
"1606.1404827";"Distance to empty";"0";"km"
"1606.1406719";"Average fuel consumption km/l.";"25.9013504584612";"km/l."
"1606.1408664";"Fuel used price (total)";"50.5968018064985";"€"
"1606.1837841";"Absolute pedal position D";"7";"%"
"1606.1837841";"Engine fuel rate";"0";"l/h"
"1606.1837841";"Engine RPM";"1576";"rpm"
"1606.1837841";"Vehicle speed";"40";"km/h"
"1606.1877548";"Calculated instant fuel consumption";"0";"l/100km"
"1606.1880098";"Distance travelled";"0.357744676833333";"km"
"1606.188457";"Vehicle acceleration";"-0.796739867938773";"m_sec2"
"1606.1911374";"Calculated instant fuel rate";"0";"l/h"
"1606.1958105";"Average speed";"46.1687549780294";"km/h"
"1606.1962923";"Distance travelled (total)";"1006.57270308039";"km"
"1606.1973995";"Fuel used";"0.0137851678456928";"l"
"1606.1977266";"Instant engine power (based on fuel consumption)";"0";"hp"
"1606.2097837";"Average fuel consumption (total)";"3.89662136294286";"l/100km"
"1606.2102653";"Average fuel consumption";"3.85335372917793";"l/100km"
"1606.2105693";"Fuel used (total)";"39.2223269817818";"l"
"1606.2110207";"Fuel used price";"0.0177828665209437";"€"
"1606.2136066";"Distance to empty";"0";"km"
"1606.2141104";"Average fuel consumption km/l.";"25.9514197315422";"km/l."
"1606.2145864";"Fuel used price (total)";"50.5968018064985";"€"
"1606.2510032";"Absolute pedal position D";"7";"%"
"1606.2510032";"Engine fuel rate";"0";"l/h"
"1606.2510032";"Engine RPM";"1573";"rpm"
"1606.2510032";"Vehicle speed";"40";"km/h"
"1606.2535682";"Calculated instant fuel consumption";"0";"l/100km"
"1606.2536934";"Distance travelled";"0.3584744935";"km"
"1606.2539362";"Vehicle acceleration";"-0.796739867938773";"m_sec2"
"1606.2552448";"Calculated instant fuel rate";"0";"l/h"
"1606.2592153";"Average speed";"46.1575117020443";"km/h"
"1606.2596556";"Distance travelled (total)";"1006.57343289706";"km"
"1606.2607139";"Fuel used";"0.0137851678456928";"l"
"1606.2610224";"Instant engine power (based on fuel consumption)";"0";"hp"
"1606.2751872";"Average fuel consumption (total)";"3.89661853769522";"l/100km"
"1606.2756565";"Average fuel consumption";"3.84550870303212";"l/100km"
"1606.2761308";"Fuel used (total)";"39.2223269817818";"l"
"1606.276445";"Fuel used price";"0.0177828665209437";"€"
"1606.2800243";"Distance to empty";"0";"km"
"1606.2806305";"Average fuel consumption km/l.";"26.0043618991557";"km/l."
"1606.2810631";"Fuel used price (total)";"50.5968018064985";"€"
"1606.3252983";"Absolute pedal position D";"7";"%"
"1606.3252983";"Engine fuel rate";"0";"l/h"
"1606.3252983";"Engine RPM";"1567";"rpm"
"1606.3252983";"Vehicle speed";"40";"km/h"
"1606.3288471";"Calculated instant fuel consumption";"0";"l/100km"
"1606.3289694";"Distance travelled";"0.359310866833333";"km"
"1606.3292059";"Vehicle acceleration";"-0.796739867938773";"m_sec2"
"1606.331026";"Calculated instant fuel rate";"0";"l/h"
"1606.3329567";"Average speed";"46.1433890093458";"km/h"
"1606.3330772";"Distance travelled (total)";"1006.57426927039";"km"
"1606.3336023";"Fuel used";"0.0137851678456928";"l"
"1606.3337467";"Instant engine power (based on fuel consumption)";"0";"hp"
"1606.3569841";"Average fuel consumption (total)";"3.89661529995317";"l/100km"
"1606.3573277";"Average fuel consumption";"3.83655745432466";"l/100km"
"1606.3575287";"Fuel used (total)";"39.2223269817818";"l"
"1606.3577248";"Fuel used price";"0.0177828665209437";"€"
"1606.3597826";"Distance to empty";"0";"km"
"1606.3604857";"Average fuel consumption km/l.";"26.0650338723007";"km/l."
"1606.360871";"Fuel used price (total)";"50.5968018064985";"€"
"1606.4153497";"Absolute pedal position D";"7";"%"
"1606.4153497";"Engine fuel rate";"0";"l/h"
"1606.4153497";"Engine RPM";"1560";"rpm"
"1606.4153497";"Vehicle speed";"39";"km/h"
"1606.4188527";"Calculated instant fuel consumption";"0";"l/100km"
"1606.4191734";"Distance travelled";"0.360287977166666";"km"
"1606.419754";"Vehicle acceleration";"-0.64490000180572";"m_sec2"
"1606.4234364";"Calculated instant fuel rate";"0";"l/h"
"1606.427738";"Average speed";"46.1130654596786";"km/h"
"1606.4279878";"Distance travelled (total)";"1006.57524638072";"km"
"1606.4320301";"Fuel used";"0.0137851678456928";"l"
"1606.432407";"Instant engine power (based on fuel consumption)";"0";"hp"
"1606.4451559";"Average fuel consumption (total)";"3.89661151740131";"l/100km"
"1606.4454676";"Average fuel consumption";"3.82615261105865";"l/100km"
"1606.4456452";"Fuel used (total)";"39.2223269817818";"l"
"1606.4457997";"Fuel used price";"0.0177828665209437";"€"
"1606.4486402";"Distance to empty";"0";"km"
"1606.4490722";"Average fuel consumption km/l.";"26.135915151678";"km/l."
"1606.4494501";"Fuel used price (total)";"50.5968018064985";"€"
"1606.4758282";"Absolute pedal position D";"7";"%"
"1606.4758282";"Engine fuel rate";"0";"l/h"
"1606.4758282";"Engine RPM";"1532";"rpm"
"1606.4758282";"Vehicle speed";"39";"km/h"
"1606.4780114";"Calculated instant fuel consumption";"0";"l/100km"
"1606.4781372";"Distance travelled";"0.360926763583333";"km"
"1606.4783761";"Vehicle acceleration";"-0.64490000180572";"m_sec2"
"1606.4796894";"Calculated instant fuel rate";"0";"l/h"
"1606.4818694";"Average speed";"46.105972815021";"km/h"
"1606.4819884";"Distance travelled (total)";"1006.57588516714";"km"
"1606.4826893";"Fuel used";"0.0137851678456928";"l"
"1606.4828554";"Instant engine power (based on fuel consumption)";"0";"hp"
"1606.4888532";"Average fuel consumption (total)";"3.89660904455992";"l/100km"
"1606.4891043";"Average fuel consumption";"3.81938089290793";"l/100km"
"1606.489293";"Fuel used (total)";"39.2223269817818";"l"
"1606.4894406";"Fuel used price";"0.0177828665209437";"€"
"1606.4901156";"Distance to empty";"0";"km"
"1606.4902961";"Average fuel consumption km/l.";"26.1822538269714";"km/l."
"1606.4905137";"Fuel used price (total)";"50.5968018064985";"€"
"1606.5373941";"Absolute pedal position D";"7";"%"
"1606.5373941";"Engine fuel rate";"0";"l/h"
"1606.5373941";"Engine RPM";"1533";"rpm"
"1606.5373941";"Vehicle speed";"39";"km/h"
"1606.5415233";"Calculated instant fuel consumption";"0";"l/100km"
"1606.5417876";"Distance travelled";"0.361616218583333";"km"
"1606.5422524";"Vehicle acceleration";"-0.64490000180572";"m_sec2"
"1606.5450762";"Calculated instant fuel rate";"0";"l/h"
"1606.5497709";"Average speed";"46.083753539864";"km/h"
"1606.5500531";"Distance travelled (total)";"1006.57657462214";"km"
"1606.5513369";"Fuel used";"0.0137851678456928";"l"
"1606.5516805";"Instant engine power (based on fuel consumption)";"0";"hp"
"1606.5607132";"Average fuel consumption (total)";"3.8966063755761";"l/100km"
"1606.5609544";"Average fuel consumption";"3.81209888751603";"l/100km"
"1606.5611055";"Fuel used (total)";"39.2223269817818";"l"
"1606.5612544";"Fuel used price";"0.0177828665209437";"€"
"1606.5631137";"Distance to empty";"0";"km"
"1606.5636461";"Average fuel consumption km/l.";"26.2322680892363";"km/l."
"1606.5640159";"Fuel used price (total)";"50.5968018064985";"€"
"1606.6264888";"Absolute pedal position D";"7";"%"
"1606.6264888";"Engine fuel rate";"0";"l/h"
"1606.6264888";"Engine RPM";"1513";"rpm"
"1606.6264888";"Vehicle speed";"39";"km/h"
"1606.631882";"Calculated instant fuel consumption";"0";"l/100km"
"1606.6321783";"Distance travelled";"0.3625953905";"km"
"1606.6327496";"Vehicle acceleration";"-0.64490000180572";"m_sec2"
"1606.6355096";"Calculated instant fuel rate";"0";"l/h"
"1606.641056";"Average speed";"46.0591146697266";"km/h"
"1606.641325";"Distance travelled (total)";"1006.57755379406";"km"
"1606.6424484";"Fuel used";"0.0137851678456928";"l"
"1606.6428455";"Instant engine power (based on fuel consumption)";"0";"hp"
"1606.6608436";"Average fuel consumption (total)";"3.89660258506089";"l/100km"
"1606.6613133";"Average fuel consumption";"3.80180449251817";"l/100km"
"1606.6616146";"Fuel used (total)";"39.2223269817818";"l"
"1606.6619276";"Fuel used price";"0.0177828665209437";"€"
"1606.6667887";"Distance to empty";"0";"km"
"1606.6674147";"Average fuel consumption km/l.";"26.3032989194465";"km/l."
"1606.6679835";"Fuel used price (total)";"50.5968018064985";"€"
"1606.7015736";"Absolute pedal position D";"7";"%"
"1606.7015736";"Engine fuel rate";"0";"l/h"
"1606.7015736";"Engine RPM";"1492";"rpm"
"1606.7015736";"Vehicle speed";"38";"km/h"
"1606.7068992";"Calculated instant fuel consumption";"0";"l/100km"
"1606.7073505";"Distance travelled";"0.363388805166666";"km"
"1606.7078258";"Vehicle acceleration";"-0.964288538273577";"m_sec2"
"1606.710783";"Calculated instant fuel rate";"0";"l/h"
"1606.7152605";"Average speed";"46.0393173678948";"km/h"
"1606.7155123";"Distance travelled (total)";"1006.57834720872";"km"
"1606.7173195";"Fuel used";"0.0137851678456928";"l"
"1606.717654";"Instant engine power (based on fuel consumption)";"0";"hp"
"1606.7378057";"Average fuel consumption (total)";"3.89659951364409";"l/100km"
"1606.738193";"Average fuel consumption";"3.79350372099941";"l/100km"
"1606.7384126";"Fuel used (total)";"39.2223269817818";"l"
"1606.7385688";"Fuel used price";"0.0177828665209437";"€"
"1606.7405289";"Distance to empty";"0";"km"
"1606.741143";"Average fuel consumption km/l.";"26.3608545963558";"km/l."
"1606.7421682";"Fuel used price (total)";"50.5968018064985";"€"
"1606.8454091";"Absolute pedal position D";"7";"%"
"1606.8454091";"Engine fuel rate";"0";"l/h"
"1606.8454091";"Engine RPM";"1476";"rpm"
"1606.8454091";"Vehicle speed";"38";"km/h"
"1606.8499223";"Calculated instant fuel consumption";"0";"l/100km"
"1606.8501914";"Distance travelled";"0.3648965185";"km"
"1606.8506765";"Vehicle acceleration";"-0.964288538273577";"m_sec2"
"1606.8535343";"Calculated instant fuel rate";"0";"l/h"
"1606.8584172";"Average speed";"45.99844697559";"km/h"
"1606.8585058";"Distance travelled (total)";"1006.57985492206";"km"
"1606.8589018";"Fuel used";"0.0137851678456928";"l"
"1606.8590029";"Instant engine power (based on fuel consumption)";"0";"hp"
"1606.8724983";"Average fuel consumption (total)";"3.89659367709271";"l/100km"
"1606.8727897";"Average fuel consumption";"3.77782936991568";"l/100km"
"1606.8728978";"Fuel used (total)";"39.2223269817818";"l"
"1606.873001";"Fuel used price";"0.0177828665209437";"€"
"1606.8734902";"Distance to empty";"0";"km"
"1606.8736148";"Average fuel consumption km/l.";"26.4702267382267";"km/l."
"1606.8737658";"Fuel used price (total)";"50.5968018064985";"€"
"1606.9936137";"Absolute pedal position D";"7";"%"
"1606.9936137";"Engine fuel rate";"0";"l/h"
"1606.9936137";"Engine RPM";"1445";"rpm"
"1606.9936137";"Vehicle speed";"37";"km/h"
"1606.9984263";"Calculated instant fuel consumption";"0";"l/100km"
"1606.9986895";"Distance travelled";"0.366422691416666";"km"
"1606.9991589";"Vehicle acceleration";"-0.95349136117757";"m_sec2"
"1607.0019345";"Calculated instant fuel rate";"0";"l/h"
"1607.0082376";"Average speed";"45.949946457053";"km/h"
"1607.0088022";"Distance travelled (total)";"1006.58138109497";"km"
"1607.0112055";"Fuel used";"0.0137851678456928";"l"
"1607.0115749";"Instant engine power (based on fuel consumption)";"0";"hp"
"1607.0380445";"Average fuel consumption (total)";"3.89658776909973";"l/100km"
"1607.0383717";"Average fuel consumption";"3.76209447957397";"l/100km"
"1607.0386135";"Fuel used (total)";"39.2223269817818";"l"
"1607.038787";"Fuel used price";"0.0177828665209437";"€"
"1607.0409582";"Distance to empty";"0";"km"
"1607.0412163";"Average fuel consumption km/l.";"26.5809379703096";"km/l."
"1607.0414264";"Fuel used price (total)";"50.5968018064985";"€"
"1607.0607208";"Absolute pedal position D";"7";"%"
"1607.0607208";"Engine fuel rate";"0";"l/h"
"1607.0607208";"Engine RPM";"1419";"rpm"
"1607.0607208";"Vehicle speed";"36";"km/h"
"1607.0629931";"Calculated instant fuel consumption";"0";"l/100km"
"1607.0631246";"Distance travelled";"0.367067051416666";"km"
"1607.0633515";"Vehicle acceleration";"-4.32164070224933";"m_sec2"
"1607.064633";"Calculated instant fuel rate";"0";"l/h"
"1607.0668419";"Average speed";"45.9368340375787";"km/h"
"1607.0669741";"Distance travelled (total)";"1006.58202545497";"km"
"1607.0681635";"Fuel used";"0.0137851678456928";"l"
"1607.0687164";"Instant engine power (based on fuel consumption)";"0";"hp"
"1607.0779425";"Average fuel consumption (total)";"3.89658527471255";"l/100km"
"1607.0781858";"Average fuel consumption";"3.75549039133042";"l/100km"
"1607.0783294";"Fuel used (total)";"39.2223269817818";"l"
"1607.078476";"Fuel used price";"0.0177828665209437";"€"
"1607.0791456";"Distance to empty";"0";"km"
"1607.0794143";"Average fuel consumption km/l.";"26.6276809630111";"km/l."
"1607.0796102";"Fuel used price (total)";"50.5968018064985";"€"
"1607.1503061";"Absolute pedal position D";"7";"%"
"1607.1503061";"Engine fuel rate";"0";"l/h"
"1607.1503061";"Engine RPM";"1407";"rpm"
"1607.1503061";"Vehicle speed";"36";"km/h"
"1607.1530677";"Calculated instant fuel consumption";"0";"l/100km"
"1607.1531939";"Distance travelled";"0.367967718416666";"km"
"1607.1534441";"Vehicle acceleration";"-4.32164070224933";"m_sec2"
"1607.1550561";"Calculated instant fuel rate";"0";"l/h"
"1607.1588117";"Average speed";"45.9028394166168";"km/h"
"1607.1589836";"Distance travelled (total)";"1006.58292612197";"km"
"1607.1597719";"Fuel used";"0.0137851678456928";"l"
"1607.1599671";"Instant engine power (based on fuel consumption)";"0";"hp"
"1607.1771672";"Average fuel consumption (total)";"3.89658178813864";"l/100km"
"1607.1775093";"Average fuel consumption";"3.74629815490587";"l/100km"
"1607.1777122";"Fuel used (total)";"39.2223269817818";"l"
"1607.1779179";"Fuel used price";"0.0177828665209437";"€"
"1607.1797506";"Distance to empty";"0";"km"
"1607.1802626";"Average fuel consumption km/l.";"26.6930169103192";"km/l."
"1607.1805808";"Fuel used price (total)";"50.5968018064985";"€"
"1607.2180688";"Absolute pedal position D";"7";"%"
"1607.2180688";"Engine fuel rate";"0";"l/h"
"1607.2180688";"Engine RPM";"1398";"rpm"
"1607.2180688";"Vehicle speed";"35";"km/h"
"1607.2201328";"Calculated instant fuel consumption";"0";"l/100km"
"1607.2202705";"Distance travelled";"0.368619824805555";"km"
"1607.2207276";"Vehicle acceleration";"-1.76510292668186";"m_sec2"
"1607.222339";"Calculated instant fuel rate";"0";"l/h"
"1607.2248836";"Average speed";"45.879103547657";"km/h"
"1607.2250135";"Distance travelled (total)";"1006.58357822836";"km"
"1607.225799";"Fuel used";"0.0137851678456928";"l"
"1607.2260143";"Instant engine power (based on fuel consumption)";"0";"hp"
"1607.2481101";"Average fuel consumption (total)";"3.89657926377213";"l/100km"
"1607.248443";"Average fuel consumption";"3.73967077136027";"l/100km"
"1607.2486359";"Fuel used (total)";"39.2223269817818";"l"
"1607.2488336";"Fuel used price";"0.0177828665209437";"€"
"1607.2503039";"Distance to empty";"0";"km"
"1607.2506017";"Average fuel consumption km/l.";"26.7403218395148";"km/l."
"1607.250892";"Fuel used price (total)";"50.5968018064985";"€"
"1607.2947139";"Absolute pedal position D";"7";"%"
"1607.2947139";"Engine fuel rate";"0";"l/h"
"1607.2947139";"Engine RPM";"1389";"rpm"
"1607.2947139";"Vehicle speed";"35";"km/h"
"1607.2994943";"Calculated instant fuel consumption";"0";"l/100km"
"1607.2997573";"Distance travelled";"0.369392528555555";"km"
"1607.30022";"Vehicle acceleration";"-1.76510292668186";"m_sec2"
"1607.3029847";"Calculated instant fuel rate";"0";"l/h"
"1607.3086106";"Average speed";"45.8426886923596";"km/h"
"1607.3088644";"Distance travelled (total)";"1006.58435093211";"km"
"1607.3100241";"Fuel used";"0.0137851678456928";"l"
"1607.3103349";"Instant engine power (based on fuel consumption)";"0";"hp"
"1607.3256416";"Average fuel consumption (total)";"3.89657627256587";"l/100km"
"1607.3259708";"Average fuel consumption";"3.73184804240553";"l/100km"
"1607.3261352";"Fuel used (total)";"39.2223269817818";"l"
"1607.3262887";"Fuel used price";"0.0177828665209437";"€"
"1607.3278486";"Distance to empty";"0";"km"
"1607.3280811";"Average fuel consumption km/l.";"26.7963751105847";"km/l."
"1607.3283173";"Fuel used price (total)";"50.5968018064985";"€"
"1607.3837859";"Absolute pedal position D";"7";"%"
"1607.3837859";"Engine fuel rate";"0";"l/h"
"1607.3837859";"Engine RPM";"1384";"rpm"
"1607.3837859";"Vehicle speed";"35";"km/h"
"1607.3882015";"Calculated instant fuel consumption";"0";"l/100km"
"1607.3884636";"Distance travelled";"0.370254905222222";"km"
"1607.3889436";"Vehicle acceleration";"-1.76510292668186";"m_sec2"
"1607.3917478";"Calculated instant fuel rate";"0";"l/h"
"1607.39632";"Average speed";"45.8111976357349";"km/h"
"1607.3966167";"Distance travelled (total)";"1006.58521330878";"km"
"1607.3980837";"Fuel used";"0.0137851678456928";"l"
"1607.3984418";"Instant engine power (based on fuel consumption)";"0";"hp"
"1607.4146601";"Average fuel consumption (total)";"3.89657293423304";"l/100km"
"1607.4151413";"Average fuel consumption";"3.72315603419734";"l/100km"
"1607.415454";"Fuel used (total)";"39.2223269817818";"l"
"1607.4157709";"Fuel used price";"0.0177828665209437";"€"
"1607.4175669";"Distance to empty";"0";"km"
"1607.418002";"Average fuel consumption km/l.";"26.8589334106591";"km/l."
"1607.4184249";"Fuel used price (total)";"50.5968018064985";"€"
"1607.4654975";"Absolute pedal position D";"7";"%"
"1607.4654975";"Engine fuel rate";"0";"l/h"
"1607.4654975";"Engine RPM";"1376";"rpm"
"1607.4654975";"Vehicle speed";"35";"km/h"
"1607.467841";"Calculated instant fuel consumption";"0";"l/100km"
"1607.4679661";"Distance travelled";"0.371027848138889";"km"
"1607.4682063";"Vehicle acceleration";"-1.76510292668186";"m_sec2"
"1607.4695905";"Calculated instant fuel rate";"0";"l/h"
"1607.4723873";"Average speed";"45.7870161079974";"km/h"
"1607.4725162";"Distance travelled (total)";"1006.5859862517";"km"
"1607.4732174";"Fuel used";"0.0137851678456928";"l"
"1607.4733809";"Instant engine power (based on fuel consumption)";"0";"hp"
"1607.4936896";"Average fuel consumption (total)";"3.89656994211067";"l/100km"
"1607.4940945";"Average fuel consumption";"3.71539977789821";"l/100km"
"1607.4942847";"Fuel used (total)";"39.2223269817818";"l"
"1607.4944838";"Fuel used price";"0.0177828665209437";"€"
"1607.4958187";"Distance to empty";"0";"km"
"1607.4961509";"Average fuel consumption km/l.";"26.9150040312942";"km/l."
"1607.4969727";"Fuel used price (total)";"50.5968018064985";"€"
"1607.5353506";"Absolute pedal position D";"7";"%"
"1607.5353506";"Engine fuel rate";"0";"l/h"
"1607.5353506";"Engine RPM";"1370";"rpm"
"1607.5353506";"Vehicle speed";"35";"km/h"
"1607.5392299";"Calculated instant fuel consumption";"0";"l/100km"
"1607.5396073";"Distance travelled";"0.371724283972222";"km"
"1607.5400771";"Vehicle acceleration";"-1.76510292668186";"m_sec2"
"1607.5428057";"Calculated instant fuel rate";"0";"l/h"
"1607.5467087";"Average speed";"45.7564878763418";"km/h"
"1607.5469605";"Distance travelled (total)";"1006.58668268753";"km"
"1607.5480308";"Fuel used";"0.0137851678456928";"l"
"1607.5483483";"Instant engine power (based on fuel consumption)";"0";"hp"
"1607.564559";"Average fuel consumption (total)";"3.89656724615713";"l/100km"
"1607.5650385";"Average fuel consumption";"3.70843887259271";"l/100km"
"1607.565342";"Fuel used (total)";"39.2223269817818";"l"
"1607.5656596";"Fuel used price";"0.0177828665209437";"€"
"1607.5672529";"Distance to empty";"0";"km"
"1607.5677494";"Average fuel consumption km/l.";"26.9655246953245";"km/l."
"1607.5681671";"Fuel used price (total)";"50.5968018064985";"€"
"1607.6235108";"Absolute pedal position D";"7";"%"
"1607.6235108";"Engine fuel rate";"0";"l/h"
"1607.6235108";"Engine RPM";"1362";"rpm"
"1607.6235108";"Vehicle speed";"35";"km/h"
"1607.628249";"Calculated instant fuel consumption";"0";"l/100km"
"1607.6285839";"Distance travelled";"0.372589243833333";"km"
"1607.6291066";"Vehicle acceleration";"-1.76510292668186";"m_sec2"
"1607.6323611";"Calculated instant fuel rate";"0";"l/h"
"1607.635581";"Average speed";"45.7240237361631";"km/h"
"1607.6358306";"Distance travelled (total)";"1006.58754764739";"km"
"1607.6398596";"Fuel used";"0.0137851678456928";"l"
"1607.6403275";"Instant engine power (based on fuel consumption)";"0";"hp"
"1607.652243";"Average fuel consumption (total)";"3.89656389784006";"l/100km"
"1607.653616";"Average fuel consumption";"3.69982979215019";"l/100km"
"1607.6540601";"Fuel used (total)";"39.2223269817818";"l"
"1607.6543932";"Fuel used price";"0.0177828665209437";"€"
"1607.6565981";"Distance to empty";"0";"km"
"1607.6568442";"Average fuel consumption km/l.";"27.0282703848071";"km/l."
"1607.6572338";"Fuel used price (total)";"50.5968018064985";"€"
"1607.744188";"Absolute pedal position D";"7";"%"
"1607.744188";"Engine fuel rate";"0";"l/h"
"1607.744188";"Engine RPM";"1355";"rpm"
"1607.744188";"Vehicle speed";"34";"km/h"
"1607.7481158";"Calculated instant fuel consumption";"0";"l/100km"
"1607.7483851";"Distance travelled";"0.373720672222222";"km"
"1607.7488622";"Vehicle acceleration";"-0.526031510970808";"m_sec2"
"1607.7517498";"Calculated instant fuel rate";"0";"l/h"
"1607.7562496";"Average speed";"45.6749884165522";"km/h"
"1607.7565065";"Distance travelled (total)";"1006.58867907578";"km"
"1607.7580578";"Fuel used";"0.0137851678456928";"l"
"1607.7583951";"Instant engine power (based on fuel consumption)";"0";"hp"
"1607.790969";"Average fuel consumption (total)";"3.89655951801432";"l/100km"
"1607.7914546";"Average fuel consumption";"3.68862866582233";"l/100km"
"1607.7917706";"Fuel used (total)";"39.2223269817818";"l"
"1607.7920916";"Fuel used price";"0.0177828665209437";"€"
"1607.7935779";"Distance to empty";"0";"km"
"1607.7939691";"Average fuel consumption km/l.";"27.1103461637569";"km/l."
"1607.7944717";"Fuel used price (total)";"50.5968018064985";"€"
"1607.8108014";"Absolute pedal position D";"7";"%"
"1607.8108014";"Engine fuel rate";"0";"l/h"
"1607.8108014";"Engine RPM";"1346";"rpm"
"1607.8108014";"Vehicle speed";"34";"km/h"
"1607.8130037";"Calculated instant fuel consumption";"0";"l/100km"
"1607.8131822";"Distance travelled";"0.374332655222222";"km"
"1607.8134197";"Vehicle acceleration";"-0.526031510970808";"m_sec2"
"1607.8147353";"Calculated instant fuel rate";"0";"l/h"
"1607.8172408";"Average speed";"45.65512594736";"km/h"
"1607.8175022";"Distance travelled (total)";"1006.58929105878";"km"
"1607.818037";"Fuel used";"0.0137851678456928";"l"
"1607.8181881";"Instant engine power (based on fuel consumption)";"0";"hp"
"1607.8269206";"Average fuel consumption (total)";"3.89655714899628";"l/100km"
"1607.8271669";"Average fuel consumption";"3.6825982594303";"l/100km"
"1607.8273084";"Fuel used (total)";"39.2223269817818";"l"
"1607.8274568";"Fuel used price";"0.0177828665209437";"€"
"1607.8281406";"Distance to empty";"0";"km"
"1607.828322";"Average fuel consumption km/l.";"27.1547404726873";"km/l."
"1607.8285394";"Fuel used price (total)";"50.5968018064985";"€"
"1607.8715046";"Absolute pedal position D";"7";"%"
"1607.8715046";"Engine fuel rate";"0";"l/h"
"1607.8715046";"Engine RPM";"1341";"rpm"
"1607.8715046";"Vehicle speed";"34";"km/h"
"1607.8736744";"Calculated instant fuel consumption";"0";"l/100km"
"1607.8738018";"Distance travelled";"0.374905151";"km"
"1607.8740368";"Vehicle acceleration";"-0.526031510970808";"m_sec2"
"1607.8753146";"Calculated instant fuel rate";"0";"l/h"
"1607.8785806";"Average speed";"45.6302401366413";"km/h"
"1607.8788308";"Distance travelled (total)";"1006.58986355456";"km"
"1607.8799716";"Fuel used";"0.0137851678456928";"l"
"1607.8802803";"Instant engine power (based on fuel consumption)";"0";"hp"
"1607.897819";"Average fuel consumption (total)";"3.89655493283795";"l/100km"
"1607.898261";"Average fuel consumption";"3.67697477853346";"l/100km"
"1607.8985603";"Fuel used (total)";"39.2223269817818";"l"
"1607.8988786";"Fuel used price";"0.0177828665209437";"€"
"1607.9006699";"Distance to empty";"0";"km"
"1607.9010791";"Average fuel consumption km/l.";"27.1962703099868";"km/l."
"1607.901498";"Fuel used price (total)";"50.5968018064985";"€"
"1607.9977218";"Absolute pedal position D";"7";"%"
"1607.9977218";"Engine fuel rate";"0";"l/h"
"1607.9977218";"Engine RPM";"1336";"rpm"
"1607.9977218";"Vehicle speed";"34";"km/h"
"1608.0002752";"Calculated instant fuel consumption";"0";"l/100km"
"1608.0003995";"Distance travelled";"0.376100774222222";"km"
"1608.0006258";"Vehicle acceleration";"-0.526031510970808";"m_sec2"
"1608.0018948";"Calculated instant fuel rate";"0";"l/h"
"1608.0047087";"Average speed";"45.5812812395217";"km/h"
"1608.0052495";"Distance travelled (total)";"1006.59105917778";"km"
"1608.0058617";"Fuel used";"0.0137851678456928";"l"
"1608.006066";"Instant engine power (based on fuel consumption)";"0";"hp"
"1608.0109989";"Average fuel consumption (total)";"3.89655030453182";"l/100km"
"1608.0112477";"Average fuel consumption";"3.66528568684831";"l/100km"
"1608.0113887";"Fuel used (total)";"39.2223269817818";"l"
"1608.01154";"Fuel used price";"0.0177828665209437";"€"
"1608.0122568";"Distance to empty";"0";"km"
"1608.0127767";"Average fuel consumption km/l.";"27.2830028935582";"km/l."
"1608.0129808";"Fuel used price (total)";"50.5968018064985";"€"
"1608.0908103";"Absolute pedal position D";"7";"%"
"1608.0908103";"Engine fuel rate";"0";"l/h"
"1608.0908103";"Engine RPM";"1322";"rpm"
"1608.0908103";"Vehicle speed";"34";"km/h"
"1608.0948007";"Calculated instant fuel consumption";"0";"l/100km"
"1608.0950703";"Distance travelled";"0.376994805166667";"km"
"1608.0955401";"Vehicle acceleration";"-0.526031510970808";"m_sec2"
"1608.0984278";"Calculated instant fuel rate";"0";"l/h"
"1608.1032063";"Average speed";"45.5387666877117";"km/h"
"1608.1034769";"Distance travelled (total)";"1006.59195320872";"km"
"1608.1046176";"Fuel used";"0.0137851678456928";"l"
"1608.1049262";"Instant engine power (based on fuel consumption)";"0";"hp"
"1608.1172393";"Average fuel consumption (total)";"3.89654684370886";"l/100km"
"1608.117663";"Average fuel consumption";"3.65659358080504";"l/100km"
"1608.1178341";"Fuel used (total)";"39.2223269817818";"l"
"1608.1179944";"Fuel used price";"0.0177828665209437";"€"
"1608.1200552";"Distance to empty";"0";"km"
"1608.120254";"Average fuel consumption km/l.";"27.3478574498793";"km/l."
"1608.1204557";"Fuel used price (total)";"50.5968018064985";"€"
"1608.1636456";"Absolute pedal position D";"7";"%"
"1608.1636456";"Engine fuel rate";"0";"l/h"
"1608.1636456";"Engine RPM";"1316";"rpm"
"1608.1636456";"Vehicle speed";"33";"km/h"
"1608.167858";"Calculated instant fuel consumption";"0";"l/100km"
"1608.168369";"Distance travelled";"0.3776666595";"km"
"1608.1690817";"Vehicle acceleration";"-0.661016823671383";"m_sec2"
"1608.1722056";"Calculated instant fuel rate";"0";"l/h"
"1608.1768456";"Average speed";"45.5074503958405";"km/h"
"1608.1771181";"Distance travelled (total)";"1006.59262506306";"km"
"1608.1786543";"Fuel used";"0.0137851678456928";"l"
"1608.1801217";"Instant engine power (based on fuel consumption)";"0";"hp"
"1608.207194";"Average fuel consumption (total)";"3.89654424294285";"l/100km"
"1608.2076545";"Average fuel consumption";"3.65008864270498";"l/100km"
"1608.2079566";"Fuel used (total)";"39.2223269817818";"l"
"1608.2082772";"Fuel used price";"0.0177828665209437";"€"
"1608.2114125";"Distance to empty";"0";"km"
"1608.2118611";"Average fuel consumption km/l.";"27.3965949292379";"km/l."
"1608.2122842";"Fuel used price (total)";"50.5968018064985";"€"
"1608.2308184";"Absolute pedal position D";"7";"%"
"1608.2308184";"Engine fuel rate";"0";"l/h"
"1608.2308184";"Engine RPM";"1312";"rpm"
"1608.2308184";"Vehicle speed";"33";"km/h"
"1608.2329872";"Calculated instant fuel consumption";"0";"l/100km"
"1608.2331189";"Distance travelled";"0.37826020575";"km"
"1608.233351";"Vehicle acceleration";"-0.661016823671383";"m_sec2"
"1608.2346555";"Calculated instant fuel rate";"0";"l/h"
"1608.2375287";"Average speed";"45.4864733652268";"km/h"
"1608.2376474";"Distance travelled (total)";"1006.59321860931";"km"
"1608.2381517";"Fuel used";"0.0137851678456928";"l"
"1608.2382952";"Instant engine power (based on fuel consumption)";"0";"hp"
"1608.2455441";"Average fuel consumption (total)";"3.89654194531241";"l/100km"
"1608.2458031";"Average fuel consumption";"3.64436111336641";"l/100km"
"1608.245996";"Fuel used (total)";"39.2223269817818";"l"
"1608.2461501";"Fuel used price";"0.0177828665209437";"€"
"1608.246844";"Distance to empty";"0";"km"
"1608.2470298";"Average fuel consumption km/l.";"27.4396518043259";"km/l."
"1608.2472456";"Fuel used price (total)";"50.5968018064985";"€"
"1608.3066989";"Absolute pedal position D";"7";"%"
"1608.3066989";"Engine fuel rate";"0";"l/h"
"1608.3066989";"Engine RPM";"1306";"rpm"
"1608.3066989";"Vehicle speed";"33";"km/h"
"1608.3116288";"Calculated instant fuel consumption";"0";"l/100km"
"1608.3118892";"Distance travelled";"0.378982188";"km"
"1608.31236";"Vehicle acceleration";"-0.661016823671383";"m_sec2"
"1608.3158212";"Calculated instant fuel rate";"0";"l/h"
"1608.3218786";"Average speed";"45.445366093552";"km/h"
"1608.3221335";"Distance travelled (total)";"1006.59394059156";"km"
"1608.323402";"Fuel used";"0.0137851678456928";"l"
"1608.3237126";"Instant engine power (based on fuel consumption)";"0";"hp"
"1608.3331658";"Average fuel consumption (total)";"3.89653915050706";"l/100km"
"1608.3336111";"Average fuel consumption";"3.63741840175686";"l/100km"
"1608.3339212";"Fuel used (total)";"39.2223269817818";"l"
"1608.3342426";"Fuel used price";"0.0177828665209437";"€"
"1608.335643";"Distance to empty";"0";"km"
"1608.3362849";"Average fuel consumption km/l.";"27.4920256497576";"km/l."
"1608.3368235";"Fuel used price (total)";"50.5968018064985";"€"
"1608.4014754";"Absolute pedal position D";"7";"%"
"1608.4014754";"Engine fuel rate";"0";"l/h"
"1608.4014754";"Engine RPM";"1303";"rpm"
"1608.4014754";"Vehicle speed";"33";"km/h"
"1608.40559";"Calculated instant fuel consumption";"0";"l/100km"
"1608.4058503";"Distance travelled";"0.379843455916667";"km"
"1608.4064023";"Vehicle acceleration";"-0.661016823671383";"m_sec2"
"1608.4094848";"Calculated instant fuel rate";"0";"l/h"
"1608.4155626";"Average speed";"45.4069458788467";"km/h"
"1608.415813";"Distance travelled (total)";"1006.59480185947";"km"
"1608.4170545";"Fuel used";"0.0137851678456928";"l"
"1608.4173633";"Instant engine power (based on fuel consumption)";"0";"hp"
"1608.4336259";"Average fuel consumption (total)";"3.89653581652983";"l/100km"
"1608.434212";"Average fuel consumption";"3.62917081523108";"l/100km"
"1608.4345359";"Fuel used (total)";"39.2223269817818";"l"
"1608.4349035";"Fuel used price";"0.0177828665209437";"€"
"1608.4372613";"Distance to empty";"0";"km"
"1608.4378611";"Average fuel consumption km/l.";"27.5545035191827";"km/l."
"1608.4382979";"Fuel used price (total)";"50.5968018064985";"€"
"1608.4704987";"Absolute pedal position D";"9";"%"
"1608.4704987";"Engine fuel rate";"0";"l/h"
"1608.4704987";"Engine RPM";"1290";"rpm"
"1608.4704987";"Vehicle speed";"33";"km/h"
"1608.4726415";"Calculated instant fuel consumption";"0";"l/100km"
"1608.4727764";"Distance travelled";"0.380456928666667";"km"
"1608.4730186";"Vehicle acceleration";"-0.661016823671383";"m_sec2"
"1608.474404";"Calculated instant fuel rate";"0";"l/h"
"1608.477738";"Average speed";"45.3864733262812";"km/h"
"1608.4779574";"Distance travelled (total)";"1006.59541533222";"km"
"1608.4788441";"Fuel used";"0.0137851678456928";"l"
"1608.4789933";"Instant engine power (based on fuel consumption)";"0";"hp"
"1608.4996263";"Average fuel consumption (total)";"3.89653344177379";"l/100km"
"1608.4999321";"Average fuel consumption";"3.62331891129009";"l/100km"
"1608.500079";"Fuel used (total)";"39.2223269817818";"l"
"1608.5002345";"Fuel used price";"0.0177828665209437";"€"
"1608.5014858";"Distance to empty";"0";"km"
"1608.5017259";"Average fuel consumption km/l.";"27.5990058971637";"km/l."
"1608.5019786";"Fuel used price (total)";"50.5968018064985";"€"
"1608.5313303";"Absolute pedal position D";"10";"%"
"1608.5313303";"Engine fuel rate";"0";"l/h"
"1608.5313303";"Engine RPM";"1283";"rpm"
"1608.5313303";"Vehicle speed";"33";"km/h"
"1608.5345609";"Calculated instant fuel consumption";"0";"l/100km"
"1608.5346936";"Distance travelled";"0.381024482833333";"km"
"1608.5349493";"Vehicle acceleration";"-0.661016823671383";"m_sec2"
"1608.5377534";"Calculated instant fuel rate";"0";"l/h"
"1608.541244";"Average speed";"45.3587585157118";"km/h"
"1608.5414056";"Distance travelled (total)";"1006.59598288639";"km"
"1608.5427176";"Fuel used";"0.0137851678456928";"l"
"1608.5429641";"Instant engine power (based on fuel consumption)";"0";"hp"
"1608.5691704";"Average fuel consumption (total)";"3.89653124477139";"l/100km"
"1608.5696566";"Average fuel consumption";"3.61792180470531";"l/100km"
"1608.5698761";"Fuel used (total)";"39.2223269817818";"l"
"1608.5700979";"Fuel used price";"0.0177828665209437";"€"
"1608.5710591";"Distance to empty";"0";"km"
"1608.5713044";"Average fuel consumption km/l.";"27.6401772614169";"km/l."
"1608.5715686";"Fuel used price (total)";"50.5968018064985";"€"
"1608.6288167";"Absolute pedal position D";"12";"%"
"1608.6288167";"Engine fuel rate";"0";"l/h"
"1608.6288167";"Engine RPM";"1279";"rpm"
"1608.6288167";"Vehicle speed";"32";"km/h"
"1608.6347752";"Calculated instant fuel consumption";"0";"l/100km"
"1608.6350527";"Distance travelled";"0.3819164775";"km"
"1608.6355304";"Vehicle acceleration";"-0.595524797890794";"m_sec2"
"1608.6385247";"Calculated instant fuel rate";"0";"l/h"
"1608.6439831";"Average speed";"45.3110838301934";"km/h"
"1608.6442633";"Distance travelled (total)";"1006.59687488106";"km"
"1608.6463993";"Fuel used";"0.0137851678456928";"l"
"1608.6467609";"Instant engine power (based on fuel consumption)";"0";"hp"
"1608.6810102";"Average fuel consumption (total)";"3.89652779186469";"l/100km"
"1608.6812687";"Average fuel consumption";"3.60947187613627";"l/100km"
"1608.6814114";"Fuel used (total)";"39.2223269817818";"l"
"1608.681565";"Fuel used price";"0.0177828665209437";"€"
"1608.6830223";"Distance to empty";"0";"km"
"1608.6833831";"Average fuel consumption km/l.";"27.704884102614";"km/l."
"1608.6836095";"Fuel used price (total)";"50.5968018064985";"€"
"1608.7489023";"Absolute pedal position D";"13";"%"
"1608.7489023";"Engine fuel rate";"0";"l/h"
"1608.7489023";"Engine RPM";"1274";"rpm"
"1608.7489023";"Vehicle speed";"32";"km/h"
"1608.7538653";"Calculated instant fuel consumption";"0";"l/100km"
"1608.7541239";"Distance travelled";"0.382974852611111";"km"
"1608.7545984";"Vehicle acceleration";"-0.595524797890794";"m_sec2"
"1608.7575953";"Calculated instant fuel rate";"0";"l/h"
"1608.7617209";"Average speed";"45.2610231731104";"km/h"
"1608.7619726";"Distance travelled (total)";"1006.59793325617";"km"
"1608.76366";"Fuel used";"0.0137851678456928";"l"
"1608.7640034";"Instant engine power (based on fuel consumption)";"0";"hp"
"1608.7931391";"Average fuel consumption (total)";"3.8965236949081";"l/100km"
"1608.7936753";"Average fuel consumption";"3.59949687341243";"l/100km"
"1608.7940001";"Fuel used (total)";"39.2223269817818";"l"
"1608.7943376";"Fuel used price";"0.0177828665209437";"€"
"1608.7976386";"Distance to empty";"0";"km"
"1608.7989487";"Average fuel consumption km/l.";"27.7816604700082";"km/l."
"1608.7995015";"Fuel used price (total)";"50.5968018064985";"€"
"1608.8243401";"Absolute pedal position D";"14";"%"
"1608.8243401";"Engine fuel rate";"0.200000002980232";"l/h"
"1608.8243401";"Engine RPM";"1274";"rpm"
"1608.8243401";"Vehicle speed";"32";"km/h"
"1608.8272697";"Calculated instant fuel consumption";"0";"l/100km"
"1608.8274104";"Distance travelled";"0.383626271277778";"km"
"1608.8276544";"Vehicle acceleration";"-0.595524797890794";"m_sec2"
"1608.8291344";"Calculated instant fuel rate";"0.200000002980232";"l/h"
"1608.8311313";"Average speed";"45.234827822938";"km/h"
"1608.8312547";"Distance travelled (total)";"1006.59858467483";"km"
"1608.8324169";"Fuel used";"0.0137889876846386";"l"
"1608.8326742";"Instant engine power (based on fuel consumption)";"0.651317343038718";"hp"
"1608.8340431";"Average fuel consumption (total)";"3.89652117327902";"l/100km"
"1608.8474748";"Average fuel consumption";"3.59438044707168";"l/100km"
"1608.8477471";"Fuel used (total)";"39.2223308016208";"l"
"1608.8479039";"Fuel used price";"0.0177877941131838";"€"
"1608.8486371";"Distance to empty";"0";"km"
"1608.8488196";"Average fuel consumption km/l.";"27.8212063170635";"km/l."
"1608.849015";"Fuel used price (total)";"50.5968067340908";"€"
"1608.8910923";"Absolute pedal position D";"14";"%"
"1608.8910923";"Engine fuel rate";"0.300000004470348";"l/h"
"1608.8910923";"Engine RPM";"1270";"rpm"
"1608.8910923";"Vehicle speed";"32";"km/h"
"1608.8954848";"Calculated instant fuel consumption";"0.625000009313226";"l/100km"
"1608.8961049";"Distance travelled";"0.384236833944444";"km"
"1608.8965933";"Vehicle acceleration";"-0.595524797890794";"m_sec2"
"1608.8994403";"Calculated instant fuel rate";"0.300000004470348";"l/h"
"1608.9023746";"Calculated instant fuel consumption km/l.";"159.999997615814";"km/l."
"1608.9046339";"Average speed";"45.1981046337503";"km/h"
"1608.9052499";"Distance travelled (total)";"1006.5991952375";"km"
"1608.9065174";"Fuel used";"0.0137951620347306";"l"
"1608.9070273";"Instant engine power (based on fuel consumption)";"0.976976014558077";"hp"
"1608.9197769";"Average fuel consumption (total)";"3.89651918928532";"l/100km"
"1608.9199587";"Average fuel consumption";"3.59027579243618";"l/100km"
"1608.9201184";"Fuel used (total)";"39.2223369759709";"l"
"1608.9202725";"Fuel used price";"0.0177957590248025";"€"
"1608.9316399";"Distance to empty";"0";"km"
"1608.9322067";"Average fuel consumption km/l.";"27.8530134678442";"km/l."
"1608.9324384";"Fuel used price (total)";"50.5968146990024";"€"
"1608.9964698";"Absolute pedal position D";"14";"%"
"1608.9964698";"Engine fuel rate";"0.450000006705523";"l/h"
"1608.9964698";"Engine RPM";"1270";"rpm"
"1608.9964698";"Vehicle speed";"32";"km/h"
"1609.0009467";"Calculated instant fuel consumption";"0.937500013969839";"l/100km"
"1609.0012084";"Distance travelled";"0.385171033055555";"km"
"1609.0016866";"Vehicle acceleration";"-0.595524797890794";"m_sec2"
"1609.0057793";"Calculated instant fuel rate";"0.450000006705523";"l/h"
"1609.0078852";"Calculated instant fuel consumption km/l.";"106.66666507721";"km/l."
"1609.0098467";"Average speed";"45.1529119602117";"km/h"
"1609.0102448";"Distance travelled (total)";"1006.60012943661";"km"
"1609.0114823";"Fuel used";"0.0138082819349261";"l"
"1609.0118312";"Instant engine power (based on fuel consumption)";"1.46546402183712";"hp"
"1609.0141898";"Average fuel consumption (total)";"3.89651618641489";"l/100km"
"1609.0145326";"Average fuel consumption";"3.58497414132762";"l/100km"
"1609.0148666";"Fuel used (total)";"39.2223500958711";"l"
"1609.0151923";"Fuel used price";"0.0178126836960547";"€"
"1609.0330031";"Distance to empty";"0";"km"
"1609.0334083";"Average fuel consumption km/l.";"27.894203990818";"km/l."
"1609.0336181";"Fuel used price (total)";"50.5968316236736";"€"
"1609.0873654";"Absolute pedal position D";"15";"%"
"1609.0873654";"Engine fuel rate";"0.500000007450581";"l/h"
"1609.0873654";"Engine RPM";"1268";"rpm"
"1609.0873654";"Vehicle speed";"32";"km/h"
"1609.091492";"Calculated instant fuel consumption";"1.40625002095476";"l/100km"
"1609.0917484";"Distance travelled";"0.385975792166667";"km"
"1609.0922181";"Vehicle acceleration";"-0.595524797890794";"m_sec2"
"1609.0950384";"Calculated instant fuel rate";"0.500000007450581";"l/h"
"1609.0987775";"Calculated instant fuel consumption km/l.";"71.111110051473";"km/l."
"1609.1004206";"Average speed";"45.1140594888389";"km/h"
"1609.1006816";"Distance travelled (total)";"1006.60093419572";"km"
"1609.1027465";"Fuel used";"0.0138209567545594";"l"
"1609.1031096";"Instant engine power (based on fuel consumption)";"1.6282933575968";"hp"
"1609.125116";"Average fuel consumption (total)";"3.89651437460763";"l/100km"
"1609.1254771";"Average fuel consumption";"3.58078331207659";"l/100km"
"1609.1258169";"Fuel used (total)";"39.2223627706907";"l"
"1609.1262163";"Fuel used price";"0.0178290342133816";"€"
"1609.1446847";"Distance to empty";"0";"km"
"1609.1450048";"Average fuel consumption km/l.";"27.9268504359755";"km/l."
"1609.1452076";"Fuel used price (total)";"50.596847974191";"€"
"1609.20694";"Absolute pedal position D";"15";"%"
"1609.20694";"Engine fuel rate";"0.650000009685755";"l/h"
"1609.20694";"Engine RPM";"1273";"rpm"
"1609.20694";"Vehicle speed";"32";"km/h"
"1609.2118717";"Calculated instant fuel consumption";"1.56250002328306";"l/100km"
"1609.2121337";"Distance travelled";"0.387045828611111";"km"
"1609.2127134";"Vehicle acceleration";"0";"m_sec2"
"1609.215784";"Calculated instant fuel rate";"0.650000009685755";"l/h"
"1609.2199574";"Calculated instant fuel consumption km/l.";"63.9999990463257";"km/l."
"1609.2216458";"Average speed";"45.0617769345883";"km/h"
"1609.2219064";"Distance travelled (total)";"1006.60200423217";"km"
"1609.2235147";"Fuel used";"0.0138427602104399";"l"
"1609.2238892";"Instant engine power (based on fuel consumption)";"2.11678136487583";"hp"
"1609.2392386";"Average fuel consumption (total)";"3.89651149171011";"l/100km"
"1609.2394842";"Average fuel consumption";"3.57651709104158";"l/100km"
"1609.2397864";"Fuel used (total)";"39.2223845741466";"l"
"1609.2399503";"Fuel used price";"0.0178571606714674";"€"
"1609.2535864";"Distance to empty";"0";"km"
"1609.2539269";"Average fuel consumption km/l.";"27.9601627657474";"km/l."
"1609.2541318";"Fuel used price (total)";"50.5968761006491";"€"
"1609.2977717";"Absolute pedal position D";"15";"%"
"1609.2977717";"Engine fuel rate";"0.750000011175871";"l/h"
"1609.2977717";"Engine RPM";"1286";"rpm"
"1609.2977717";"Vehicle speed";"32";"km/h"
"1609.3020559";"Calculated instant fuel consumption";"2.03125003026798";"l/100km"
"1609.3023146";"Distance travelled";"0.3878473975";"km"
"1609.3029155";"Vehicle acceleration";"0";"m_sec2"
"1609.3056916";"Calculated instant fuel rate";"0.750000011175871";"l/h"
"1609.3089593";"Calculated instant fuel consumption km/l.";"49.2307684971736";"km/l."
"1609.3107962";"Average speed";"45.0252739929781";"km/h"
"1609.3110662";"Distance travelled (total)";"1006.60280580106";"km"
"1609.3135245";"Fuel used";"0.0138615120440526";"l"
"1609.3138655";"Instant engine power (based on fuel consumption)";"2.44244003639519";"hp"
"1609.3323374";"Average fuel consumption (total)";"3.89651055491876";"l/100km"
"1609.3325102";"Average fuel consumption";"3.57396030846195";"l/100km"
"1609.3327634";"Fuel used (total)";"39.2224033259802";"l"
"1609.3329237";"Fuel used price";"0.0178813505368279";"€"
"1609.3501407";"Distance to empty";"0";"km"
"1609.350657";"Average fuel consumption km/l.";"27.9801652422477";"km/l."
"1609.350873";"Fuel used price (total)";"50.5969002905144";"€"
"1609.3652232";"Absolute pedal position D";"15";"%"
"1609.3652232";"Engine fuel rate";"0.900000013411045";"l/h"
"1609.3652232";"Engine RPM";"1270";"rpm"
"1609.3652232";"Vehicle speed";"32";"km/h"
"1609.368004";"Calculated instant fuel consumption";"2.3437500349246";"l/100km"
"1609.3681357";"Distance travelled";"0.388432476611111";"km"
"1609.3683904";"Vehicle acceleration";"0";"m_sec2"
"1609.3698433";"Calculated instant fuel rate";"0.900000013411045";"l/h"
"1609.3728221";"Calculated instant fuel consumption km/l.";"42.6666660308838";"km/l."
"1609.3737287";"Average speed";"45.001775661811";"km/h"
"1609.3738503";"Distance travelled (total)";"1006.60339088017";"km"
"1609.374371";"Fuel used";"0.0138767236692793";"l"
"1609.3745265";"Instant engine power (based on fuel consumption)";"2.93092804367423";"hp"
"1609.3842294";"Average fuel consumption (total)";"3.89651015298929";"l/100km"
"1609.3844077";"Average fuel consumption";"3.57249316286504";"l/100km"
"1609.3845772";"Fuel used (total)";"39.2224185376054";"l"
"1609.3847323";"Fuel used price";"0.0179009735333703";"€"
"1609.4010685";"Distance to empty";"0";"km"
"1609.4014009";"Average fuel consumption km/l.";"27.9916560903374";"km/l."
"1609.4016068";"Fuel used price (total)";"50.596919913511";"€"
"1609.438706";"Absolute pedal position D";"15";"%"
"1609.438706";"Engine fuel rate";"1.10000001639128";"l/h"
"1609.438706";"Engine RPM";"1250";"rpm"
"1609.438706";"Vehicle speed";"32";"km/h"
"1609.4424574";"Calculated instant fuel consumption";"2.81250004190952";"l/100km"
"1609.4428488";"Distance travelled";"0.389096505944444";"km"
"1609.4433647";"Vehicle acceleration";"0";"m_sec2"
"1609.446905";"Calculated instant fuel rate";"1.10000001639128";"l/h"
"1609.449136";"Calculated instant fuel consumption km/l.";"35.5555550257365";"km/l."
"1609.4507257";"Average speed";"44.9673828620393";"km/h"
"1609.4509774";"Distance travelled (total)";"1006.6040549095";"km"
"1609.452041";"Fuel used";"0.0139004536335218";"l"
"1609.4525476";"Instant engine power (based on fuel consumption)";"3.58224538671295";"hp"
"1609.4663696";"Average fuel consumption (total)";"3.89650909375005";"l/100km"
"1609.4665445";"Average fuel consumption";"3.57249510626716";"l/100km"
"1609.4667027";"Fuel used (total)";"39.2224422675696";"l"
"1609.4668586";"Fuel used price";"0.0179315851872431";"€"
"1609.4840673";"Distance to empty";"0";"km"
"1609.4847235";"Average fuel consumption km/l.";"27.9916408631524";"km/l."
"1609.4849563";"Fuel used price (total)";"50.5969505251648";"€"
"1609.5218327";"Absolute pedal position D";"15";"%"
"1609.5218327";"Engine fuel rate";"1.15000001713634";"l/h"
"1609.5218327";"Engine RPM";"1257";"rpm"
"1609.5218327";"Vehicle speed";"32";"km/h"
"1609.524734";"Calculated instant fuel consumption";"3.43750005122274";"l/100km"
"1609.5249071";"Distance travelled";"0.389825904166666";"km"
"1609.5252146";"Vehicle acceleration";"0";"m_sec2"
"1609.5274126";"Calculated instant fuel rate";"1.15000001713634";"l/h"
"1609.5298961";"Calculated instant fuel consumption km/l.";"29.0909086574208";"km/l."
"1609.530883";"Average speed";"44.9359755810552";"km/h"
"1609.5310467";"Distance travelled (total)";"1006.60478430772";"km"
"1609.5317328";"Fuel used";"0.0139259100658456";"l"
"1609.5319432";"Instant engine power (based on fuel consumption)";"3.74507472247263";"hp"
"1609.551249";"Average fuel consumption (total)";"3.89650862771771";"l/100km"
"1609.5515009";"Average fuel consumption";"3.57234086216386";"l/100km"
"1609.5517398";"Fuel used (total)";"39.222467724002";"l"
"1609.5519594";"Fuel used price";"0.0179644239849408";"€"
"1609.5694568";"Distance to empty";"0";"km"
"1609.5699528";"Average fuel consumption km/l.";"27.9928494671775";"km/l."
"1609.5702389";"Fuel used price (total)";"50.5969833639625";"€"
"1609.5882304";"Absolute pedal position D";"15";"%"
"1609.5882304";"Engine fuel rate";"1.20000001788139";"l/h"
"1609.5882304";"Engine RPM";"1258";"rpm"
"1609.5882304";"Vehicle speed";"32";"km/h"
"1609.5905107";"Calculated instant fuel consumption";"3.59375005355105";"l/100km"
"1609.59064";"Distance travelled";"0.390410185944444";"km"
"1609.5909526";"Vehicle acceleration";"0";"m_sec2"
"1609.5924663";"Calculated instant fuel rate";"1.20000001788139";"l/h"
"1609.5943548";"Calculated instant fuel consumption km/l.";"27.8260865418807";"km/l."
"1609.5960342";"Average speed";"44.9098201720878";"km/h"
"1609.5962715";"Distance travelled (total)";"1006.6053685895";"km"
"1609.5969108";"Fuel used";"0.0139476350661693";"l"
"1609.5972001";"Instant engine power (based on fuel consumption)";"3.90790405823231";"hp"
"1609.6173655";"Average fuel consumption (total)";"3.89650889493687";"l/100km"
"1609.6175642";"Average fuel consumption";"3.57255921292844";"l/100km"
"1609.6177341";"Fuel used (total)";"39.2224894490023";"l"
"1609.6178919";"Fuel used price";"0.0179924492353584";"€"
"1609.6328187";"Distance to empty";"0";"km"
"1609.6331563";"Average fuel consumption km/l.";"27.9911385759873";"km/l."
"1609.633369";"Fuel used price (total)";"50.5970113892129";"€"
"1609.6657971";"Absolute pedal position D";"15";"%"
"1609.6657971";"Engine fuel rate";"1.30000001937151";"l/h"
"1609.6657971";"Engine RPM";"1257";"rpm"
"1609.6657971";"Vehicle speed";"32";"km/h"
"1609.6700988";"Calculated instant fuel consumption";"3.75000005587935";"l/100km"
"1609.6703801";"Distance travelled";"0.391118888166666";"km"
"1609.6708837";"Vehicle acceleration";"0";"m_sec2"
"1609.6738709";"Calculated instant fuel rate";"1.30000001937151";"l/h"
"1609.6768622";"Calculated instant fuel consumption km/l.";"26.6666662693024";"km/l."
"1609.6784262";"Average speed";"44.8730842760955";"km/h"
"1609.6786941";"Distance travelled (total)";"1006.60607729172";"km"
"1609.680307";"Fuel used";"0.013977747291618";"l"
"1609.6806697";"Instant engine power (based on fuel consumption)";"4.23356272975167";"hp"
"1609.7102098";"Average fuel consumption (total)";"3.8965083098376";"l/100km"
"1609.7107048";"Average fuel consumption";"3.57378477862253";"l/100km"
"1609.7110597";"Fuel used (total)";"39.2225195612277";"l"
"1609.7113977";"Fuel used price";"0.0180312940061872";"€"
"1609.7309471";"Distance to empty";"0";"km"
"1609.7312826";"Average fuel consumption km/l.";"27.9815395146833";"km/l."
"1609.7315198";"Fuel used price (total)";"50.5970502339838";"€"
"1609.745481";"Absolute pedal position D";"15";"%"
"1609.745481";"Engine fuel rate";"1.35000002011657";"l/h"
"1609.745481";"Engine RPM";"1259";"rpm"
"1609.745481";"Vehicle speed";"32";"km/h"
"1609.7485085";"Calculated instant fuel consumption";"4.06250006053597";"l/100km"
"1609.7486603";"Distance travelled";"0.391814735277778";"km"
"1609.7488994";"Vehicle acceleration";"0";"m_sec2"
"1609.7506536";"Calculated instant fuel rate";"1.35000002011657";"l/h"
"1609.7521947";"Calculated instant fuel consumption km/l.";"24.6153842485868";"km/l."
"1609.7531126";"Average speed";"44.846087477994";"km/h"
"1609.7532513";"Distance travelled (total)";"1006.60677313883";"km"
"1609.753861";"Fuel used";"0.014005330379529";"l"
"1609.7540345";"Instant engine power (based on fuel consumption)";"4.39639206551135";"hp"
"1609.7664735";"Average fuel consumption (total)";"3.89650860771807";"l/100km"
"1609.7666247";"Average fuel consumption";"3.57447771064555";"l/100km"
"1609.7667479";"Fuel used (total)";"39.2225471443156";"l"
"1609.7668761";"Fuel used price";"0.0180668761895924";"€"
"1609.7821574";"Distance to empty";"0";"km"
"1609.7824187";"Average fuel consumption km/l.";"27.9761151404522";"km/l."
"1609.7825777";"Fuel used price (total)";"50.5970858161672";"€"
"1609.8056063";"Absolute pedal position D";"15";"%"
"1609.8056063";"Engine fuel rate";"1.45000002160668";"l/h"
"1609.8056063";"Engine RPM";"1257";"rpm"
"1609.8056063";"Vehicle speed";"32";"km/h"
"1609.8079269";"Calculated instant fuel consumption";"4.21875006286427";"l/100km"
"1609.8080533";"Distance travelled";"0.392342647277778";"km"
"1609.808289";"Vehicle acceleration";"0";"m_sec2"
"1609.8104385";"Calculated instant fuel rate";"1.45000002160668";"l/h"
"1609.812096";"Calculated instant fuel consumption km/l.";"23.703703350491";"km/l."
"1609.8129923";"Average speed";"44.8211828373344";"km/h"
"1609.8131241";"Distance travelled (total)";"1006.60730105083";"km"
"1609.813676";"Fuel used";"0.014029421404888";"l"
"1609.8138345";"Instant engine power (based on fuel consumption)";"4.72205073703071";"hp"
"1609.8337095";"Average fuel consumption (total)";"3.89650930440995";"l/100km"
"1609.8338832";"Average fuel consumption";"3.57580841701239";"l/100km"
"1609.8340402";"Fuel used (total)";"39.222571235341";"l"
"1609.8342006";"Fuel used price";"0.0180979536123055";"€"
"1609.8548602";"Distance to empty";"0";"km"
"1609.8554317";"Average fuel consumption km/l.";"27.965704069669";"km/l."
"1609.855859";"Fuel used price (total)";"50.5971168935899";"€"
"1609.8660566";"Absolute pedal position D";"15";"%"
"1609.8660566";"Engine fuel rate";"1.40000002086163";"l/h"
"1609.8660566";"Engine RPM";"1256";"rpm"
"1609.8660566";"Vehicle speed";"32";"km/h"
"1609.868392";"Calculated instant fuel consumption";"4.53125006752089";"l/100km"
"1609.8685252";"Distance travelled";"0.392880147722222";"km"
"1609.8687958";"Vehicle acceleration";"0";"m_sec2"
"1609.8706015";"Calculated instant fuel rate";"1.40000002086163";"l/h"
"1609.872775";"Calculated instant fuel consumption km/l.";"22.0689651883882";"km/l."
"1609.8735984";"Average speed";"44.7964231173309";"km/h"
"1609.873717";"Distance travelled (total)";"1006.60783855128";"km"
"1609.8742369";"Fuel used";"0.01405297181635";"l"
"1609.8743944";"Instant engine power (based on fuel consumption)";"4.55922140127102";"hp"
"1609.884527";"Average fuel consumption (total)";"3.89650961707099";"l/100km"
"1609.8847096";"Average fuel consumption";"3.57691064255197";"l/100km"
"1609.8848789";"Fuel used (total)";"39.2225947857525";"l"
"1609.885076";"Fuel used price";"0.0181283336430916";"€"
"1609.9010686";"Distance to empty";"0";"km"
"1609.9014206";"Average fuel consumption km/l.";"27.9570864338547";"km/l."
"1609.9016331";"Fuel used price (total)";"50.5971472736207";"€"
"1609.956774";"Absolute pedal position D";"15";"%"
"1609.956774";"Engine fuel rate";"1.45000002160668";"l/h"
"1609.956774";"Engine RPM";"1254";"rpm"
"1609.956774";"Vehicle speed";"32";"km/h"
"1609.961271";"Calculated instant fuel consumption";"4.37500006519258";"l/100km"
"1609.9615328";"Distance travelled";"0.393706814388889";"km"
"1609.9620125";"Vehicle acceleration";"0";"m_sec2"
"1609.9649528";"Calculated instant fuel rate";"1.45000002160668";"l/h"
"1609.9667849";"Calculated instant fuel consumption km/l.";"22.8571425165449";"km/l."
"1609.9681876";"Average speed";"44.7566847154045";"km/h"
"1609.9684478";"Distance travelled (total)";"1006.60866521795";"km"
"1609.9702347";"Fuel used";"0.0140916338919262";"l"
"1609.9706925";"Instant engine power (based on fuel consumption)";"4.72205073703071";"hp"
"1609.9897881";"Average fuel consumption (total)";"3.89650875668353";"l/100km"
"1609.9914091";"Average fuel consumption";"3.57922021588556";"l/100km"
"1609.9918865";"Fuel used (total)";"39.2226334478281";"l"
"1609.9922459";"Fuel used price";"0.0181782077205847";"€"
"1610.0121954";"Distance to empty";"0";"km"
"1610.0128706";"Average fuel consumption km/l.";"27.939046487325";"km/l."
"1610.0153982";"Fuel used price (total)";"50.5971971476982";"€"
"1610.0234027";"Absolute pedal position D";"14";"%"
"1610.0234027";"Engine fuel rate";"1.35000002011657";"l/h"
"1610.0234027";"Engine RPM";"1260";"rpm"
"1610.0234027";"Vehicle speed";"32";"km/h"
"1610.0256794";"Calculated instant fuel consumption";"4.53125006752089";"l/100km"
"1610.0258415";"Distance travelled";"0.394278450833333";"km"
"1610.0261385";"Vehicle acceleration";"0";"m_sec2"
"1610.0275881";"Calculated instant fuel rate";"1.35000002011657";"l/h"
"1610.0298884";"Calculated instant fuel consumption km/l.";"22.0689651883882";"km/l."
"1610.0312653";"Average speed";"44.7325008891964";"km/h"
"1610.0314969";"Distance travelled (total)";"1006.60923685439";"km"
"1610.0325019";"Fuel used";"0.0141149842797741";"l"
"1610.0327686";"Instant engine power (based on fuel consumption)";"4.39639206551135";"hp"
"1610.0542405";"Average fuel consumption (total)";"3.89651038474444";"l/100km"
"1610.0544091";"Average fuel consumption";"3.57995326651537";"l/100km"
"1610.0545644";"Fuel used (total)";"39.2226567982159";"l"
"1610.0547187";"Fuel used price";"0.0182083297209086";"€"
"1610.0679782";"Distance to empty";"0";"km"
"1610.0682801";"Average fuel consumption km/l.";"27.9333255367709";"km/l."
"1610.0684816";"Fuel used price (total)";"50.5972272696985";"€"
"1610.1294536";"Absolute pedal position D";"13";"%"
"1610.1294536";"Engine fuel rate";"1.25000001862645";"l/h"
"1610.1294536";"Engine RPM";"1262";"rpm"
"1610.1294536";"Vehicle speed";"32";"km/h"
"1610.1338588";"Calculated instant fuel consumption";"4.21875006286427";"l/100km"
"1610.1341199";"Distance travelled";"0.395240843722222";"km"
"1610.1346064";"Vehicle acceleration";"0";"m_sec2"
"1610.1375679";"Calculated instant fuel rate";"1.25000001862645";"l/h"
"1610.1408475";"Calculated instant fuel consumption km/l.";"23.703703350491";"km/l."
"1610.1427601";"Average speed";"44.6849615996889";"km/h"
"1610.1430318";"Distance travelled (total)";"1006.61019924728";"km"
"1610.1446708";"Fuel used";"0.0141539286553544";"l"
"1610.1450198";"Instant engine power (based on fuel consumption)";"4.07073339399199";"hp"
"1610.1613834";"Average fuel consumption (total)";"3.89650897910092";"l/100km"
"1610.1615604";"Average fuel consumption";"3.58108957618305";"l/100km"
"1610.1617504";"Fuel used (total)";"39.2226957425915";"l"
"1610.1619123";"Fuel used price";"0.0182585679654072";"€"
"1610.1765241";"Distance to empty";"0";"km"
"1610.1768708";"Average fuel consumption km/l.";"27.9244620589989";"km/l."
"1610.1770803";"Fuel used price (total)";"50.597277507943";"€"
"1610.2103854";"Absolute pedal position D";"12";"%"
"1610.2103854";"Engine fuel rate";"1.10000001639128";"l/h"
"1610.2103854";"Engine RPM";"1249";"rpm"
"1610.2103854";"Vehicle speed";"32";"km/h"
"1610.2133891";"Calculated instant fuel consumption";"3.90625005820766";"l/100km"
"1610.213554";"Distance travelled";"0.395946921055555";"km"
"1610.2138677";"Vehicle acceleration";"0";"m_sec2"
"1610.215655";"Calculated instant fuel rate";"1.10000001639128";"l/h"
"1610.2181931";"Calculated instant fuel consumption km/l.";"25.5999996185303";"km/l."
"1610.2191988";"Average speed";"44.6573158558295";"km/h"
"1610.21943";"Distance travelled (total)";"1006.61090532461";"km"
"1610.2204256";"Fuel used";"0.0141770756501438";"l"
"1610.2206482";"Instant engine power (based on fuel consumption)";"3.58224538671295";"hp"
"1610.2418894";"Average fuel consumption (total)";"3.89651011479385";"l/100km"
"1610.242193";"Average fuel consumption";"3.58054953738473";"l/100km"
"1610.2424196";"Fuel used (total)";"39.2227188895863";"l"
"1610.2428904";"Fuel used price";"0.0182884275886855";"€"
"1610.2597241";"Distance to empty";"0";"km"
"1610.2602597";"Average fuel consumption km/l.";"27.9286737848182";"km/l."
"1610.2605383";"Fuel used price (total)";"50.5973073675663";"€"
"1610.2730431";"Absolute pedal position D";"12";"%"
"1610.2730431";"Engine fuel rate";"1.05000001564622";"l/h"
"1610.2730431";"Engine RPM";"1259";"rpm"
"1610.2730431";"Vehicle speed";"32";"km/h"
"1610.2764083";"Calculated instant fuel consumption";"3.43750005122274";"l/100km"
"1610.2765389";"Distance travelled";"0.396506761055555";"km"
"1610.2767869";"Vehicle acceleration";"0";"m_sec2"
"1610.2782882";"Calculated instant fuel rate";"1.05000001564622";"l/h"
"1610.2801012";"Calculated instant fuel consumption km/l.";"29.0909086574208";"km/l."
"1610.2810646";"Average speed";"44.6339220841466";"km/h"
"1610.2811968";"Distance travelled (total)";"1006.61146516461";"km"
"1610.2818653";"Fuel used";"0.0141949946587441";"l"
"1610.2820597";"Instant engine power (based on fuel consumption)";"3.41941605095327";"hp"
"1610.3033284";"Average fuel consumption (total)";"3.89651024719574";"l/100km"
"1610.3034972";"Average fuel consumption";"3.58001326911932";"l/100km"
"1610.3036553";"Fuel used (total)";"39.2227368085949";"l"
"1610.3038115";"Fuel used price";"0.0183115431097799";"€"
"1610.3183054";"Distance to empty";"0";"km"
"1610.3186359";"Average fuel consumption km/l.";"27.9328573618946";"km/l."
"1610.3188394";"Fuel used price (total)";"50.5973304830874";"€"
"1610.3554847";"Absolute pedal position D";"12";"%"
"1610.3554847";"Engine fuel rate";"0.950000014156103";"l/h"
"1610.3554847";"Engine RPM";"1260";"rpm"
"1610.3554847";"Vehicle speed";"32";"km/h"
"1610.3607964";"Calculated instant fuel consumption";"3.28125004889444";"l/100km"
"1610.361058";"Distance travelled";"0.397257964611111";"km"
"1610.3615567";"Vehicle acceleration";"0";"m_sec2"
"1610.3645375";"Calculated instant fuel rate";"0.950000014156103";"l/h"
"1610.367932";"Calculated instant fuel consumption km/l.";"30.4761900220599";"km/l."
"1610.3696279";"Average speed";"44.5950799775099";"km/h"
"1610.3698833";"Distance travelled (total)";"1006.61221636817";"km"
"1610.3709846";"Fuel used";"0.0142185100090945";"l"
"1610.3713275";"Instant engine power (based on fuel consumption)";"3.09375737943391";"hp"
"1610.3878107";"Average fuel consumption (total)";"3.89650911948094";"l/100km"
"1610.3879973";"Average fuel consumption";"3.57916298116603";"l/100km"
"1610.3881841";"Fuel used (total)";"39.2227603239452";"l"
"1610.3883429";"Fuel used price";"0.0183418779117319";"€"
"1610.4039269";"Distance to empty";"0";"km"
"1610.4042537";"Average fuel consumption km/l.";"27.9394932631488";"km/l."
"1610.4044579";"Fuel used price (total)";"50.5973608178893";"€"
"1610.4280282";"Absolute pedal position D";"10";"%"
"1610.4280282";"Engine fuel rate";"0.900000013411045";"l/h"
"1610.4280282";"Engine RPM";"1255";"rpm"
"1610.4280282";"Vehicle speed";"32";"km/h"
"1610.4309878";"Calculated instant fuel consumption";"2.96875004423782";"l/100km"
"1610.4315431";"Distance travelled";"0.397884481944444";"km"
"1610.4318018";"Vehicle acceleration";"0";"m_sec2"
"1610.4334435";"Calculated instant fuel rate";"0.900000013411045";"l/h"
"1610.4350469";"Calculated instant fuel consumption km/l.";"33.6842100243819";"km/l."
"1610.4362593";"Average speed";"44.5727330722482";"km/h"
"1610.4364909";"Distance travelled (total)";"1006.6128428855";"km"
"1610.4375788";"Fuel used";"0.0142351581093426";"l"
"1610.4378257";"Instant engine power (based on fuel consumption)";"2.93092804367423";"hp"
"1610.4591456";"Average fuel consumption (total)";"3.89650903037472";"l/100km"
"1610.4594587";"Average fuel consumption";"3.57771130951778";"l/100km"
"1610.4597983";"Fuel used (total)";"39.2227769720455";"l"
"1610.4600396";"Fuel used price";"0.018363353961052";"€"
"1610.4753014";"Distance to empty";"0";"km"
"1610.4756963";"Average fuel consumption km/l.";"27.9508298319012";"km/l."
"1610.4768652";"Fuel used price (total)";"50.5973822939386";"€"
"1610.4883184";"Absolute pedal position D";"10";"%"
"1610.4883184";"Engine fuel rate";"0.800000011920929";"l/h"
"1610.4883184";"Engine RPM";"1259";"rpm"
"1610.4883184";"Vehicle speed";"32";"km/h"
"1610.4909988";"Calculated instant fuel consumption";"2.81250004190952";"l/100km"
"1610.4911239";"Distance travelled";"0.398414091722222";"km"
"1610.4913736";"Vehicle acceleration";"0";"m_sec2"
"1610.493347";"Calculated instant fuel rate";"0.800000011920929";"l/h"
"1610.4951531";"Calculated instant fuel consumption km/l.";"35.5555550257365";"km/l."
"1610.495999";"Average speed";"44.5492999971673";"km/h"
"1610.4961313";"Distance travelled (total)";"1006.61337249528";"km"
"1610.4966931";"Fuel used";"0.0142482941317606";"l"
"1610.4968602";"Instant engine power (based on fuel consumption)";"2.60526937215487";"hp"
"1610.5221707";"Average fuel consumption (total)";"3.89650863417567";"l/100km"
"1610.5225213";"Average fuel consumption";"3.57625255426322";"l/100km"
"1610.5229543";"Fuel used (total)";"39.2227901080679";"l"
"1610.5233052";"Fuel used price";"0.0183802994299711";"€"
"1610.5421911";"Distance to empty";"0";"km"
"1610.5425413";"Average fuel consumption km/l.";"27.9622309897523";"km/l."
"1610.5428288";"Fuel used price (total)";"50.5973992394076";"€"
"1610.5778651";"Absolute pedal position D";"10";"%"
"1610.5778651";"Engine fuel rate";"0.700000010430813";"l/h"
"1610.5778651";"Engine RPM";"1255";"rpm"
"1610.5778651";"Vehicle speed";"32";"km/h"
"1610.5808587";"Calculated instant fuel consumption";"2.5000000372529";"l/100km"
"1610.5810683";"Distance travelled";"0.3992135655";"km"
"1610.5813259";"Vehicle acceleration";"0";"m_sec2"
"1610.5828126";"Calculated instant fuel rate";"0.700000010430813";"l/h"
"1610.5858252";"Calculated instant fuel consumption km/l.";"39.9999994039536";"km/l."
"1610.5869486";"Average speed";"44.5128730012328";"km/h"
"1610.5870701";"Distance travelled (total)";"1006.61417196906";"km"
"1610.5876232";"Fuel used";"0.014265974382024";"l"
"1610.5877799";"Instant engine power (based on fuel consumption)";"2.27961070063551";"hp"
"1610.6032274";"Average fuel consumption (total)";"3.89650684445893";"l/100km"
"1610.6034024";"Average fuel consumption";"3.57351944294689";"l/100km"
"1610.6035848";"Fuel used (total)";"39.2228077883182";"l"
"1610.6037444";"Fuel used price";"0.018403106952811";"€"
"1610.6225454";"Distance to empty";"0";"km"
"1610.623405";"Average fuel consumption km/l.";"27.983617158533";"km/l."
"1610.6236623";"Fuel used price (total)";"50.5974220469304";"€"
"1610.6394894";"Absolute pedal position D";"10";"%"
"1610.6394894";"Engine fuel rate";"0.650000009685755";"l/h"
"1610.6394894";"Engine RPM";"1253";"rpm"
"1610.6394894";"Vehicle speed";"32";"km/h"
"1610.6417006";"Calculated instant fuel consumption";"2.18750003259629";"l/100km"
"1610.6418526";"Distance travelled";"0.399753851722222";"km"
"1610.6420873";"Vehicle acceleration";"0";"m_sec2"
"1610.643542";"Calculated instant fuel rate";"0.650000009685755";"l/h"
"1610.6449997";"Calculated instant fuel consumption km/l.";"45.7142850330898";"km/l."
"1610.6457434";"Average speed";"44.4920843961973";"km/h"
"1610.6458743";"Distance travelled (total)";"1006.61471225528";"km"
"1610.6464603";"Fuel used";"0.014276597386349";"l"
"1610.6466185";"Instant engine power (based on fuel consumption)";"2.11678136487583";"hp"
"1610.6532913";"Average fuel consumption (total)";"3.89650650947085";"l/100km"
"1610.6534643";"Average fuel consumption";"3.57134704890083";"l/100km"
"1610.6536256";"Fuel used (total)";"39.2228184113225";"l"
"1610.6537859";"Fuel used price";"0.0184168106283902";"€"
"1610.6694258";"Distance to empty";"0";"km"
"1610.6696688";"Average fuel consumption km/l.";"28.0006391512069";"km/l."
"1610.6698798";"Fuel used price (total)";"50.597435750606";"€"
"1610.7055016";"Absolute pedal position D";"10";"%"
"1610.7055016";"Engine fuel rate";"0.650000009685755";"l/h"
"1610.7055016";"Engine RPM";"1256";"rpm"
"1610.7055016";"Vehicle speed";"32";"km/h"
"1610.7078076";"Calculated instant fuel consumption";"2.03125003026798";"l/100km"
"1610.7079342";"Distance travelled";"0.400341217944444";"km"
"1610.7081762";"Vehicle acceleration";"0";"m_sec2"
"1610.7097289";"Calculated instant fuel rate";"0.650000009685755";"l/h"
"1610.7112026";"Calculated instant fuel consumption km/l.";"49.2307684971736";"km/l."
"1610.7123071";"Average speed";"44.4659833627314";"km/h"
"1610.7124723";"Distance travelled (total)";"1006.6152996215";"km"
"1610.7131431";"Fuel used";"0.0142886368309728";"l"
"1610.7133162";"Instant engine power (based on fuel consumption)";"2.11678136487583";"hp"
"1610.7216817";"Average fuel consumption (total)";"3.8965052911545";"l/100km"
"1610.7219126";"Average fuel consumption";"3.56911459288104";"l/100km"
"1610.7221403";"Fuel used (total)";"39.2228304507671";"l"
"1610.7223538";"Fuel used price";"0.018432341511955";"€"
"1610.7376362";"Distance to empty";"0";"km"
"1610.737959";"Average fuel consumption km/l.";"28.0181533536245";"km/l."
"1610.7381603";"Fuel used price (total)";"50.5974512814895";"€"
"1610.8427531";"Absolute pedal position D";"10";"%"
"1610.8427531";"Engine fuel rate";"0.650000009685755";"l/h"
"1610.8427531";"Engine RPM";"1258";"rpm"
"1610.8427531";"Vehicle speed";"32";"km/h"
"1610.8469087";"Calculated instant fuel consumption";"2.03125003026798";"l/100km"
"1610.8471951";"Distance travelled";"0.401579023277778";"km"
"1610.8476876";"Vehicle acceleration";"0";"m_sec2"
"1610.8528074";"Calculated instant fuel rate";"0.650000009685755";"l/h"
"1610.8562042";"Calculated instant fuel consumption km/l.";"49.2307684971736";"km/l."
"1610.8576863";"Average speed";"44.4043590209435";"km/h"
"1610.8579358";"Distance travelled (total)";"1006.61653742683";"km"
"1610.8590046";"Fuel used";"0.0143149714910875";"l"
"1610.8593967";"Instant engine power (based on fuel consumption)";"2.11678136487583";"hp"
"1610.8743989";"Average fuel consumption (total)";"3.89650169577291";"l/100km"
"1610.8748386";"Average fuel consumption";"3.5646711260577";"l/100km"
"1610.8751392";"Fuel used (total)";"39.2228567854272";"l"
"1610.8754781";"Fuel used price";"0.0184663132235028";"€"
"1610.8778878";"Distance to empty";"0";"km"
"1610.8783824";"Average fuel consumption km/l.";"28.0530788012956";"km/l."
"1610.8788103";"Fuel used price (total)";"50.5974852532011";"€"
"1610.9541652";"Absolute pedal position D";"10";"%"
"1610.9541652";"Engine fuel rate";"0.600000008940697";"l/h"
"1610.9541652";"Engine RPM";"1254";"rpm"
"1610.9541652";"Vehicle speed";"32";"km/h"
"1610.9589046";"Calculated instant fuel consumption";"2.03125003026798";"l/100km"
"1610.9591728";"Distance travelled";"0.402574326388889";"km"
"1610.9597547";"Vehicle acceleration";"0";"m_sec2"
"1610.9626918";"Calculated instant fuel rate";"0.600000008940697";"l/h"
"1610.9643664";"Calculated instant fuel consumption km/l.";"49.2307684971736";"km/l."
"1610.9657838";"Average speed";"44.3670991053001";"km/h"
"1610.9661242";"Distance travelled (total)";"1006.61753272995";"km"
"1610.9671987";"Fuel used";"0.0143330028913562";"l"
"1610.9675321";"Instant engine power (based on fuel consumption)";"1.95395202911615";"hp"
"1610.9915005";"Average fuel consumption (total)";"3.89650045922158";"l/100km"
"1610.991971";"Average fuel consumption";"3.56033704879392";"l/100km"
"1610.9922817";"Fuel used (total)";"39.2228748168275";"l"
"1610.9927036";"Fuel used price";"0.0184895737298495";"€"
"1610.9951292";"Distance to empty";"0";"km"
"1610.9958648";"Average fuel consumption km/l.";"28.0872284363851";"km/l."
"1610.9966586";"Fuel used price (total)";"50.5975085137074";"€"
"1611.0208196";"Absolute pedal position D";"9";"%"
"1611.0208196";"Engine fuel rate";"0.600000008940697";"l/h"
"1611.0208196";"Engine RPM";"1249";"rpm"
"1611.0208196";"Vehicle speed";"32";"km/h"
"1611.0230035";"Calculated instant fuel consumption";"1.87500002793968";"l/100km"
"1611.0231326";"Distance travelled";"0.403142863277778";"km"
"1611.0233785";"Vehicle acceleration";"0";"m_sec2"
"1611.0247752";"Calculated instant fuel rate";"0.600000008940697";"l/h"
"1611.0262339";"Calculated instant fuel consumption km/l.";"53.3333325386048";"km/l."
"1611.0269981";"Average speed";"44.3465587770212";"km/h"
"1611.027125";"Distance travelled (total)";"1006.61810126683";"km"
"1611.0281067";"Fuel used";"0.0143431539248408";"l"
"1611.0283009";"Instant engine power (based on fuel consumption)";"1.95395202911615";"hp"
"1611.041312";"Average fuel consumption (total)";"3.89650004976717";"l/100km"
"1611.0415069";"Average fuel consumption";"3.55783401651287";"l/100km"
"1611.0416743";"Fuel used (total)";"39.222884967861";"l"
"1611.0418363";"Fuel used price";"0.0185026685630446";"€"
"1611.0554555";"Distance to empty";"0";"km"
"1611.055766";"Average fuel consumption km/l.";"28.1069885598577";"km/l."
"1611.0561014";"Fuel used price (total)";"50.5975216085406";"€"
"1611.1036886";"Absolute pedal position D";"7";"%"
"1611.1036886";"Engine fuel rate";"0.500000007450581";"l/h"
"1611.1036886";"Engine RPM";"1241";"rpm"
"1611.1036886";"Vehicle speed";"32";"km/h"
"1611.1077179";"Calculated instant fuel consumption";"1.87500002793968";"l/100km"
"1611.1079938";"Distance travelled";"0.403897105055555";"km"
"1611.1084826";"Vehicle acceleration";"0";"m_sec2"
"1611.1116256";"Calculated instant fuel rate";"0.500000007450581";"l/h"
"1611.1148507";"Calculated instant fuel consumption km/l.";"53.3333325386048";"km/l."
"1611.1166779";"Average speed";"44.3082226374027";"km/h"
"1611.1169642";"Distance travelled (total)";"1006.61885550861";"km"
"1611.1187443";"Fuel used";"0.0143557409528061";"l"
"1611.1191412";"Instant engine power (based on fuel consumption)";"1.6282933575968";"hp"
"1611.148205";"Average fuel consumption (total)";"3.89649813861702";"l/100km"
"1611.1487452";"Average fuel consumption";"3.55430647388064";"l/100km"
"1611.1490705";"Fuel used (total)";"39.2228975548889";"l"
"1611.1495125";"Fuel used price";"0.0185189058291199";"€"
"1611.1519568";"Distance to empty";"0";"km"
"1611.1527751";"Average fuel consumption km/l.";"28.1348839034746";"km/l."
"1611.1540646";"Fuel used price (total)";"50.5975378458067";"€"
"1611.4060032";"Absolute pedal position D";"7";"%"
"1611.4060032";"Engine fuel rate";"0.450000006705523";"l/h"
"1611.4060032";"Engine RPM";"1222";"rpm"
"1611.4060032";"Vehicle speed";"32";"km/h"
"1611.4106755";"Calculated instant fuel consumption";"1.56250002328306";"l/100km"
"1611.4109431";"Distance travelled";"0.406589928166667";"km"
"1611.4114547";"Vehicle acceleration";"0";"m_sec2"
"1611.4144634";"Calculated instant fuel rate";"0.450000006705523";"l/h"
"1611.4179733";"Calculated instant fuel consumption km/l.";"63.9999990463257";"km/l."
"1611.4201995";"Average speed";"44.1948736589691";"km/h"
"1611.4204539";"Distance travelled (total)";"1006.62154833172";"km"
"1611.421552";"Fuel used";"0.0143935911783701";"l"
"1611.4218841";"Instant engine power (based on fuel consumption)";"1.46546402183712";"hp"
"1611.4471906";"Average fuel consumption (total)";"3.89648896547994";"l/100km"
"1611.4475517";"Average fuel consumption";"3.54007568344634";"l/100km"
"1611.447895";"Fuel used (total)";"39.2229354051145";"l"
"1611.4482349";"Fuel used price";"0.0185677326200974";"€"
"1611.4633733";"Distance to empty";"0";"km"
"1611.4636808";"Average fuel consumption km/l.";"28.2479836427248";"km/l."
"1611.4638825";"Fuel used price (total)";"50.5975866725977";"€"
"1612.2953019";"Absolute pedal position D";"7";"%"
"1612.2953019";"Engine fuel rate";"0";"l/h"
"1612.2953019";"Engine RPM";"1228";"rpm"
"1612.2953019";"Vehicle speed";"31";"km/h"
"1612.2995594";"Calculated instant fuel consumption";"1.45161292485652";"l/100km"
"1612.3002168";"Distance travelled";"0.414247513722222";"km"
"1612.3007443";"Vehicle acceleration";"-0.312354130621";"m_sec2"
"1612.3036734";"Calculated instant fuel rate";"0";"l/h"
"1612.3058645";"Calculated instant fuel consumption km/l.";"68.8888878623645";"km/l."
"1612.307657";"Average speed";"43.8521686796304";"km/h"
"1612.3079135";"Distance travelled (total)";"1006.62920591728";"km"
"1612.3095385";"Fuel used";"0.0143935911783701";"l"
"1612.3099241";"Instant engine power (based on fuel consumption)";"0";"hp"
"1612.3390185";"Average fuel consumption (total)";"3.89646308437605";"l/100km"
"1612.3395169";"Average fuel consumption";"3.47463550210271";"l/100km"
"1612.3398837";"Fuel used (total)";"39.2229354051145";"l"
"1612.3402265";"Fuel used price";"0.0185677326200974";"€"
"1612.3635743";"Distance to empty";"0";"km"
"1612.3639551";"Average fuel consumption km/l.";"28.7799971938018";"km/l."
"1612.3641852";"Fuel used price (total)";"50.5975866725977";"€"
"1612.9328545";"Absolute pedal position D";"7";"%"
"1612.9328545";"Engine fuel rate";"0";"l/h"
"1612.9328545";"Engine RPM";"1187";"rpm"
"1612.9328545";"Vehicle speed";"30";"km/h"
"1612.9368753";"Calculated instant fuel consumption";"0";"l/100km"
"1612.9371364";"Distance travelled";"0.419555134555555";"km"
"1612.9376475";"Vehicle acceleration";"-0.436143756471283";"m_sec2"
"1612.9408803";"Calculated instant fuel rate";"0";"l/h"
"1612.9464569";"Average speed";"43.5951399913681";"km/h"
"1612.9467122";"Distance travelled (total)";"1006.63451353811";"km"
"1612.9496971";"Fuel used";"0.0143935911783701";"l"
"1612.9500596";"Instant engine power (based on fuel consumption)";"0";"hp"
"1612.9738292";"Average fuel consumption (total)";"3.89644253973113";"l/100km"
"1612.974199";"Average fuel consumption";"3.43067930597908";"l/100km"
"1612.974553";"Fuel used (total)";"39.2229354051145";"l"
"1612.9748966";"Fuel used price";"0.0185677326200974";"€"
"1612.9964886";"Distance to empty";"0";"km"
"1612.9968401";"Average fuel consumption km/l.";"29.1487460881923";"km/l."
"1612.9970472";"Fuel used price (total)";"50.5975866725977";"€"
"1613.4432185";"Absolute pedal position D";"7";"%"
"1613.4432185";"Engine fuel rate";"0";"l/h"
"1613.4432185";"Engine RPM";"1159";"rpm"
"1613.4432185";"Vehicle speed";"29";"km/h"
"1613.4494031";"Calculated instant fuel consumption";"0";"l/100km"
"1613.4497115";"Distance travelled";"0.423684174694444";"km"
"1613.4503082";"Vehicle acceleration";"-0.541833090700475";"m_sec2"
"1613.4533609";"Calculated instant fuel rate";"0";"l/h"
"1613.4584776";"Average speed";"43.3830370432081";"km/h"
"1613.4587462";"Distance travelled (total)";"1006.63864257825";"km"
"1613.4605472";"Fuel used";"0.0143935911783701";"l"
"1613.4609397";"Instant engine power (based on fuel consumption)";"0";"hp"
"1613.4904241";"Average fuel consumption (total)";"3.89642655726536";"l/100km"
"1613.4908918";"Average fuel consumption";"3.39724541015736";"l/100km"
"1613.4912326";"Fuel used (total)";"39.2229354051145";"l"
"1613.4915847";"Fuel used price";"0.0185677326200974";"€"
"1613.4930866";"Distance to empty";"0";"km"
"1613.4935052";"Average fuel consumption km/l.";"29.4356126587181";"km/l."
"1613.4957257";"Fuel used price (total)";"50.5975866725977";"€"
"1614.3353241";"Absolute pedal position D";"9";"%"
"1614.3353241";"Engine fuel rate";"0";"l/h"
"1614.3353241";"Engine RPM";"1124";"rpm"
"1614.3353241";"Vehicle speed";"29";"km/h"
"1614.3397799";"Calculated instant fuel consumption";"0";"l/100km"
"1614.3401695";"Distance travelled";"0.430857265888889";"km"
"1614.3407059";"Vehicle acceleration";"0";"m_sec2"
"1614.3436649";"Calculated instant fuel rate";"0";"l/h"
"1614.3484943";"Average speed";"43.0282802490664";"km/h"
"1614.3487494";"Distance travelled (total)";"1006.64581566945";"km"
"1614.3504069";"Fuel used";"0.0143935911783701";"l"
"1614.3507449";"Instant engine power (based on fuel consumption)";"0";"hp"
"1614.3764335";"Average fuel consumption (total)";"3.89639879236276";"l/100km"
"1614.3769516";"Average fuel consumption";"3.34068665377503";"l/100km"
"1614.3772678";"Fuel used (total)";"39.2229354051145";"l"
"1614.3776283";"Fuel used price";"0.0185677326200974";"€"
"1614.3834385";"Distance to empty";"0";"km"
"1614.3848719";"Average fuel consumption km/l.";"29.9339657872427";"km/l."
"1614.3855358";"Fuel used price (total)";"50.5975866725977";"€"
"1614.9736238";"Absolute pedal position D";"15";"%"
"1614.9736238";"Engine fuel rate";"0.950000014156103";"l/h"
"1614.9736238";"Engine RPM";"1084";"rpm"
"1614.9736238";"Vehicle speed";"28";"km/h"
"1614.9784144";"Calculated instant fuel consumption";"0";"l/100km"
"1614.9786854";"Distance travelled";"0.435823450111111";"km"
"1614.9791137";"Vehicle acceleration";"-0.435123745712291";"m_sec2"
"1614.9816996";"Calculated instant fuel rate";"0.950000014156103";"l/h"
"1614.9858511";"Average speed";"42.7680659828364";"km/h"
"1614.9862013";"Distance travelled (total)";"1006.65078185367";"km"
"1614.9888157";"Fuel used";"0.0145620584017138";"l"
"1614.9891846";"Instant engine power (based on fuel consumption)";"3.09375737943391";"hp"
"1615.0168334";"Average fuel consumption (total)";"3.89637956997248";"l/100km"
"1615.0171535";"Average fuel consumption";"3.34127463724159";"l/100km"
"1615.0173421";"Fuel used (total)";"39.2231038723378";"l"
"1615.0175541";"Fuel used price";"0.0187850553382108";"€"
"1615.0195129";"Distance to empty";"0";"km"
"1615.0202031";"Average fuel consumption km/l.";"29.9286981337624";"km/l."
"1615.0204346";"Fuel used price (total)";"50.5978039953158";"€"
"1615.6108254";"Absolute pedal position D";"19";"%"
"1615.6108254";"Engine fuel rate";"1.5500000230968";"l/h"
"1615.6108254";"Engine RPM";"1090";"rpm"
"1615.6108254";"Vehicle speed";"28";"km/h"
"1615.6153839";"Calculated instant fuel consumption";"3.39285719341465";"l/100km"
"1615.6156606";"Distance travelled";"0.440777657333333";"km"
"1615.616321";"Vehicle acceleration";"0";"m_sec2"
"1615.6188699";"Calculated instant fuel rate";"1.5500000230968";"l/h"
"1615.6220472";"Calculated instant fuel consumption km/l.";"29.4736837713342";"km/l."
"1615.6235031";"Average speed";"42.5152499896311";"km/h"
"1615.6237601";"Distance travelled (total)";"1006.65573606089";"km"
"1615.6253926";"Fuel used";"0.0148361377585757";"l"
"1615.6256466";"Instant engine power (based on fuel consumption)";"5.04770940855006";"hp"
"1615.646801";"Average fuel consumption (total)";"3.89637712946637";"l/100km"
"1615.647069";"Average fuel consumption";"3.36590058768701";"l/100km"
"1615.6472796";"Fuel used (total)";"39.2233779516947";"l"
"1615.6474862";"Fuel used price";"0.0191386177085626";"€"
"1615.6595051";"Distance to empty";"0";"km"
"1615.6597785";"Average fuel consumption km/l.";"29.7097306931214";"km/l."
"1615.6599873";"Fuel used price (total)";"50.5981575576862";"€"
"1616.5030143";"Absolute pedal position D";"21";"%"
"1616.5030143";"Engine fuel rate";"3.60000005364418";"l/h"
"1616.5030143";"Engine RPM";"1133";"rpm"
"1616.5030143";"Vehicle speed";"29";"km/h"
"1616.5065886";"Calculated instant fuel consumption";"5.34482766585103";"l/100km"
"1616.506868";"Distance travelled";"0.447956781333333";"km"
"1616.5073243";"Vehicle acceleration";"0.311768318726988";"m_sec2"
"1616.5096145";"Calculated instant fuel rate";"3.60000005364418";"l/h"
"1616.5124557";"Calculated instant fuel consumption km/l.";"18.7096771405589";"km/l."
"1616.5139813";"Average speed";"42.2008410260431";"km/h"
"1616.5142615";"Distance travelled (total)";"1006.66291518489";"km"
"1616.5163878";"Fuel used";"0.0157271274718525";"l"
"1616.516626";"Instant engine power (based on fuel consumption)";"11.7237121746969";"hp"
"1616.5301227";"Average fuel consumption (total)";"3.89637656856473";"l/100km"
"1616.5303947";"Average fuel consumption";"3.51085821829531";"l/100km"
"1616.5305216";"Fuel used (total)";"39.224268941408";"l"
"1616.532151";"Fuel used price";"0.0202879944386897";"€"
"1616.546412";"Distance to empty";"0";"km"
"1616.546695";"Average fuel consumption km/l.";"28.4830641917961";"km/l."
"1616.5468966";"Fuel used price (total)";"50.5993069344163";"€"
"1617.141207";"Absolute pedal position D";"23";"%"
"1617.141207";"Engine fuel rate";"4.30000006407499";"l/h"
"1617.141207";"Engine RPM";"1237";"rpm"
"1617.141207";"Vehicle speed";"31";"km/h"
"1617.145202";"Calculated instant fuel consumption";"11.6129033988522";"l/100km"
"1617.1454842";"Distance travelled";"0.453455906638889";"km"
"1617.1458844";"Vehicle acceleration";"0.363208385290293";"m_sec2"
"1617.1482304";"Calculated instant fuel rate";"4.30000006407499";"l/h"
"1617.1513466";"Calculated instant fuel consumption km/l.";"8.61111098279556";"km/l."
"1617.1533776";"Average speed";"42.0158951631594";"km/h"
"1617.1536321";"Distance travelled (total)";"1006.6684143102";"km"
"1617.1559039";"Fuel used";"0.0164909841415682";"l"
"1617.1565499";"Instant engine power (based on fuel consumption)";"14.0033228753324";"hp"
"1617.1808211";"Average fuel consumption (total)";"3.89644379259538";"l/100km"
"1617.1810036";"Average fuel consumption";"3.63673378163774";"l/100km"
"1617.1843924";"Fuel used (total)";"39.2250327980777";"l"
"1617.1847457";"Fuel used price";"0.0212733695426229";"€"
"1617.1982149";"Distance to empty";"0";"km"
"1617.1984936";"Average fuel consumption km/l.";"27.4972010612684";"km/l."
"1617.1986939";"Fuel used price (total)";"50.6002923095202";"€"
"1617.779406";"Absolute pedal position D";"24";"%"
"1617.779406";"Engine fuel rate";"4.75000007078052";"l/h"
"1617.779406";"Engine RPM";"1310";"rpm"
"1617.779406";"Vehicle speed";"33";"km/h"
"1617.7830755";"Calculated instant fuel consumption";"13.0303032244697";"l/100km"
"1617.7833521";"Distance travelled";"0.459303017138889";"km"
"1617.7837574";"Vehicle acceleration";"0.256318060775473";"m_sec2"
"1617.7860146";"Calculated instant fuel rate";"4.75000007078052";"l/h"
"1617.7896854";"Calculated instant fuel consumption km/l.";"7.67441849029342";"km/l."
"1617.7909636";"Average speed";"41.8705590582372";"km/h"
"1617.7912183";"Distance travelled (total)";"1006.6742614207";"km"
"1617.7931878";"Fuel used";"0.0173318373346534";"l"
"1617.7934865";"Instant engine power (based on fuel consumption)";"15.4687868971695";"hp"
"1617.8253175";"Average fuel consumption (total)";"3.89649703993826";"l/100km"
"1617.8255007";"Average fuel consumption";"3.77350826968603";"l/100km"
"1617.8256239";"Fuel used (total)";"39.2258736512708";"l"
"1617.8258029";"Fuel used price";"0.0223580701617029";"€"
"1617.8427378";"Distance to empty";"0";"km"
"1617.8430287";"Average fuel consumption km/l.";"26.5005381870597";"km/l."
"1617.8432347";"Fuel used price (total)";"50.6013770101393";"€"
"1618.5428998";"Absolute pedal position D";"25";"%"
"1618.5428998";"Engine fuel rate";"5.55000008270144";"l/h"
"1618.5428998";"Engine RPM";"1407";"rpm"
"1618.5428998";"Vehicle speed";"36";"km/h"
"1618.5462097";"Calculated instant fuel consumption";"13.194444641057";"l/100km"
"1618.5465242";"Distance travelled";"0.466934669138889";"km"
"1618.5469388";"Vehicle acceleration";"0.284353257283623";"m_sec2"
"1618.5491924";"Calculated instant fuel rate";"5.55000008270144";"l/h"
"1618.551866";"Calculated instant fuel consumption km/l.";"7.57894725548594";"km/l."
"1618.5531737";"Average speed";"41.7602912305925";"km/h"
"1618.5534392";"Distance travelled (total)";"1006.6818930727";"km"
"1618.5552468";"Fuel used";"0.0185066699854931";"l"
"1618.5555376";"Instant engine power (based on fuel consumption)";"18.0740562693244";"hp"
"1618.580211";"Average fuel consumption (total)";"3.89655102780697";"l/100km"
"1618.5804065";"Average fuel consumption";"3.96343882959531";"l/100km"
"1618.5805275";"Fuel used (total)";"39.2270484839216";"l"
"1618.5806508";"Fuel used price";"0.0238736042812861";"€"
"1618.5977298";"Distance to empty";"0";"km"
"1618.5980172";"Average fuel consumption km/l.";"25.2306152054857";"km/l."
"1618.5982186";"Fuel used price (total)";"50.6028925442589";"€"
"1619.1814654";"Absolute pedal position D";"25";"%"
"1619.1814654";"Engine fuel rate";"6.25000009313226";"l/h"
"1619.1814654";"Engine RPM";"1524";"rpm"
"1619.1814654";"Vehicle speed";"39";"km/h"
"1619.185316";"Calculated instant fuel consumption";"14.2307694428242";"l/100km"
"1619.1855822";"Distance travelled";"0.473857733555555";"km"
"1619.1860811";"Vehicle acceleration";"0.233447302306319";"m_sec2"
"1619.1882094";"Calculated instant fuel rate";"6.25000009313226";"l/h"
"1619.1911588";"Calculated instant fuel consumption km/l.";"7.02702692231617";"km/l."
"1619.1923785";"Average speed";"41.7169619994626";"km/h"
"1619.192731";"Distance travelled (total)";"1006.68881613711";"km"
"1619.1946472";"Fuel used";"0.0196167168770341";"l"
"1619.1949331";"Instant engine power (based on fuel consumption)";"20.3536669699599";"hp"
"1619.2281812";"Average fuel consumption (total)";"3.89664093363474";"l/100km"
"1619.2285642";"Average fuel consumption";"4.13979038177588";"l/100km"
"1619.2288305";"Fuel used (total)";"39.2281585308132";"l"
"1619.2290883";"Fuel used price";"0.025305564771374";"€"
"1619.2503332";"Distance to empty";"0";"km"
"1619.2506336";"Average fuel consumption km/l.";"24.1558124392526";"km/l."
"1619.2508678";"Fuel used price (total)";"50.604324504749";"€"
"1619.5590194";"Absolute pedal position D";"25";"%"
"1619.5590194";"Engine fuel rate";"6.50000009685755";"l/h"
"1619.5590194";"Engine RPM";"1607";"rpm"
"1619.5590194";"Vehicle speed";"41";"km/h"
"1619.5633241";"Calculated instant fuel consumption";"15.2439026661762";"l/100km"
"1619.5636066";"Distance travelled";"0.478162962472222";"km"
"1619.5640296";"Vehicle acceleration";"0.140728349140504";"m_sec2"
"1619.5662848";"Calculated instant fuel rate";"6.50000009685755";"l/h"
"1619.570465";"Calculated instant fuel consumption km/l.";"6.55999990224838";"km/l."
"1619.5723597";"Average speed";"41.7086687950351";"km/h"
"1619.5727691";"Distance travelled (total)";"1006.69312136603";"km"
"1619.5750571";"Fuel used";"0.0203035612344911";"l"
"1619.5753367";"Instant engine power (based on fuel consumption)";"21.1678136487583";"hp"
"1619.5867002";"Average fuel consumption (total)";"3.89673453590133";"l/100km"
"1619.5869694";"Average fuel consumption";"4.24615932809112";"l/100km"
"1619.5871067";"Fuel used (total)";"39.2288453751706";"l"
"1619.5872324";"Fuel used price";"0.0261915939924935";"€"
"1619.6040827";"Distance to empty";"0";"km"
"1619.6049996";"Average fuel consumption km/l.";"23.5506942328882";"km/l."
"1619.6053717";"Fuel used price (total)";"50.6052105339701";"€"
"1619.6232093";"Absolute pedal position D";"25";"%"
"1619.6232093";"Engine fuel rate";"6.60000009834766";"l/h"
"1619.6232093";"Engine RPM";"1634";"rpm"
"1619.6232093";"Vehicle speed";"41";"km/h"
"1619.6253128";"Calculated instant fuel consumption";"15.8536587728233";"l/100km"
"1619.6254474";"Distance travelled";"0.478867253638889";"km"
"1619.6256574";"Vehicle acceleration";"0";"m_sec2"
"1619.6267777";"Calculated instant fuel rate";"6.60000009834766";"l/h"
"1619.6288716";"Calculated instant fuel consumption km/l.";"6.30769221370037";"km/l."
"1619.6297306";"Average speed";"41.7117886445606";"km/h"
"1619.629852";"Distance travelled (total)";"1006.6938256572";"km"
"1619.6303419";"Fuel used";"0.0204049236693348";"l"
"1619.630463";"Instant engine power (based on fuel consumption)";"21.4934723202777";"hp"
"1619.6477484";"Average fuel consumption (total)";"3.89680003744545";"l/100km"
"1619.6479202";"Average fuel consumption";"4.2610814404783";"l/100km"
"1619.6480386";"Fuel used (total)";"39.2289467376055";"l"
"1619.6481639";"Fuel used price";"0.0263223515334419";"€"
"1619.6654315";"Distance to empty";"0";"km"
"1619.6657365";"Average fuel consumption km/l.";"23.4682207784264";"km/l."
"1619.6659958";"Fuel used price (total)";"50.605341291511";"€"
"1619.7280138";"Absolute pedal position D";"25";"%"
"1619.7280138";"Engine fuel rate";"6.60000009834766";"l/h"
"1619.7280138";"Engine RPM";"1644";"rpm"
"1619.7280138";"Vehicle speed";"42";"km/h"
"1619.7328882";"Calculated instant fuel consumption";"15.7142859484468";"l/100km"
"1619.7331777";"Distance travelled";"0.480124006805555";"km"
"1619.7335718";"Vehicle acceleration";"2.57549815285273";"m_sec2"
"1619.7356623";"Calculated instant fuel rate";"6.60000009834766";"l/h"
"1619.7394234";"Calculated instant fuel consumption km/l.";"6.36363626881079";"km/l."
"1619.7417113";"Average speed";"41.7083151318814";"km/h"
"1619.7419851";"Distance travelled (total)";"1006.69508241036";"km"
"1619.744411";"Fuel used";"0.0206140252391174";"l"
"1619.7447777";"Instant engine power (based on fuel consumption)";"21.4934723202777";"hp"
"1619.7617115";"Average fuel consumption (total)";"3.89680524153136";"l/100km"
"1619.7618946";"Average fuel consumption";"4.29347938176851";"l/100km"
"1619.7620145";"Fuel used (total)";"39.2291558391752";"l"
"1619.7621371";"Fuel used price";"0.0265920925584614";"€"
"1619.783072";"Distance to empty";"0";"km"
"1619.7836601";"Average fuel consumption km/l.";"23.2911331598871";"km/l."
"1619.7838991";"Fuel used price (total)";"50.605611032536";"€"
"1619.8930594";"Absolute pedal position D";"25";"%"
"1619.8930594";"Engine fuel rate";"6.65000009909272";"l/h"
"1619.8930594";"Engine RPM";"1664";"rpm"
"1619.8930594";"Vehicle speed";"42";"km/h"
"1619.8954992";"Calculated instant fuel consumption";"15.7142859484468";"l/100km"
"1619.8956421";"Distance travelled";"0.482019431805555";"km"
"1619.8958382";"Vehicle acceleration";"2.57549815285273";"m_sec2"
"1619.8970038";"Calculated instant fuel rate";"6.65000009909272";"l/h"
"1619.8987315";"Calculated instant fuel consumption km/l.";"6.36363626881079";"km/l."
"1619.8993974";"Average speed";"41.7142579028108";"km/h"
"1619.8995197";"Distance travelled (total)";"1006.69697783536";"km"
"1619.8999976";"Fuel used";"0.020901433994789";"l"
"1619.9001524";"Instant engine power (based on fuel consumption)";"21.6563016560374";"hp"
"1619.9153514";"Average fuel consumption (total)";"3.89681867561848";"l/100km"
"1619.9156223";"Average fuel consumption";"4.33622227977326";"l/100km"
"1619.9157427";"Fuel used (total)";"39.2294432479309";"l"
"1619.9158588";"Fuel used price";"0.0269628498532778";"€"
"1619.9166738";"Distance to empty";"0";"km"
"1619.9168811";"Average fuel consumption km/l.";"23.0615484050391";"km/l."
"1619.9171412";"Fuel used price (total)";"50.6059817898309";"€"
"1619.9619031";"Absolute pedal position D";"25";"%"
"1619.9619031";"Engine fuel rate";"6.70000009983778";"l/h"
"1619.9619031";"Engine RPM";"1680";"rpm"
"1619.9619031";"Vehicle speed";"43";"km/h"
"1619.9649149";"Calculated instant fuel consumption";"15.465116509518";"l/100km"
"1619.9650894";"Distance travelled";"0.482848894638889";"km"
"1619.9653572";"Vehicle acceleration";"0.817767938393943";"m_sec2"
"1619.9667485";"Calculated instant fuel rate";"6.70000009983778";"l/h"
"1619.9688872";"Calculated instant fuel consumption km/l.";"6.46616531718046";"km/l."
"1619.9698032";"Average speed";"41.7153799351409";"km/h"
"1619.9699711";"Distance travelled (total)";"1006.6978072982";"km"
"1619.9709747";"Fuel used";"0.0210335189134239";"l"
"1619.9711377";"Instant engine power (based on fuel consumption)";"21.819130991797";"hp"
"1619.9883381";"Average fuel consumption (total)";"3.89684401451276";"l/100km"
"1619.9885735";"Average fuel consumption";"4.35612862470242";"l/100km"
"1619.9887341";"Fuel used (total)";"39.2295753328495";"l"
"1619.9888969";"Fuel used price";"0.0271332393983168";"€"
"1620.0085387";"Distance to empty";"0";"km"
"1620.0089047";"Average fuel consumption km/l.";"22.9561632851994";"km/l."
"1620.0091757";"Fuel used price (total)";"50.6061521793759";"€"
"1620.0502657";"Absolute pedal position D";"25";"%"
"1620.0502657";"Engine fuel rate";"6.75000010058284";"l/h"
"1620.0502657";"Engine RPM";"1691";"rpm"
"1620.0502657";"Vehicle speed";"43";"km/h"
"1620.0526954";"Calculated instant fuel consumption";"15.5813955810181";"l/100km"
"1620.0528272";"Distance travelled";"0.483896859583333";"km"
"1620.0530865";"Vehicle acceleration";"0.817767938393943";"m_sec2"
"1620.0541281";"Calculated instant fuel rate";"6.75000010058284";"l/h"
"1620.0551174";"Calculated instant fuel consumption km/l.";"6.41791035212688";"km/l."
"1620.0558314";"Average speed";"41.7199150302427";"km/h"
"1620.0560606";"Distance travelled (total)";"1006.69885526314";"km"
"1620.0569512";"Fuel used";"0.0211947098533258";"l"
"1620.0572166";"Instant engine power (based on fuel consumption)";"21.9819603275567";"hp"
"1620.0713302";"Average fuel consumption (total)";"3.89685307853016";"l/100km"
"1620.0716896";"Average fuel consumption";"4.38000566310263";"l/100km"
"1620.0719446";"Fuel used (total)";"39.2297365237894";"l"
"1620.0721997";"Fuel used price";"0.0273411757107903";"€"
"1620.0898751";"Distance to empty";"0";"km"
"1620.0901835";"Average fuel consumption km/l.";"22.831020709038";"km/l."
"1620.0903861";"Fuel used price (total)";"50.6063601156884";"€"
"1620.1110174";"Absolute pedal position D";"25";"%"
"1620.1110174";"Engine fuel rate";"6.75000010058284";"l/h"
"1620.1110174";"Engine RPM";"1704";"rpm"
"1620.1110174";"Vehicle speed";"43";"km/h"
"1620.1136727";"Calculated instant fuel consumption";"15.6976746525182";"l/100km"
"1620.1138059";"Distance travelled";"0.484625180444444";"km"
"1620.1140105";"Vehicle acceleration";"0.817767938393943";"m_sec2"
"1620.1150273";"Calculated instant fuel rate";"6.75000010058284";"l/h"
"1620.1170698";"Calculated instant fuel consumption km/l.";"6.37037027544446";"km/l."
"1620.1180631";"Average speed";"41.7204044901292";"km/h"
"1620.1182374";"Distance travelled (total)";"1006.699583584";"km"
"1620.1188974";"Fuel used";"0.0213108576675565";"l"
"1620.11906";"Instant engine power (based on fuel consumption)";"21.9819603275567";"hp"
"1620.1358531";"Average fuel consumption (total)";"3.89686627108017";"l/100km"
"1620.1361729";"Average fuel consumption";"4.39738967917692";"l/100km"
"1620.1363281";"Fuel used (total)";"39.2298526716037";"l"
"1620.1364921";"Fuel used price";"0.0274910063911479";"€"
"1620.1522559";"Distance to empty";"0";"km"
"1620.1525135";"Average fuel consumption km/l.";"22.740763793014";"km/l."
"1620.1528609";"Fuel used price (total)";"50.6065099463687";"€"
"1620.1705642";"Absolute pedal position D";"25";"%"
"1620.1705642";"Engine fuel rate";"6.8000001013279";"l/h"
"1620.1705642";"Engine RPM";"1713";"rpm"
"1620.1705642";"Vehicle speed";"43";"km/h"
"1620.1727057";"Calculated instant fuel consumption";"15.6976746525182";"l/100km"
"1620.1728338";"Distance travelled";"0.48533020725";"km"
"1620.1730388";"Vehicle acceleration";"0";"m_sec2"
"1620.1740695";"Calculated instant fuel rate";"6.8000001013279";"l/h"
"1620.1763311";"Calculated instant fuel consumption km/l.";"6.37037027544446";"km/l."
"1620.1770576";"Average speed";"41.7222155608676";"km/h"
"1620.1771836";"Distance travelled (total)";"1006.70028861081";"km"
"1620.1777054";"Fuel used";"0.0214219360469895";"l"
"1620.1778302";"Instant engine power (based on fuel consumption)";"22.1447896633164";"hp"
"1620.2018783";"Average fuel consumption (total)";"3.89687507944781";"l/100km"
"1620.2023903";"Average fuel consumption";"4.41388887956747";"l/100km"
"1620.2027428";"Fuel used (total)";"39.2299637499831";"l"
"1620.2029942";"Fuel used price";"0.0276342975006165";"€"
"1620.2057049";"Distance to empty";"0";"km"
"1620.2061494";"Average fuel consumption km/l.";"22.655758386423";"km/l."
"1620.2066215";"Fuel used price (total)";"50.6066532374782";"€"
"1620.2320519";"Absolute pedal position D";"25";"%"
"1620.2320519";"Engine fuel rate";"6.75000010058284";"l/h"
"1620.2320519";"Engine RPM";"1721";"rpm"
"1620.2320519";"Vehicle speed";"44";"km/h"
"1620.2342691";"Calculated instant fuel consumption";"15.4545456848361";"l/100km"
"1620.2343971";"Distance travelled";"0.486082617027778";"km"
"1620.2346053";"Vehicle acceleration";"4.51186982714124";"m_sec2"
"1620.2356377";"Calculated instant fuel rate";"6.75000010058284";"l/h"
"1620.2374733";"Calculated instant fuel consumption km/l.";"6.47058813887484";"km/l."
"1620.2381142";"Average speed";"41.7260623410561";"km/h"
"1620.2382406";"Distance travelled (total)";"1006.70104102058";"km"
"1620.2390013";"Fuel used";"0.021536859298702";"l"
"1620.239151";"Instant engine power (based on fuel consumption)";"21.9819603275567";"hp"
"1620.2543693";"Average fuel consumption (total)";"3.89688320081721";"l/100km"
"1620.2545519";"Average fuel consumption";"4.43069933880628";"l/100km"
"1620.2546699";"Fuel used (total)";"39.2300786732348";"l"
"1620.2548034";"Fuel used price";"0.0277825484953256";"€"
"1620.2734795";"Distance to empty";"0";"km"
"1620.273767";"Average fuel consumption km/l.";"22.5698004656173";"km/l."
"1620.2739716";"Fuel used price (total)";"50.6068014884729";"€"
"1620.3216105";"Absolute pedal position D";"25";"%"
"1620.3216105";"Engine fuel rate";"6.75000010058284";"l/h"
"1620.3216105";"Engine RPM";"1730";"rpm"
"1620.3216105";"Vehicle speed";"44";"km/h"
"1620.3257937";"Calculated instant fuel consumption";"15.3409093195065";"l/100km"
"1620.3262357";"Distance travelled";"0.487204989805555";"km"
"1620.3266473";"Vehicle acceleration";"4.51186982714124";"m_sec2"
"1620.3287276";"Calculated instant fuel rate";"6.75000010058284";"l/h"
"1620.331646";"Calculated instant fuel consumption km/l.";"6.51851842138502";"km/l."
"1620.3329479";"Average speed";"41.7281122552568";"km/h"
"1620.3332018";"Distance travelled (total)";"1006.70216339336";"km"
"1620.3341919";"Fuel used";"0.0217153263013614";"l"
"1620.3344423";"Instant engine power (based on fuel consumption)";"21.9819603275567";"hp"
"1620.3551973";"Average fuel consumption (total)";"3.89689027199457";"l/100km"
"1620.35555";"Average fuel consumption";"4.45712313209846";"l/100km"
"1620.3557986";"Fuel used (total)";"39.2302571402375";"l"
"1620.3561698";"Fuel used price";"0.0280127709287562";"€"
"1620.3785287";"Distance to empty";"0";"km"
"1620.3788794";"Average fuel consumption km/l.";"22.435996726193";"km/l."
"1620.3791093";"Fuel used price (total)";"50.6070317109063";"€"
"1620.4412957";"Absolute pedal position D";"24";"%"
"1620.4412957";"Engine fuel rate";"6.75000010058284";"l/h"
"1620.4412957";"Engine RPM";"1744";"rpm"
"1620.4412957";"Vehicle speed";"44";"km/h"
"1620.4456296";"Calculated instant fuel consumption";"15.3409093195065";"l/100km"
"1620.4460056";"Distance travelled";"0.488668774472222";"km"
"1620.446411";"Vehicle acceleration";"4.51186982714124";"m_sec2"
"1620.4484437";"Calculated instant fuel rate";"6.75000010058284";"l/h"
"1620.4519988";"Calculated instant fuel consumption km/l.";"6.51851842138502";"km/l."
"1620.4533092";"Average speed";"41.7339792954617";"km/h"
"1620.4535629";"Distance travelled (total)";"1006.70362717803";"km"
"1620.4550237";"Fuel used";"0.0219418756172372";"l"
"1620.4552886";"Instant engine power (based on fuel consumption)";"21.9819603275567";"hp"
"1620.4765735";"Average fuel consumption (total)";"3.8969023336299";"l/100km"
"1620.4777853";"Average fuel consumption";"4.49013253219118";"l/100km"
"1620.4783961";"Fuel used (total)";"39.2304836895534";"l"
"1620.4787009";"Fuel used price";"0.028305019546236";"€"
"1620.4805401";"Distance to empty";"0";"km"
"1620.4811311";"Average fuel consumption km/l.";"22.2710575429719";"km/l."
"1620.4815511";"Fuel used price (total)";"50.6073239595238";"€"
"1620.5302845";"Absolute pedal position D";"7";"%"
"1620.5302845";"Engine fuel rate";"4.00000005960464";"l/h"
"1620.5302845";"Engine RPM";"1729";"rpm"
"1620.5302845";"Vehicle speed";"45";"km/h"
"1620.5324362";"Calculated instant fuel consumption";"15.0000002235174";"l/100km"
"1620.5325683";"Distance travelled";"0.489750803222222";"km"
"1620.5328762";"Vehicle acceleration";"0.771952316814171";"m_sec2"
"1620.5339037";"Calculated instant fuel rate";"4.00000005960464";"l/h"
"1620.5362985";"Calculated instant fuel consumption km/l.";"6.66666656732559";"km/l."
"1620.5377014";"Average speed";"41.7428241300355";"km/h"
"1620.5379663";"Distance travelled (total)";"1006.70470920678";"km"
"1620.5399392";"Fuel used";"0.0220362188408653";"l"
"1620.5402375";"Instant engine power (based on fuel consumption)";"13.0263468607744";"hp"
"1620.5761627";"Average fuel consumption (total)";"3.89692064920056";"l/100km"
"1620.5765515";"Average fuel consumption";"4.49947579378781";"l/100km"
"1620.5767113";"Fuel used (total)";"39.230578032777";"l"
"1620.5768365";"Fuel used price";"0.0284267223047162";"€"
"1620.5955377";"Distance to empty";"0";"km"
"1620.5958542";"Average fuel consumption km/l.";"22.2248111964653";"km/l."
"1620.5962107";"Fuel used price (total)";"50.6074456622823";"€"
"1620.6069974";"Absolute pedal position D";"7";"%"
"1620.6069974";"Engine fuel rate";"2.90000004321337";"l/h"
"1620.6069974";"Engine RPM";"1733";"rpm"
"1620.6069974";"Vehicle speed";"45";"km/h"
"1620.6090657";"Calculated instant fuel consumption";"8.88888902134365";"l/100km"
"1620.6091975";"Distance travelled";"0.490708633222222";"km"
"1620.6094864";"Vehicle acceleration";"0.771952316814171";"m_sec2"
"1620.6105063";"Calculated instant fuel rate";"2.90000004321337";"l/h"
"1620.6123541";"Calculated instant fuel consumption km/l.";"11.2499998323619";"km/l."
"1620.6130842";"Average speed";"41.749877361952";"km/h"
"1620.6132097";"Distance travelled (total)";"1006.70566703678";"km"
"1620.613752";"Fuel used";"0.0220956792334179";"l"
"1620.6138882";"Instant engine power (based on fuel consumption)";"9.44410147406141";"hp"
"1620.6364858";"Average fuel consumption (total)";"3.89692631295615";"l/100km"
"1620.6367958";"Average fuel consumption";"4.50281037207913";"l/100km"
"1620.6369605";"Fuel used (total)";"39.2306374931695";"l"
"1620.6371288";"Fuel used price";"0.0285034262111092";"€"
"1620.6536659";"Distance to empty";"0";"km"
"1620.6540433";"Average fuel consumption km/l.";"22.2083525036001";"km/l."
"1620.6543151";"Fuel used price (total)";"50.6075223661887";"€"
"1620.6744033";"Absolute pedal position D";"7";"%"
"1620.6744033";"Engine fuel rate";"1.5500000230968";"l/h"
"1620.6744033";"Engine RPM";"1747";"rpm"
"1620.6744033";"Vehicle speed";"45";"km/h"
"1620.6773832";"Calculated instant fuel consumption";"6.44444454047415";"l/100km"
"1620.6775137";"Distance travelled";"0.491562548222222";"km"
"1620.6777249";"Vehicle acceleration";"0";"m_sec2"
"1620.6787213";"Calculated instant fuel rate";"1.5500000230968";"l/h"
"1620.6797465";"Calculated instant fuel consumption km/l.";"15.5172411480854";"km/l."
"1620.6804734";"Average speed";"41.7560247735046";"km/h"
"1620.6806088";"Distance travelled (total)";"1006.70652095178";"km"
"1620.6812106";"Fuel used";"0.0221247229616285";"l"
"1620.681335";"Instant engine power (based on fuel consumption)";"5.04770940855006";"hp"
"1620.7057662";"Average fuel consumption (total)";"3.89692891390824";"l/100km"
"1620.7065024";"Average fuel consumption";"4.50089679159742";"l/100km"
"1620.707347";"Fuel used (total)";"39.2306665368978";"l"
"1620.7076151";"Fuel used price";"0.0285408926205008";"€"
"1620.726187";"Distance to empty";"0";"km"
"1620.7265184";"Average fuel consumption km/l.";"22.2177945041279";"km/l."
"1620.7267741";"Fuel used price (total)";"50.6075598325981";"€"
"1620.7490091";"Absolute pedal position D";"7";"%"
"1620.7490091";"Engine fuel rate";"1.40000002086163";"l/h"
"1620.7490091";"Engine RPM";"1733";"rpm"
"1620.7490091";"Vehicle speed";"45";"km/h"
"1620.7520617";"Calculated instant fuel consumption";"3.44444449577067";"l/100km"
"1620.7522733";"Distance travelled";"0.492495946972222";"km"
"1620.7525059";"Vehicle acceleration";"0";"m_sec2"
"1620.753588";"Calculated instant fuel rate";"1.40000002086163";"l/h"
"1620.7562235";"Calculated instant fuel consumption km/l.";"29.0322576319018";"km/l."
"1620.7570653";"Average speed";"41.7598585132317";"km/h"
"1620.757225";"Distance travelled (total)";"1006.70745435053";"km"
"1620.7578629";"Fuel used";"0.0221545302842949";"l"
"1620.7580226";"Instant engine power (based on fuel consumption)";"4.55922140127102";"hp"
"1620.7700672";"Average fuel consumption (total)";"3.89692818577639";"l/100km"
"1620.7702998";"Average fuel consumption";"4.49841880334184";"l/100km"
"1620.7704588";"Fuel used (total)";"39.2306963442204";"l"
"1620.7706184";"Fuel used price";"0.0285793440667404";"€"
"1620.7873806";"Distance to empty";"0";"km"
"1620.7877789";"Average fuel consumption km/l.";"22.2300333454304";"km/l."
"1620.788051";"Fuel used price (total)";"50.6075982840443";"€"
"1620.8527908";"Absolute pedal position D";"7";"%"
"1620.8527908";"Engine fuel rate";"0.950000014156103";"l/h"
"1620.8527908";"Engine RPM";"1761";"rpm"
"1620.8527908";"Vehicle speed";"45";"km/h"
"1620.8545264";"Calculated instant fuel consumption";"3.11111115747028";"l/100km"
"1620.8546611";"Distance travelled";"0.493776796972222";"km"
"1620.8548805";"Vehicle acceleration";"0";"m_sec2"
"1620.8559015";"Calculated instant fuel rate";"0.950000014156103";"l/h"
"1620.8574421";"Calculated instant fuel consumption km/l.";"32.1428566638913";"km/l."
"1620.8579466";"Average speed";"41.769175995158";"km/h"
"1620.8580387";"Distance travelled (total)";"1006.70873520053";"km"
"1620.8584376";"Fuel used";"0.0221810708833015";"l"
"1620.858537";"Instant engine power (based on fuel consumption)";"3.09375737943391";"hp"
"1620.8684926";"Average fuel consumption (total)";"3.89692618852721";"l/100km"
"1620.8686288";"Average fuel consumption";"4.4921249883172";"l/100km"
"1620.8687199";"Fuel used (total)";"39.2307228848194";"l"
"1620.86882";"Fuel used price";"0.0286135814394589";"€"
"1620.8849102";"Distance to empty";"0";"km"
"1620.8851533";"Average fuel consumption km/l.";"22.261179343868";"km/l."
"1620.8853752";"Fuel used price (total)";"50.607632521417";"€"
"1620.9214354";"Absolute pedal position D";"7";"%"
"1620.9214354";"Engine fuel rate";"0.800000011920929";"l/h"
"1620.9214354";"Engine RPM";"1743";"rpm"
"1620.9214354";"Vehicle speed";"45";"km/h"
"1620.9230315";"Calculated instant fuel consumption";"2.11111114256912";"l/100km"
"1620.9231187";"Distance travelled";"0.494632519472222";"km"
"1620.9232618";"Vehicle acceleration";"0";"m_sec2"
"1620.9240509";"Calculated instant fuel rate";"0.800000011920929";"l/h"
"1620.9254394";"Calculated instant fuel consumption km/l.";"47.3684203467871";"km/l."
"1620.9259469";"Average speed";"41.7748447422958";"km/h"
"1620.9260465";"Distance travelled (total)";"1006.70959092303";"km"
"1620.9264176";"Fuel used";"0.0221961771501933";"l"
"1620.9265072";"Instant engine power (based on fuel consumption)";"2.60526937215487";"hp"
"1620.9337435";"Average fuel consumption (total)";"3.89692551243598";"l/100km"
"1620.9338671";"Average fuel consumption";"4.48740757560316";"l/100km"
"1620.9339487";"Fuel used (total)";"39.2307379910863";"l"
"1620.9340351";"Fuel used price";"0.0286330685237493";"€"
"1620.9512588";"Distance to empty";"0";"km"
"1620.9514803";"Average fuel consumption km/l.";"22.2845815351548";"km/l."
"1620.9516356";"Fuel used price (total)";"50.6076520085013";"€"
"1621.0117057";"Absolute pedal position D";"7";"%"
"1621.0117057";"Engine fuel rate";"0.650000009685755";"l/h"
"1621.0117057";"Engine RPM";"1743";"rpm"
"1621.0117057";"Vehicle speed";"45";"km/h"
"1621.0154878";"Calculated instant fuel consumption";"1.77777780426873";"l/100km"
"1621.0157524";"Distance travelled";"0.495790320722222";"km"
"1621.0163283";"Vehicle acceleration";"0";"m_sec2"
"1621.0183615";"Calculated instant fuel rate";"0.650000009685755";"l/h"
"1621.0203974";"Calculated instant fuel consumption km/l.";"56.2499991618097";"km/l."
"1621.0214965";"Average speed";"41.7790240617261";"km/h"
"1621.0217449";"Distance travelled (total)";"1006.71074872428";"km"
"1621.0234315";"Fuel used";"0.0222136917796209";"l"
"1621.0236856";"Instant engine power (based on fuel consumption)";"2.11678136487583";"hp"
"1621.0268275";"Average fuel consumption (total)";"3.89692253120374";"l/100km"
"1621.0271878";"Average fuel consumption";"4.48046096326811";"l/100km"
"1621.0274407";"Fuel used (total)";"39.2307555057157";"l"
"1621.0277372";"Fuel used price";"0.028655662395711";"€"
"1621.0397663";"Distance to empty";"0";"km"
"1621.0400972";"Average fuel consumption km/l.";"22.3191320758788";"km/l."
"1621.0403039";"Fuel used price (total)";"50.6076746023733";"€"
"1621.1162927";"Absolute pedal position D";"7";"%"
"1621.1162927";"Engine fuel rate";"0.700000010430813";"l/h"
"1621.1162927";"Engine RPM";"1718";"rpm"
"1621.1162927";"Vehicle speed";"45";"km/h"
"1621.120355";"Calculated instant fuel consumption";"1.44444446596834";"l/100km"
"1621.1206161";"Distance travelled";"0.497101048222222";"km"
"1621.121012";"Vehicle acceleration";"0";"m_sec2"
"1621.1231123";"Calculated instant fuel rate";"0.700000010430813";"l/h"
"1621.1261934";"Calculated instant fuel consumption km/l.";"69.2307681991504";"km/l."
"1621.1273861";"Average speed";"41.78591160032";"km/h"
"1621.1276795";"Distance travelled (total)";"1006.71205945178";"km"
"1621.1286634";"Fuel used";"0.0222341526049258";"l"
"1621.129076";"Instant engine power (based on fuel consumption)";"2.27961070063551";"hp"
"1621.1399807";"Average fuel consumption (total)";"3.89691919724092";"l/100km"
"1621.1401639";"Average fuel consumption";"4.47276317047441";"l/100km"
"1621.1402807";"Fuel used (total)";"39.230775966541";"l"
"1621.1403984";"Fuel used price";"0.0286820568603543";"€"
"1621.1542551";"Distance to empty";"0";"km"
"1621.1546756";"Average fuel consumption km/l.";"22.3575441373958";"km/l."
"1621.1548935";"Fuel used price (total)";"50.6077009968379";"€"
"1621.1838683";"Absolute pedal position D";"7";"%"
"1621.1838683";"Engine fuel rate";"0";"l/h"
"1621.1838683";"Engine RPM";"1744";"rpm"
"1621.1838683";"Vehicle speed";"44";"km/h"
"1621.1874729";"Calculated instant fuel consumption";"1.59090911461548";"l/100km"
"1621.1877322";"Distance travelled";"0.497921303555555";"km"
"1621.1881325";"Vehicle acceleration";"-0.544301576166732";"m_sec2"
"1621.190398";"Calculated instant fuel rate";"0";"l/h"
"1621.1930552";"Calculated instant fuel consumption km/l.";"62.8571419204984";"km/l."
"1621.1941888";"Average speed";"41.7896765982415";"km/h"
"1621.1944483";"Distance travelled (total)";"1006.71287970711";"km"
"1621.1967729";"Fuel used";"0.0222341526049258";"l"
"1621.1972821";"Instant engine power (based on fuel consumption)";"0";"hp"
"1621.2156687";"Average fuel consumption (total)";"3.8969180545256";"l/100km"
"1621.2161396";"Average fuel consumption";"4.4653949220803";"l/100km"
"1621.2163924";"Fuel used (total)";"39.230775966541";"l"
"1621.2166041";"Fuel used price";"0.0286820568603543";"€"
"1621.2363748";"Distance to empty";"0";"km"
"1621.2366721";"Average fuel consumption km/l.";"22.3944358214599";"km/l."
"1621.2369232";"Fuel used price (total)";"50.6077009968379";"€"
"1621.2733938";"Absolute pedal position D";"7";"%"
"1621.2733938";"Engine fuel rate";"0";"l/h"
"1621.2733938";"Engine RPM";"1740";"rpm"
"1621.2733938";"Vehicle speed";"44";"km/h"
"1621.2757953";"Calculated instant fuel consumption";"0";"l/100km"
"1621.2759731";"Distance travelled";"0.498999799777778";"km"
"1621.2761782";"Vehicle acceleration";"-0.544301576166732";"m_sec2"
"1621.2789446";"Calculated instant fuel rate";"0";"l/h"
"1621.2829906";"Average speed";"41.7936742722002";"km/h"
"1621.2832553";"Distance travelled (total)";"1006.71395820333";"km"
"1621.2842947";"Fuel used";"0.0222341526049258";"l"
"1621.2845597";"Instant engine power (based on fuel consumption)";"0";"hp"
"1621.3078479";"Average fuel consumption (total)";"3.89691387974352";"l/100km"
"1621.3081991";"Average fuel consumption";"4.45574379284871";"l/100km"
"1621.3084548";"Fuel used (total)";"39.230775966541";"l"
"1621.3087008";"Fuel used price";"0.0286820568603543";"€"
"1621.3295534";"Distance to empty";"0";"km"
"1621.3301009";"Average fuel consumption km/l.";"22.4429421100235";"km/l."
"1621.3305266";"Fuel used price (total)";"50.6077009968379";"€"
"1621.3418327";"Absolute pedal position D";"7";"%"
"1621.3418327";"Engine fuel rate";"0";"l/h"
"1621.3418327";"Engine RPM";"1740";"rpm"
"1621.3418327";"Vehicle speed";"44";"km/h"
"1621.3441159";"Calculated instant fuel consumption";"0";"l/100km"
"1621.3442429";"Distance travelled";"0.499834157111111";"km"
"1621.3444489";"Vehicle acceleration";"-0.544301576166732";"m_sec2"
"1621.3454609";"Calculated instant fuel rate";"0";"l/h"
"1621.3471822";"Average speed";"41.8010903157831";"km/h"
"1621.3473068";"Distance travelled (total)";"1006.71479256067";"km"
"1621.3477951";"Fuel used";"0.0222341526049258";"l"
"1621.3479208";"Instant engine power (based on fuel consumption)";"0";"hp"
"1621.3493921";"Average fuel consumption (total)";"3.89691065001182";"l/100km"
"1621.3496726";"Average fuel consumption";"4.44830596080757";"l/100km"
"1621.3497999";"Fuel used (total)";"39.230775966541";"l"
"1621.3499268";"Fuel used price";"0.0286820568603543";"€"
"1621.3505737";"Distance to empty";"0";"km"
"1621.3507437";"Average fuel consumption km/l.";"22.4804680435798";"km/l."
"1621.3509485";"Fuel used price (total)";"50.6077009968379";"€"
"1621.4312881";"Absolute pedal position D";"7";"%"
"1621.4312881";"Engine fuel rate";"0";"l/h"
"1621.4312881";"Engine RPM";"1730";"rpm"
"1621.4312881";"Vehicle speed";"44";"km/h"
"1621.4353592";"Calculated instant fuel consumption";"0";"l/100km"
"1621.4356256";"Distance travelled";"0.500950976111111";"km"
"1621.4362134";"Vehicle acceleration";"-0.544301576166732";"m_sec2"
"1621.4382643";"Calculated instant fuel rate";"0";"l/h"
"1621.4429018";"Average speed";"41.8016143594299";"km/h"
"1621.4431733";"Distance travelled (total)";"1006.71590937967";"km"
"1621.4443848";"Fuel used";"0.0222341526049258";"l"
"1621.4446765";"Instant engine power (based on fuel consumption)";"0";"hp"
"1621.4573083";"Average fuel consumption (total)";"3.89690632690158";"l/100km"
"1621.4576498";"Average fuel consumption";"4.43838891732078";"l/100km"
"1621.4577829";"Fuel used (total)";"39.230775966541";"l"
"1621.4579027";"Fuel used price";"0.0286820568603543";"€"
"1621.4609232";"Distance to empty";"0";"km"
"1621.4612284";"Average fuel consumption km/l.";"22.5306979317993";"km/l."
"1621.4614324";"Fuel used price (total)";"50.6077009968379";"€"
"1621.5216904";"Absolute pedal position D";"7";"%"
"1621.5216904";"Engine fuel rate";"0";"l/h"
"1621.5216904";"Engine RPM";"1728";"rpm"
"1621.5216904";"Vehicle speed";"44";"km/h"
"1621.5256482";"Calculated instant fuel consumption";"0";"l/100km"
"1621.5259839";"Distance travelled";"0.502055278333333";"km"
"1621.5264049";"Vehicle acceleration";"-0.544301576166732";"m_sec2"
"1621.5284301";"Calculated instant fuel rate";"0";"l/h"
"1621.5325048";"Average speed";"41.8068885688282";"km/h"
"1621.5329639";"Distance travelled (total)";"1006.71701368189";"km"
"1621.533965";"Fuel used";"0.0222341526049258";"l"
"1621.5342171";"Instant engine power (based on fuel consumption)";"0";"hp"
"1621.5578547";"Average fuel consumption (total)";"3.89690205225214";"l/100km"
"1621.5583121";"Average fuel consumption";"4.4286264012075";"l/100km"
"1621.5585662";"Fuel used (total)";"39.230775966541";"l"
"1621.5588156";"Fuel used price";"0.0286820568603543";"€"
"1621.5610382";"Distance to empty";"0";"km"
"1621.5614312";"Average fuel consumption km/l.";"22.5803648672496";"km/l."
"1621.5618463";"Fuel used price (total)";"50.6077009968379";"€"
"1621.6261427";"Absolute pedal position D";"7";"%"
"1621.6261427";"Engine fuel rate";"0";"l/h"
"1621.6261427";"Engine RPM";"1726";"rpm"
"1621.6261427";"Vehicle speed";"44";"km/h"
"1621.6303352";"Calculated instant fuel consumption";"0";"l/100km"
"1621.6306017";"Distance travelled";"0.503333865777778";"km"
"1621.6310865";"Vehicle acceleration";"-0.544301576166732";"m_sec2"
"1621.6332584";"Calculated instant fuel rate";"0";"l/h"
"1621.638444";"Average speed";"41.8109029797944";"km/h"
"1621.6387021";"Distance travelled (total)";"1006.71829226933";"km"
"1621.6399592";"Fuel used";"0.0222341526049258";"l"
"1621.6403885";"Instant engine power (based on fuel consumption)";"0";"hp"
"1621.6576558";"Average fuel consumption (total)";"3.89689710297281";"l/100km"
"1621.6581283";"Average fuel consumption";"4.41737663937403";"l/100km"
"1621.6583857";"Fuel used (total)";"39.230775966541";"l"
"1621.6586436";"Fuel used price";"0.0286820568603543";"€"
"1621.659822";"Distance to empty";"0";"km"
"1621.6601662";"Average fuel consumption km/l.";"22.6378704293982";"km/l."
"1621.6608353";"Fuel used price (total)";"50.6077009968379";"€"
"1621.764736";"Absolute pedal position D";"7";"%"
"1621.764736";"Engine fuel rate";"0";"l/h"
"1621.764736";"Engine RPM";"1720";"rpm"
"1621.764736";"Vehicle speed";"44";"km/h"
"1621.7670701";"Calculated instant fuel consumption";"0";"l/100km"
"1621.7677158";"Distance travelled";"0.505009724333333";"km"
"1621.7678765";"Vehicle acceleration";"0";"m_sec2"
"1621.7691792";"Calculated instant fuel rate";"0";"l/h"
"1621.7715675";"Average speed";"41.8215642923778";"km/h"
"1621.7716685";"Distance travelled (total)";"1006.71996812789";"km"
"1621.7720385";"Fuel used";"0.0222341526049258";"l"
"1621.7721371";"Instant engine power (based on fuel consumption)";"0";"hp"
"1621.7864568";"Average fuel consumption (total)";"3.89689061591727";"l/100km"
"1621.7866587";"Average fuel consumption";"4.40271771682758";"l/100km"
"1621.7867584";"Fuel used (total)";"39.230775966541";"l"
"1621.7868541";"Fuel used price";"0.0286820568603543";"€"
"1621.7878066";"Distance to empty";"0";"km"
"1621.7880203";"Average fuel consumption km/l.";"22.7132435990141";"km/l."
"1621.7881973";"Fuel used price (total)";"50.6077009968379";"€"
"1621.8364301";"Absolute pedal position D";"7";"%"
"1621.8364301";"Engine fuel rate";"0";"l/h"
"1621.8364301";"Engine RPM";"1709";"rpm"
"1621.8364301";"Vehicle speed";"44";"km/h"
"1621.8400837";"Calculated instant fuel consumption";"0";"l/100km"
"1621.8403473";"Distance travelled";"0.505897335111111";"km"
"1621.8407559";"Vehicle acceleration";"0";"m_sec2"
"1621.8428449";"Calculated instant fuel rate";"0";"l/h"
"1621.8463153";"Average speed";"41.8232387823642";"km/h"
"1621.8465682";"Distance travelled (total)";"1006.72085573867";"km"
"1621.8475515";"Fuel used";"0.0222341526049258";"l"
"1621.8478175";"Instant engine power (based on fuel consumption)";"0";"hp"
"1621.8578878";"Average fuel consumption (total)";"3.89688718008688";"l/100km"
"1621.858215";"Average fuel consumption";"4.3949930275957";"l/100km"
"1621.8583512";"Fuel used (total)";"39.230775966541";"l"
"1621.8584746";"Fuel used price";"0.0286820568603543";"€"
"1621.8590186";"Distance to empty";"0";"km"
"1621.8591809";"Average fuel consumption km/l.";"22.7531646517094";"km/l."
"1621.859443";"Fuel used price (total)";"50.6077009968379";"€"
"1621.9028524";"Absolute pedal position D";"7";"%"
"1621.9028524";"Engine fuel rate";"0";"l/h"
"1621.9028524";"Engine RPM";"1709";"rpm"
"1621.9028524";"Vehicle speed";"43";"km/h"
"1621.9055615";"Calculated instant fuel consumption";"0";"l/100km"
"1621.9056954";"Distance travelled";"0.506677881861111";"km"
"1621.9059867";"Vehicle acceleration";"-2.01243037997101";"m_sec2"
"1621.9070767";"Calculated instant fuel rate";"0";"l/h"
"1621.909936";"Average speed";"41.826592316194";"km/h"
"1621.9100561";"Distance travelled (total)";"1006.72163628542";"km"
"1621.9112102";"Fuel used";"0.0222341526049258";"l"
"1621.9113663";"Instant engine power (based on fuel consumption)";"0";"hp"
"1621.9116917";"Average fuel consumption (total)";"3.89688415869297";"l/100km"
"1621.923381";"Average fuel consumption";"4.38822245866666";"l/100km"
"1621.9237508";"Fuel used (total)";"39.230775966541";"l"
"1621.9239398";"Fuel used price";"0.0286820568603543";"€"
"1621.9248693";"Distance to empty";"0";"km"
"1621.9250967";"Average fuel consumption km/l.";"22.7882704083294";"km/l."
"1621.9253606";"Fuel used price (total)";"50.6077009968379";"€"
"1621.9704437";"Absolute pedal position D";"7";"%"
"1621.9704437";"Engine fuel rate";"0";"l/h"
"1621.9704437";"Engine RPM";"1705";"rpm"
"1621.9704437";"Vehicle speed";"43";"km/h"
"1621.9734214";"Calculated instant fuel consumption";"0";"l/100km"
"1621.9735969";"Distance travelled";"0.507488884555556";"km"
"1621.9738759";"Vehicle acceleration";"-2.01243037997101";"m_sec2"
"1621.9751844";"Calculated instant fuel rate";"0";"l/h"
"1621.9775888";"Average speed";"41.828714152356";"km/h"
"1621.9778665";"Distance travelled (total)";"1006.72244728811";"km"
"1621.9791266";"Fuel used";"0.0222341526049258";"l"
"1621.9794724";"Instant engine power (based on fuel consumption)";"0";"hp"
"1621.9925341";"Average fuel consumption (total)";"3.89688101941306";"l/100km"
"1621.9930568";"Average fuel consumption";"4.38120977258405";"l/100km"
"1621.9933233";"Fuel used (total)";"39.230775966541";"l"
"1621.9935867";"Fuel used price";"0.0286820568603543";"€"
"1621.995397";"Distance to empty";"0";"km"
"1621.9958767";"Average fuel consumption km/l.";"22.8247459470583";"km/l."
"1621.9963774";"Fuel used price (total)";"50.6077009968379";"€"
"1622.0462434";"Absolute pedal position D";"7";"%"
"1622.0462434";"Engine fuel rate";"0";"l/h"
"1622.0462434";"Engine RPM";"1700";"rpm"
"1622.0462434";"Vehicle speed";"43";"km/h"
"1622.0500095";"Calculated instant fuel consumption";"0";"l/100km"
"1622.0502891";"Distance travelled";"0.508404845472222";"km"
"1622.0507205";"Vehicle acceleration";"-2.01243037997101";"m_sec2"
"1622.0531758";"Calculated instant fuel rate";"0";"l/h"
"1622.0579465";"Average speed";"41.8272692141101";"km/h"
"1622.0582203";"Distance travelled (total)";"1006.72336324903";"km"
"1622.0594772";"Fuel used";"0.0222341526049258";"l"
"1622.0597795";"Instant engine power (based on fuel consumption)";"0";"hp"
"1622.0782406";"Average fuel consumption (total)";"3.89687747386039";"l/100km"
"1622.0787188";"Average fuel consumption";"4.3733164235038";"l/100km"
"1622.0789832";"Fuel used (total)";"39.230775966541";"l"
"1622.0793208";"Fuel used price";"0.0286820568603543";"€"
"1622.0804086";"Distance to empty";"0";"km"
"1622.0807536";"Average fuel consumption km/l.";"22.8659420714594";"km/l."
"1622.081166";"Fuel used price (total)";"50.6077009968379";"€"
"1622.114466";"Absolute pedal position D";"7";"%"
"1622.114466";"Engine fuel rate";"0";"l/h"
"1622.114466";"Engine RPM";"1699";"rpm"
"1622.114466";"Vehicle speed";"43";"km/h"
"1622.1166898";"Calculated instant fuel consumption";"0";"l/100km"
"1622.11683";"Distance travelled";"0.509199639555556";"km"
"1622.117039";"Vehicle acceleration";"-2.01243037997101";"m_sec2"
"1622.1180436";"Calculated instant fuel rate";"0";"l/h"
"1622.1218543";"Average speed";"41.8316040877031";"km/h"
"1622.1219908";"Distance travelled (total)";"1006.72415804311";"km"
"1622.1226427";"Fuel used";"0.0222341526049258";"l"
"1622.1227962";"Instant engine power (based on fuel consumption)";"0";"hp"
"1622.1407095";"Average fuel consumption (total)";"3.89687439733229";"l/100km"
"1622.1410743";"Average fuel consumption";"4.36649024817308";"l/100km"
"1622.1412426";"Fuel used (total)";"39.230775966541";"l"
"1622.1414112";"Fuel used price";"0.0286820568603543";"€"
"1622.1421355";"Distance to empty";"0";"km"
"1622.1423625";"Average fuel consumption km/l.";"22.9016886140624";"km/l."
"1622.1427022";"Fuel used price (total)";"50.6077009968379";"€"
"1622.1808877";"Absolute pedal position D";"7";"%"
"1622.1808877";"Engine fuel rate";"0";"l/h"
"1622.1808877";"Engine RPM";"1690";"rpm"
"1622.1808877";"Vehicle speed";"43";"km/h"
"1622.1834819";"Calculated instant fuel consumption";"0";"l/100km"
"1622.1836668";"Distance travelled";"0.509997922611111";"km"
"1622.1839468";"Vehicle acceleration";"-2.01243037997101";"m_sec2"
"1622.1853012";"Calculated instant fuel rate";"0";"l/h"
"1622.1879262";"Average speed";"41.8340162430116";"km/h"
"1622.1880922";"Distance travelled (total)";"1006.72495632617";"km"
"1622.1887317";"Fuel used";"0.0222341526049258";"l"
"1622.1889021";"Instant engine power (based on fuel consumption)";"0";"hp"
"1622.2098352";"Average fuel consumption (total)";"3.89687130730379";"l/100km"
"1622.2103216";"Average fuel consumption";"4.35965552390691";"l/100km"
"1622.2105903";"Fuel used (total)";"39.230775966541";"l"
"1622.2108557";"Fuel used price";"0.0286820568603543";"€"
"1622.2131211";"Distance to empty";"0";"km"
"1622.213694";"Average fuel consumption km/l.";"22.9375920761705";"km/l."
"1622.2142565";"Fuel used price (total)";"50.6077009968379";"€"
"1622.2651046";"Absolute pedal position D";"7";"%"
"1622.2651046";"Engine fuel rate";"0";"l/h"
"1622.2651046";"Engine RPM";"1690";"rpm"
"1622.2651046";"Vehicle speed";"43";"km/h"
"1622.2691626";"Calculated instant fuel consumption";"0";"l/100km"
"1622.2695479";"Distance travelled";"0.511023631472222";"km"
"1622.2699805";"Vehicle acceleration";"-2.01243037997101";"m_sec2"
"1622.2721418";"Calculated instant fuel rate";"0";"l/h"
"1622.2749936";"Average speed";"41.8352032390538";"km/h"
"1622.2752645";"Distance travelled (total)";"1006.72598203503";"km"
"1622.2764433";"Fuel used";"0.0222341526049258";"l"
"1622.2767222";"Instant engine power (based on fuel consumption)";"0";"hp"
"1622.2789631";"Average fuel consumption (total)";"3.89686733695287";"l/100km"
"1622.2794213";"Average fuel consumption";"4.35090497495602";"l/100km"
"1622.2796905";"Fuel used (total)";"39.230775966541";"l"
"1622.2799538";"Fuel used price";"0.0286820568603543";"€"
"1622.2809871";"Distance to empty";"0";"km"
"1622.281332";"Average fuel consumption km/l.";"22.983724208091";"km/l."
"1622.2817408";"Fuel used price (total)";"50.6077009968379";"€"
"1622.3614926";"Absolute pedal position D";"7";"%"
"1622.3614926";"Engine fuel rate";"0";"l/h"
"1622.3614926";"Engine RPM";"1684";"rpm"
"1622.3614926";"Vehicle speed";"43";"km/h"
"1622.3657865";"Calculated instant fuel consumption";"0";"l/100km"
"1622.3661507";"Distance travelled";"0.512177425388889";"km"
"1622.3665808";"Vehicle acceleration";"-2.01243037997101";"m_sec2"
"1622.3686454";"Calculated instant fuel rate";"0";"l/h"
"1622.3751114";"Average speed";"41.8344345797198";"km/h"
"1622.3753963";"Distance travelled (total)";"1006.72713582895";"km"
"1622.3766071";"Fuel used";"0.0222341526049258";"l"
"1622.3769014";"Instant engine power (based on fuel consumption)";"0";"hp"
"1622.3953675";"Average fuel consumption (total)";"3.89686287081536";"l/100km"
"1622.3958287";"Average fuel consumption";"4.34110359081987";"l/100km"
"1622.3961769";"Fuel used (total)";"39.230775966541";"l"
"1622.3964531";"Fuel used price";"0.0286820568603543";"€"
"1622.3991616";"Distance to empty";"0";"km"
"1622.3998388";"Average fuel consumption km/l.";"23.0356170747618";"km/l."
"1622.4002945";"Fuel used price (total)";"50.6077009968379";"€"
"1622.4529757";"Absolute pedal position D";"7";"%"
"1622.4529757";"Engine fuel rate";"0";"l/h"
"1622.4529757";"Engine RPM";"1682";"rpm"
"1622.4529757";"Vehicle speed";"43";"km/h"
"1622.4573447";"Calculated instant fuel consumption";"0";"l/100km"
"1622.4576314";"Distance travelled";"0.513270064944444";"km"
"1622.4580512";"Vehicle acceleration";"0";"m_sec2"
"1622.4602526";"Calculated instant fuel rate";"0";"l/h"
"1622.464261";"Average speed";"41.839031108686";"km/h"
"1622.4645268";"Distance travelled (total)";"1006.7282284685";"km"
"1622.4655455";"Fuel used";"0.0222341526049258";"l"
"1622.4658322";"Instant engine power (based on fuel consumption)";"0";"hp"
"1622.4777274";"Average fuel consumption (total)";"3.89685864140528";"l/100km"
"1622.4780172";"Average fuel consumption";"4.33186233203224";"l/100km"
"1622.4781497";"Fuel used (total)";"39.230775966541";"l"
"1622.478278";"Fuel used price";"0.0286820568603543";"€"
"1622.4799387";"Distance to empty";"0";"km"
"1622.4803427";"Average fuel consumption km/l.";"23.0847594718196";"km/l."
"1622.4806873";"Fuel used price (total)";"50.6077009968379";"€"
"1622.5275014";"Absolute pedal position D";"7";"%"
"1622.5275014";"Engine fuel rate";"0";"l/h"
"1622.5275014";"Engine RPM";"1676";"rpm"
"1622.5275014";"Vehicle speed";"43";"km/h"
"1622.5316835";"Calculated instant fuel consumption";"0";"l/100km"
"1622.531957";"Distance travelled";"0.51415777725";"km"
"1622.5328175";"Vehicle acceleration";"0";"m_sec2"
"1622.53571";"Calculated instant fuel rate";"0";"l/h"
"1622.5401326";"Average speed";"41.8395109448492";"km/h"
"1622.5404061";"Distance travelled (total)";"1006.72911618081";"km"
"1622.541584";"Fuel used";"0.0222341526049258";"l"
"1622.5419695";"Instant engine power (based on fuel consumption)";"0";"hp"
"1622.5617177";"Average fuel consumption (total)";"3.89685520523828";"l/100km"
"1622.5622084";"Average fuel consumption";"4.32438321245403";"l/100km"
"1622.5624866";"Fuel used (total)";"39.230775966541";"l"
"1622.5629335";"Fuel used price";"0.0286820568603543";"€"
"1622.5640902";"Distance to empty";"0";"km"
"1622.5644486";"Average fuel consumption km/l.";"23.1246850908135";"km/l."
"1622.5648791";"Fuel used price (total)";"50.6077009968379";"€"
"1622.623327";"Absolute pedal position D";"7";"%"
"1622.623327";"Engine fuel rate";"0";"l/h"
"1622.623327";"Engine RPM";"1673";"rpm"
"1622.623327";"Vehicle speed";"42";"km/h"
"1622.6271512";"Calculated instant fuel consumption";"0";"l/100km"
"1622.6274191";"Distance travelled";"0.515271441083333";"km"
"1622.6278307";"Vehicle acceleration";"-1.63613314982464";"m_sec2"
"1622.6299553";"Calculated instant fuel rate";"0";"l/h"
"1622.6337351";"Average speed";"41.8416080074319";"km/h"
"1622.6340002";"Distance travelled (total)";"1006.73022984464";"km"
"1622.6355279";"Fuel used";"0.0222341526049258";"l"
"1622.6358025";"Instant engine power (based on fuel consumption)";"0";"hp"
"1622.6532012";"Average fuel consumption (total)";"3.89685089446407";"l/100km"
"1622.6536791";"Average fuel consumption";"4.3150368586661";"l/100km"
"1622.6539489";"Fuel used (total)";"39.230775966541";"l"
"1622.6542117";"Fuel used price";"0.0286820568603543";"€"
"1622.6565968";"Distance to empty";"0";"km"
"1622.656832";"Average fuel consumption km/l.";"23.1747730727178";"km/l."
"1622.6570414";"Fuel used price (total)";"50.6077009968379";"€"
"1622.7068095";"Absolute pedal position D";"7";"%"
"1622.7068095";"Engine fuel rate";"0";"l/h"
"1622.7068095";"Engine RPM";"1670";"rpm"
"1622.7068095";"Vehicle speed";"42";"km/h"
"1622.7123505";"Calculated instant fuel consumption";"0";"l/100km"
"1622.7127883";"Distance travelled";"0.516267357916667";"km"
"1622.7133013";"Vehicle acceleration";"-1.63613314982464";"m_sec2"
"1622.7156908";"Calculated instant fuel rate";"0";"l/h"
"1622.7189031";"Average speed";"41.8420982621603";"km/h"
"1622.7191649";"Distance travelled (total)";"1006.73122576147";"km"
"1622.7206792";"Fuel used";"0.0222341526049258";"l"
"1622.7214312";"Instant engine power (based on fuel consumption)";"0";"hp"
"1622.7451599";"Average fuel consumption (total)";"3.89684703947348";"l/100km"
"1622.7456402";"Average fuel consumption";"4.30671284247933";"l/100km"
"1622.7459092";"Fuel used (total)";"39.230775966541";"l"
"1622.7462462";"Fuel used price";"0.0286820568603543";"€"
"1622.7485531";"Distance to empty";"0";"km"
"1622.7489639";"Average fuel consumption km/l.";"23.2195652827485";"km/l."
"1622.7494692";"Fuel used price (total)";"50.6077009968379";"€"
"1622.833682";"Absolute pedal position D";"7";"%"
"1622.833682";"Engine fuel rate";"0";"l/h"
"1622.833682";"Engine RPM";"1664";"rpm"
"1622.833682";"Vehicle speed";"42";"km/h"
"1622.8383667";"Calculated instant fuel consumption";"0";"l/100km"
"1622.8386413";"Distance travelled";"0.517735570583333";"km"
"1622.8390571";"Vehicle acceleration";"-1.63613314982464";"m_sec2"
"1622.8412604";"Calculated instant fuel rate";"0";"l/h"
"1622.8442152";"Average speed";"41.8430495531914";"km/h"
"1622.8444845";"Distance travelled (total)";"1006.73269397414";"km"
"1622.8455276";"Fuel used";"0.0222341526049258";"l"
"1622.8458144";"Instant engine power (based on fuel consumption)";"0";"hp"
"1622.8595478";"Average fuel consumption (total)";"3.89684135633612";"l/100km"
"1622.8598442";"Average fuel consumption";"4.29449971534205";"l/100km"
"1622.8599708";"Fuel used (total)";"39.230775966541";"l"
"1622.8600978";"Fuel used price";"0.0286820568603543";"€"
"1622.8606771";"Distance to empty";"0";"km"
"1622.86084";"Average fuel consumption km/l.";"23.2855994011948";"km/l."
"1622.861035";"Fuel used price (total)";"50.6077009968379";"€"
"1622.9007175";"Absolute pedal position D";"7";"%"
"1622.9007175";"Engine fuel rate";"0";"l/h"
"1622.9007175";"Engine RPM";"1658";"rpm"
"1622.9007175";"Vehicle speed";"42";"km/h"
"1622.9029728";"Calculated instant fuel consumption";"0";"l/100km"
"1622.9031056";"Distance travelled";"0.518487656416667";"km"
"1622.9033311";"Vehicle acceleration";"-1.63613314982464";"m_sec2"
"1622.9043134";"Calculated instant fuel rate";"0";"l/h"
"1622.9063506";"Average speed";"41.8453865405479";"km/h"
"1622.906474";"Distance travelled (total)";"1006.73344605997";"km"
"1622.9069465";"Fuel used";"0.0222341526049258";"l"
"1622.9070715";"Instant engine power (based on fuel consumption)";"0";"hp"
"1622.9256288";"Average fuel consumption (total)";"3.89683844517906";"l/100km"
"1622.9258976";"Average fuel consumption";"4.28827038209334";"l/100km"
"1622.9261345";"Fuel used (total)";"39.230775966541";"l"
"1622.9263079";"Fuel used price";"0.0286820568603543";"€"
"1622.9278574";"Distance to empty";"0";"km"
"1622.9281759";"Average fuel consumption km/l.";"23.3194251037838";"km/l."
"1622.9284708";"Fuel used price (total)";"50.6077009968379";"€"
"1622.9775577";"Absolute pedal position D";"7";"%"
"1622.9775577";"Engine fuel rate";"0";"l/h"
"1622.9775577";"Engine RPM";"1652";"rpm"
"1622.9775577";"Vehicle speed";"42";"km/h"
"1622.9814715";"Calculated instant fuel consumption";"0";"l/100km"
"1622.9817503";"Distance travelled";"0.519405074083333";"km"
"1622.9821804";"Vehicle acceleration";"-1.63613314982464";"m_sec2"
"1622.9843969";"Calculated instant fuel rate";"0";"l/h"
"1622.9897317";"Average speed";"41.8412884097179";"km/h"
"1622.9902302";"Distance travelled (total)";"1006.73436347764";"km"
"1622.9912808";"Fuel used";"0.0222341526049258";"l"
"1622.9915522";"Instant engine power (based on fuel consumption)";"0";"hp"
"1623.0086411";"Average fuel consumption (total)";"3.89683489406512";"l/100km"
"1623.0089205";"Average fuel consumption";"4.28069607216786";"l/100km"
"1623.0090449";"Fuel used (total)";"39.230775966541";"l"
"1623.0091736";"Fuel used price";"0.0286820568603543";"€"
"1623.0114577";"Distance to empty";"0";"km"
"1623.0118107";"Average fuel consumption km/l.";"23.3606867467602";"km/l."
"1623.0120593";"Fuel used price (total)";"50.6077009968379";"€"
"1623.04434";"Absolute pedal position D";"7";"%"
"1623.04434";"Engine fuel rate";"0";"l/h"
"1623.04434";"Engine RPM";"1652";"rpm"
"1623.04434";"Vehicle speed";"42";"km/h"
"1623.0463345";"Calculated instant fuel consumption";"0";"l/100km"
"1623.046474";"Distance travelled";"0.520160195583333";"km"
"1623.0466827";"Vehicle acceleration";"-1.63613314982464";"m_sec2"
"1623.047661";"Calculated instant fuel rate";"0";"l/h"
"1623.049091";"Average speed";"41.8464555671529";"km/h"
"1623.0492374";"Distance travelled (total)";"1006.73511859914";"km"
"1623.0498582";"Fuel used";"0.0222341526049258";"l"
"1623.0499888";"Instant engine power (based on fuel consumption)";"0";"hp"
"1623.0512142";"Average fuel consumption (total)";"3.89683197116737";"l/100km"
"1623.0514077";"Average fuel consumption";"4.2744817449923";"l/100km"
"1623.0515325";"Fuel used (total)";"39.230775966541";"l"
"1623.0516594";"Fuel used price";"0.0286820568603543";"€"
"1623.0522565";"Distance to empty";"0";"km"
"1623.0524181";"Average fuel consumption km/l.";"23.3946489810498";"km/l."
"1623.0526607";"Fuel used price (total)";"50.6077009968379";"€"
"1623.1116625";"Absolute pedal position D";"7";"%"
"1623.1116625";"Engine fuel rate";"0";"l/h"
"1623.1116625";"Engine RPM";"1646";"rpm"
"1623.1116625";"Vehicle speed";"42";"km/h"
"1623.1157391";"Calculated instant fuel consumption";"0";"l/100km"
"1623.1162047";"Distance travelled";"0.52097362825";"km"
"1623.1167503";"Vehicle acceleration";"-1.63613314982464";"m_sec2"
"1623.1195293";"Calculated instant fuel rate";"0";"l/h"
"1623.1236207";"Average speed";"41.8422848779713";"km/h"
"1623.1238965";"Distance travelled (total)";"1006.73593203181";"km"
"1623.1249322";"Fuel used";"0.0222341526049258";"l"
"1623.1252079";"Instant engine power (based on fuel consumption)";"0";"hp"
"1623.1463707";"Average fuel consumption (total)";"3.89682882256572";"l/100km"
"1623.1468908";"Average fuel consumption";"4.26780769683342";"l/100km"
"1623.1471652";"Fuel used (total)";"39.230775966541";"l"
"1623.1474364";"Fuel used price";"0.0286820568603543";"€"
"1623.1511758";"Distance to empty";"0";"km"
"1623.1517489";"Average fuel consumption km/l.";"23.4312338098544";"km/l."
"1623.1522109";"Fuel used price (total)";"50.6077009968379";"€"
"1623.1802586";"Absolute pedal position D";"7";"%"
"1623.1802586";"Engine fuel rate";"0";"l/h"
"1623.1802586";"Engine RPM";"1641";"rpm"
"1623.1802586";"Vehicle speed";"42";"km/h"
"1623.1839932";"Calculated instant fuel consumption";"0";"l/100km"
"1623.1842709";"Distance travelled";"0.521767674416667";"km"
"1623.184733";"Vehicle acceleration";"0";"m_sec2"
"1623.1872582";"Calculated instant fuel rate";"0";"l/h"
"1623.1914596";"Average speed";"41.8427319444637";"km/h"
"1623.1917298";"Distance travelled (total)";"1006.73672607797";"km"
"1623.1928017";"Fuel used";"0.0222341526049258";"l"
"1623.1931583";"Instant engine power (based on fuel consumption)";"0";"hp"
"1623.2127891";"Average fuel consumption (total)";"3.89682574900944";"l/100km"
"1623.214253";"Average fuel consumption";"4.26131278251062";"l/100km"
"1623.2146313";"Fuel used (total)";"39.230775966541";"l"
"1623.2149085";"Fuel used price";"0.0286820568603543";"€"
"1623.2170976";"Distance to empty";"0";"km"
"1623.2175023";"Average fuel consumption km/l.";"23.4669467142666";"km/l."
"1623.2179366";"Fuel used price (total)";"50.6077009968379";"€"
"1623.2614148";"Absolute pedal position D";"7";"%"
"1623.2614148";"Engine fuel rate";"0";"l/h"
"1623.2614148";"Engine RPM";"1639";"rpm"
"1623.2614148";"Vehicle speed";"42";"km/h"
"1623.2655678";"Calculated instant fuel consumption";"0";"l/100km"
"1623.2663201";"Distance travelled";"0.522724836916667";"km"
"1623.2669273";"Vehicle acceleration";"0";"m_sec2"
"1623.2693433";"Calculated instant fuel rate";"0";"l/h"
"1623.2738832";"Average speed";"41.8426750614568";"km/h"
"1623.2743401";"Distance travelled (total)";"1006.73768324047";"km"
"1623.2755666";"Fuel used";"0.0222341526049258";"l"
"1623.2758863";"Instant engine power (based on fuel consumption)";"0";"hp"
"1623.2929296";"Average fuel consumption (total)";"3.89682204407662";"l/100km"
"1623.2931978";"Average fuel consumption";"4.2535098841057";"l/100km"
"1623.2933236";"Fuel used (total)";"39.230775966541";"l"
"1623.2934515";"Fuel used price";"0.0286820568603543";"€"
"1623.2945079";"Distance to empty";"0";"km"
"1623.2946809";"Average fuel consumption km/l.";"23.5099959150618";"km/l."
"1623.2948917";"Fuel used price (total)";"50.6077009968379";"€"
"1623.3660062";"Absolute pedal position D";"7";"%"
"1623.3660062";"Engine fuel rate";"0";"l/h"
"1623.3660062";"Engine RPM";"1633";"rpm"
"1623.3660062";"Vehicle speed";"42";"km/h"
"1623.370502";"Calculated instant fuel consumption";"0";"l/100km"
"1623.3707805";"Distance travelled";"0.523943487916667";"km"
"1623.3712448";"Vehicle acceleration";"0";"m_sec2"
"1623.3735908";"Calculated instant fuel rate";"0";"l/h"
"1623.3798527";"Average speed";"41.8416452660968";"km/h"
"1623.3801251";"Distance travelled (total)";"1006.73890189147";"km"
"1623.3812132";"Fuel used";"0.0222341526049258";"l"
"1623.3814812";"Instant engine power (based on fuel consumption)";"0";"hp"
"1623.4010808";"Average fuel consumption (total)";"3.89681732699847";"l/100km"
"1623.4020863";"Average fuel consumption";"4.2436165574525";"l/100km"
"1623.4029861";"Fuel used (total)";"39.230775966541";"l"
"1623.4034485";"Fuel used price";"0.0286820568603543";"€"
"1623.4058592";"Distance to empty";"0";"km"
"1623.4064413";"Average fuel consumption km/l.";"23.5648057844395";"km/l."
"1623.4068738";"Fuel used price (total)";"50.6077009968379";"€"
"1623.4498626";"Absolute pedal position D";"7";"%"
"1623.4498626";"Engine fuel rate";"0";"l/h"
"1623.4498626";"Engine RPM";"1624";"rpm"
"1623.4498626";"Vehicle speed";"41";"km/h"
"1623.454407";"Calculated instant fuel consumption";"0";"l/100km"
"1623.4546917";"Distance travelled";"0.524899065805555";"km"
"1623.4555956";"Vehicle acceleration";"-1.02555140822566";"m_sec2"
"1623.458108";"Calculated instant fuel rate";"0";"l/h"
"1623.4624005";"Average speed";"41.8413206849639";"km/h"
"1623.4627561";"Distance travelled (total)";"1006.73985746936";"km"
"1623.4644682";"Fuel used";"0.0222341526049258";"l"
"1623.4647446";"Instant engine power (based on fuel consumption)";"0";"hp"
"1623.4864274";"Average fuel consumption (total)";"3.89681362821527";"l/100km"
"1623.4872034";"Average fuel consumption";"4.23589106046576";"l/100km"
"1623.4879322";"Fuel used (total)";"39.230775966541";"l"
"1623.4881249";"Fuel used price";"0.0286820568603543";"€"
"1623.4901564";"Distance to empty";"0";"km"
"1623.490472";"Average fuel consumption km/l.";"23.6077837159968";"km/l."
"1623.4907197";"Fuel used price (total)";"50.6077009968379";"€"
"1623.5317596";"Absolute pedal position D";"7";"%"
"1623.5317596";"Engine fuel rate";"0";"l/h"
"1623.5317596";"Engine RPM";"1626";"rpm"
"1623.5317596";"Vehicle speed";"41";"km/h"
"1623.5333297";"Calculated instant fuel consumption";"0";"l/100km"
"1623.5334363";"Distance travelled";"0.525795907777778";"km"
"1623.5336326";"Vehicle acceleration";"-1.02555140822566";"m_sec2"
"1623.5344891";"Calculated instant fuel rate";"0";"l/h"
"1623.5373585";"Average speed";"41.8433580435987";"km/h"
"1623.5374609";"Distance travelled (total)";"1006.74075431133";"km"
"1623.537868";"Fuel used";"0.0222341526049258";"l"
"1623.5379757";"Instant engine power (based on fuel consumption)";"0";"hp"
"1623.5421566";"Average fuel consumption (total)";"3.89681015678928";"l/100km"
"1623.5423729";"Average fuel consumption";"4.22866596640057";"l/100km"
"1623.5424943";"Fuel used (total)";"39.230775966541";"l"
"1623.5426702";"Fuel used price";"0.0286820568603543";"€"
"1623.5431852";"Distance to empty";"0";"km"
"1623.5433119";"Average fuel consumption km/l.";"23.6481199495452";"km/l."
"1623.5434712";"Fuel used price (total)";"50.6077009968379";"€"
"1623.607768";"Absolute pedal position D";"7";"%"
"1623.607768";"Engine fuel rate";"0";"l/h"
"1623.607768";"Engine RPM";"1619";"rpm"
"1623.607768";"Vehicle speed";"41";"km/h"
"1623.611594";"Calculated instant fuel consumption";"0";"l/100km"
"1623.6118652";"Distance travelled";"0.526689026722222";"km"
"1623.6123355";"Vehicle acceleration";"-1.02555140822566";"m_sec2"
"1623.6146814";"Calculated instant fuel rate";"0";"l/h"
"1623.61901";"Average speed";"41.8389174780924";"km/h"
"1623.619361";"Distance travelled (total)";"1006.74164743028";"km"
"1623.6204453";"Fuel used";"0.0222341526049258";"l"
"1623.6207176";"Instant engine power (based on fuel consumption)";"0";"hp"
"1623.633754";"Average fuel consumption (total)";"3.89680669978024";"l/100km"
"1623.6342195";"Average fuel consumption";"4.22149531827102";"l/100km"
"1623.6345019";"Fuel used (total)";"39.230775966541";"l"
"1623.6348211";"Fuel used price";"0.0286820568603543";"€"
"1623.6369819";"Distance to empty";"0";"km"
"1623.6372365";"Average fuel consumption km/l.";"23.68828873674";"km/l."
"1623.6374752";"Fuel used price (total)";"50.6077009968379";"€"
"1623.6817883";"Absolute pedal position D";"7";"%"
"1623.6817883";"Engine fuel rate";"0";"l/h"
"1623.6817883";"Engine RPM";"1616";"rpm"
"1623.6817883";"Vehicle speed";"41";"km/h"
"1623.685564";"Calculated instant fuel consumption";"0";"l/100km"
"1623.6858475";"Distance travelled";"0.527531532305555";"km"
"1623.6864414";"Vehicle acceleration";"-1.02555140822566";"m_sec2"
"1623.6887633";"Calculated instant fuel rate";"0";"l/h"
"1623.6948553";"Average speed";"41.8358379724132";"km/h"
"1623.6951594";"Distance travelled (total)";"1006.74248993586";"km"
"1623.6966813";"Fuel used";"0.0222341526049258";"l"
"1623.6970243";"Instant engine power (based on fuel consumption)";"0";"hp"
"1623.7145858";"Average fuel consumption (total)";"3.89680343868673";"l/100km"
"1623.7150457";"Average fuel consumption";"4.21475328834891";"l/100km"
"1623.7153126";"Fuel used (total)";"39.230775966541";"l"
"1623.7156373";"Fuel used price";"0.0286820568603543";"€"
"1623.7197442";"Distance to empty";"0";"km"
"1623.7206371";"Average fuel consumption km/l.";"23.7261811447982";"km/l."
"1623.7211194";"Fuel used price (total)";"50.6077009968379";"€"
"1623.7490287";"Absolute pedal position D";"7";"%"
"1623.7490287";"Engine fuel rate";"0";"l/h"
"1623.7490287";"Engine RPM";"1612";"rpm"
"1623.7490287";"Vehicle speed";"41";"km/h"
"1623.7533319";"Calculated instant fuel consumption";"0";"l/100km"
"1623.7536109";"Distance travelled";"0.528303233166667";"km"
"1623.7540856";"Vehicle acceleration";"-1.02555140822566";"m_sec2"
"1623.7565191";"Calculated instant fuel rate";"0";"l/h"
"1623.7608649";"Average speed";"41.8362478068264";"km/h"
"1623.7611334";"Distance travelled (total)";"1006.74326163672";"km"
"1623.7622657";"Fuel used";"0.0222341526049258";"l"
"1623.7625386";"Instant engine power (based on fuel consumption)";"0";"hp"
"1623.784301";"Average fuel consumption (total)";"3.89680045166245";"l/100km"
"1623.7849373";"Average fuel consumption";"4.20859673177724";"l/100km"
"1623.7852037";"Fuel used (total)";"39.230775966541";"l"
"1623.7855461";"Fuel used price";"0.0286820568603543";"€"
"1623.7878777";"Distance to empty";"0";"km"
"1623.7882451";"Average fuel consumption km/l.";"23.7608890500115";"km/l."
"1623.7886762";"Fuel used price (total)";"50.6077009968379";"€"
"1623.8539685";"Absolute pedal position D";"7";"%"
"1623.8539685";"Engine fuel rate";"0";"l/h"
"1623.8539685";"Engine RPM";"1606";"rpm"
"1623.8539685";"Vehicle speed";"41";"km/h"
"1623.8586759";"Calculated instant fuel consumption";"0";"l/100km"
"1623.8590303";"Distance travelled";"0.529502976305555";"km"
"1623.8598211";"Vehicle acceleration";"-1.02555140822566";"m_sec2"
"1623.8624953";"Calculated instant fuel rate";"0";"l/h"
"1623.8658701";"Average speed";"41.8345699985842";"km/h"
"1623.8663894";"Distance travelled (total)";"1006.74446137986";"km"
"1623.8676869";"Fuel used";"0.0222341526049258";"l"
"1623.8681058";"Instant engine power (based on fuel consumption)";"0";"hp"
"1623.8816";"Average fuel consumption (total)";"3.89679580782304";"l/100km"
"1623.8832739";"Average fuel consumption";"4.19906093069727";"l/100km"
"1623.8835495";"Fuel used (total)";"39.230775966541";"l"
"1623.8837304";"Fuel used price";"0.0286820568603543";"€"
"1623.884398";"Distance to empty";"0";"km"
"1623.8845704";"Average fuel consumption km/l.";"23.8148485221896";"km/l."
"1623.8847778";"Fuel used price (total)";"50.6077009968379";"€"
"1623.9221401";"Absolute pedal position D";"7";"%"
"1623.9221401";"Engine fuel rate";"0";"l/h"
"1623.9221401";"Engine RPM";"1602";"rpm"
"1623.9221401";"Vehicle speed";"41";"km/h"
"1623.9258604";"Calculated instant fuel consumption";"0";"l/100km"
"1623.926206";"Distance travelled";"0.530268777722222";"km"
"1623.9266735";"Vehicle acceleration";"-1.02555140822566";"m_sec2"
"1623.9289563";"Calculated instant fuel rate";"0";"l/h"
"1623.9329747";"Average speed";"41.8334540030189";"km/h"
"1623.9332509";"Distance travelled (total)";"1006.74522718128";"km"
"1623.9345363";"Fuel used";"0.0222341526049258";"l"
"1623.9348147";"Instant engine power (based on fuel consumption)";"0";"hp"
"1623.9488303";"Average fuel consumption (total)";"3.89679284364534";"l/100km"
"1623.9493632";"Average fuel consumption";"4.19299674788189";"l/100km"
"1623.9496333";"Fuel used (total)";"39.230775966541";"l"
"1623.9499528";"Fuel used price";"0.0286820568603543";"€"
"1623.9511682";"Distance to empty";"0";"km"
"1623.9515368";"Average fuel consumption km/l.";"23.8492910948513";"km/l."
"1623.951962";"Fuel used price (total)";"50.6077009968379";"€"
"1624.0036351";"Absolute pedal position D";"7";"%"
"1624.0036351";"Engine fuel rate";"0";"l/h"
"1624.0036351";"Engine RPM";"1599";"rpm"
"1624.0036351";"Vehicle speed";"41";"km/h"
"1624.0078709";"Calculated instant fuel consumption";"0";"l/100km"
"1624.0081326";"Distance travelled";"0.531201766888889";"km"
"1624.0085999";"Vehicle acceleration";"0";"m_sec2"
"1624.0109704";"Calculated instant fuel rate";"0";"l/h"
"1624.0153115";"Average speed";"41.831587096274";"km/h"
"1624.0155675";"Distance travelled (total)";"1006.74616017045";"km"
"1624.0170357";"Fuel used";"0.0222341526049258";"l"
"1624.0173329";"Instant engine power (based on fuel consumption)";"0";"hp"
"1624.0348602";"Average fuel consumption (total)";"3.89678923234226";"l/100km"
"1624.0354764";"Average fuel consumption";"4.18563227587617";"l/100km"
"1624.035813";"Fuel used (total)";"39.230775966541";"l"
"1624.0364902";"Fuel used price";"0.0286820568603543";"€"
"1624.0378611";"Distance to empty";"0";"km"
"1624.038223";"Average fuel consumption km/l.";"23.8912530793373";"km/l."
"1624.0386608";"Fuel used price (total)";"50.6077009968379";"€"
"1624.1104194";"Absolute pedal position D";"7";"%"
"1624.1104194";"Engine fuel rate";"0";"l/h"
"1624.1104194";"Engine RPM";"1596";"rpm"
"1624.1104194";"Vehicle speed";"40";"km/h"
"1624.1149984";"Calculated instant fuel consumption";"0";"l/100km"
"1624.1152622";"Distance travelled";"0.532392032444444";"km"
"1624.1157501";"Vehicle acceleration";"-2.59254074177776";"m_sec2"
"1624.118262";"Calculated instant fuel rate";"0";"l/h"
"1624.1234934";"Average speed";"41.8263521091576";"km/h"
"1624.1237664";"Distance travelled (total)";"1006.747350436";"km"
"1624.1255083";"Fuel used";"0.0222341526049258";"l"
"1624.125781";"Instant engine power (based on fuel consumption)";"0";"hp"
"1624.1420829";"Average fuel consumption (total)";"3.89678462521417";"l/100km"
"1624.1424477";"Average fuel consumption";"4.17627448383085";"l/100km"
"1624.1426486";"Fuel used (total)";"39.230775966541";"l"
"1624.1428529";"Fuel used price";"0.0286820568603543";"€"
"1624.1437478";"Distance to empty";"0";"km"
"1624.144051";"Average fuel consumption km/l.";"23.9447862891117";"km/l."
"1624.1442962";"Fuel used price (total)";"50.6077009968379";"€"
"1624.1847766";"Absolute pedal position D";"7";"%"
"1624.1847766";"Engine fuel rate";"0";"l/h"
"1624.1847766";"Engine RPM";"1592";"rpm"
"1624.1847766";"Vehicle speed";"40";"km/h"
"1624.1887715";"Calculated instant fuel consumption";"0";"l/100km"
"1624.1890299";"Distance travelled";"0.533211618";"km"
"1624.1896166";"Vehicle acceleration";"-2.59254074177776";"m_sec2"
"1624.1919002";"Calculated instant fuel rate";"0";"l/h"
"1624.1964386";"Average speed";"41.8241538420409";"km/h"
"1624.1967212";"Distance travelled (total)";"1006.74817002156";"km"
"1624.1978232";"Fuel used";"0.0222341526049258";"l"
"1624.1980914";"Instant engine power (based on fuel consumption)";"0";"hp"
"1624.2164001";"Average fuel consumption (total)";"3.89678145287327";"l/100km"
"1624.2168445";"Average fuel consumption";"4.16985524215";"l/100km"
"1624.2171078";"Fuel used (total)";"39.230775966541";"l"
"1624.2174342";"Fuel used price";"0.0286820568603543";"€"
"1624.2194089";"Distance to empty";"0";"km"
"1624.219815";"Average fuel consumption km/l.";"23.9816478493482";"km/l."
"1624.2202305";"Fuel used price (total)";"50.6077009968379";"€"
"1624.2504377";"Absolute pedal position D";"7";"%"
"1624.2504377";"Engine fuel rate";"0";"l/h"
"1624.2504377";"Engine RPM";"1586";"rpm"
"1624.2504377";"Vehicle speed";"40";"km/h"
"1624.254192";"Calculated instant fuel consumption";"0";"l/100km"
"1624.2543473";"Distance travelled";"0.533937289111111";"km"
"1624.2546735";"Vehicle acceleration";"-2.59254074177776";"m_sec2"
"1624.2561711";"Calculated instant fuel rate";"0";"l/h"
"1624.2600755";"Average speed";"41.8230216865783";"km/h"
"1624.2601964";"Distance travelled (total)";"1006.74889569267";"km"
"1624.2607057";"Fuel used";"0.0222341526049258";"l"
"1624.2608321";"Instant engine power (based on fuel consumption)";"0";"hp"
"1624.2830695";"Average fuel consumption (total)";"3.89677864404801";"l/100km"
"1624.2835518";"Average fuel consumption";"4.16418801577631";"l/100km"
"1624.2838212";"Fuel used (total)";"39.230775966541";"l"
"1624.284146";"Fuel used price";"0.0286820568603543";"€"
"1624.2880064";"Distance to empty";"0";"km"
"1624.2884441";"Average fuel consumption km/l.";"24.0142855272488";"km/l."
"1624.2888817";"Fuel used price (total)";"50.6077009968379";"€"
"1624.3433064";"Absolute pedal position D";"7";"%"
"1624.3433064";"Engine fuel rate";"0";"l/h"
"1624.3433064";"Engine RPM";"1582";"rpm"
"1624.3433064";"Vehicle speed";"40";"km/h"
"1624.3479914";"Calculated instant fuel consumption";"0";"l/100km"
"1624.3482602";"Distance travelled";"0.534980734666667";"km"
"1624.3487425";"Vehicle acceleration";"-2.59254074177776";"m_sec2"
"1624.3511521";"Calculated instant fuel rate";"0";"l/h"
"1624.355377";"Average speed";"41.8181012282892";"km/h"
"1624.3557298";"Distance travelled (total)";"1006.74993913822";"km"
"1624.3570878";"Fuel used";"0.0222341526049258";"l"
"1624.3573724";"Instant engine power (based on fuel consumption)";"0";"hp"
"1624.3695371";"Average fuel consumption (total)";"3.89677460523341";"l/100km"
"1624.3700092";"Average fuel consumption";"4.15606603456092";"l/100km"
"1624.3702745";"Fuel used (total)";"39.230775966541";"l"
"1624.370607";"Fuel used price";"0.0286820568603543";"€"
"1624.3733999";"Distance to empty";"0";"km"
"1624.3738977";"Average fuel consumption km/l.";"24.061215382148";"km/l."
"1624.3743259";"Fuel used price (total)";"50.6077009968379";"€"
"1624.4090956";"Absolute pedal position D";"7";"%"
"1624.4090956";"Engine fuel rate";"0";"l/h"
"1624.4090956";"Engine RPM";"1578";"rpm"
"1624.4090956";"Vehicle speed";"40";"km/h"
"1624.4137902";"Calculated instant fuel consumption";"0";"l/100km"
"1624.4140523";"Distance travelled";"0.535711693555555";"km"
"1624.4145317";"Vehicle acceleration";"-2.59254074177776";"m_sec2"
"1624.417016";"Calculated instant fuel rate";"0";"l/h"
"1624.4213909";"Average speed";"41.8152996441879";"km/h"
"1624.4216484";"Distance travelled (total)";"1006.75067009711";"km"
"1624.4227891";"Fuel used";"0.0222341526049258";"l"
"1624.4230994";"Instant engine power (based on fuel consumption)";"0";"hp"
"1624.4346246";"Average fuel consumption (total)";"3.89677177595092";"l/100km"
"1624.4351998";"Average fuel consumption";"4.15039523542154";"l/100km"
"1624.4354996";"Fuel used (total)";"39.230775966541";"l"
"1624.4358868";"Fuel used price";"0.0286820568603543";"€"
"1624.438893";"Distance to empty";"0";"km"
"1624.44012";"Average fuel consumption km/l.";"24.0940908823695";"km/l."
"1624.4403994";"Fuel used price (total)";"50.6077009968379";"€"
"1624.5300595";"Absolute pedal position D";"7";"%"
"1624.5300595";"Engine fuel rate";"0";"l/h"
"1624.5300595";"Engine RPM";"1574";"rpm"
"1624.5300595";"Vehicle speed";"40";"km/h"
"1624.5339523";"Calculated instant fuel consumption";"0";"l/100km"
"1624.5342224";"Distance travelled";"0.537046859111111";"km"
"1624.5346919";"Vehicle acceleration";"-2.59254074177776";"m_sec2"
"1624.5371791";"Calculated instant fuel rate";"0";"l/h"
"1624.541228";"Average speed";"41.8108824023182";"km/h"
"1624.5414811";"Distance travelled (total)";"1006.75200526267";"km"
"1624.5429154";"Fuel used";"0.0222341526049258";"l"
"1624.5433005";"Instant engine power (based on fuel consumption)";"0";"hp"
"1624.5704678";"Average fuel consumption (total)";"3.89676660800944";"l/100km"
"1624.5710033";"Average fuel consumption";"4.14007683458507";"l/100km"
"1624.5713887";"Fuel used (total)";"39.230775966541";"l"
"1624.5719444";"Fuel used price";"0.0286820568603543";"€"
"1624.574413";"Distance to empty";"0";"km"
"1624.5749512";"Average fuel consumption km/l.";"24.1541410933796";"km/l."
"1624.5755993";"Fuel used price (total)";"50.6077009968379";"€"
"1624.6116712";"Absolute pedal position D";"7";"%"
"1624.6116712";"Engine fuel rate";"0";"l/h"
"1624.6116712";"Engine RPM";"1564";"rpm"
"1624.6116712";"Vehicle speed";"40";"km/h"
"1624.615477";"Calculated instant fuel consumption";"0";"l/100km"
"1624.6157393";"Distance travelled";"0.537952545777778";"km"
"1624.6163813";"Vehicle acceleration";"0";"m_sec2"
"1624.6186698";"Calculated instant fuel rate";"0";"l/h"
"1624.6223074";"Average speed";"41.8080783536267";"km/h"
"1624.622561";"Distance travelled (total)";"1006.75291094933";"km"
"1624.6242918";"Fuel used";"0.0222341526049258";"l"
"1624.6248326";"Instant engine power (based on fuel consumption)";"0";"hp"
"1624.6364753";"Average fuel consumption (total)";"3.89676310243273";"l/100km"
"1624.6368063";"Average fuel consumption";"4.13310668002871";"l/100km"
"1624.6369384";"Fuel used (total)";"39.230775966541";"l"
"1624.6370933";"Fuel used price";"0.0286820568603543";"€"
"1624.6377371";"Distance to empty";"0";"km"
"1624.6379117";"Average fuel consumption km/l.";"24.1948751246134";"km/l."
"1624.638112";"Fuel used price (total)";"50.6077009968379";"€"
"1624.6866466";"Absolute pedal position D";"7";"%"
"1624.6866466";"Engine fuel rate";"0";"l/h"
"1624.6866466";"Engine RPM";"1543";"rpm"
"1624.6866466";"Vehicle speed";"40";"km/h"
"1624.6907133";"Calculated instant fuel consumption";"0";"l/100km"
"1624.6911535";"Distance travelled";"0.538790419111111";"km"
"1624.6916391";"Vehicle acceleration";"0";"m_sec2"
"1624.6944727";"Calculated instant fuel rate";"0";"l/h"
"1624.7013194";"Average speed";"41.801904028175";"km/h"
"1624.7015751";"Distance travelled (total)";"1006.75374882267";"km"
"1624.7027387";"Fuel used";"0.0222341526049258";"l"
"1624.7030074";"Instant engine power (based on fuel consumption)";"0";"hp"
"1624.7181826";"Average fuel consumption (total)";"3.89675985934186";"l/100km"
"1624.7184786";"Average fuel consumption";"4.12667928312597";"l/100km"
"1624.7186057";"Fuel used (total)";"39.230775966541";"l"
"1624.718777";"Fuel used price";"0.0286820568603543";"€"
"1624.7202851";"Distance to empty";"0";"km"
"1624.7207622";"Average fuel consumption km/l.";"24.2325591932722";"km/l."
"1624.7210129";"Fuel used price (total)";"50.6077009968379";"€"
"1624.8364919";"Absolute pedal position D";"7";"%"
"1624.8364919";"Engine fuel rate";"0";"l/h"
"1624.8364919";"Engine RPM";"1540";"rpm"
"1624.8364919";"Vehicle speed";"39";"km/h"
"1624.8413591";"Calculated instant fuel consumption";"0";"l/100km"
"1624.8416339";"Distance travelled";"0.540420564944444";"km"
"1624.8421337";"Vehicle acceleration";"-1.23053175707137";"m_sec2"
"1624.8449175";"Calculated instant fuel rate";"0";"l/h"
"1624.8510954";"Average speed";"41.7934826482359";"km/h"
"1624.8513736";"Distance travelled (total)";"1006.7553789685";"km"
"1624.8532141";"Fuel used";"0.0222341526049258";"l"
"1624.8535244";"Instant engine power (based on fuel consumption)";"0";"hp"
"1624.8688792";"Average fuel consumption (total)";"3.89675354967917";"l/100km"
"1624.8692087";"Average fuel consumption";"4.11423140553719";"l/100km"
"1624.8694235";"Fuel used (total)";"39.230775966541";"l"
"1624.8696181";"Fuel used price";"0.0286820568603543";"€"
"1624.870272";"Distance to empty";"0";"km"
"1624.870435";"Average fuel consumption km/l.";"24.3058763941702";"km/l."
"1624.8706736";"Fuel used price (total)";"50.6077009968379";"€"
"1624.9335661";"Absolute pedal position D";"7";"%"
"1624.9335661";"Engine fuel rate";"0";"l/h"
"1624.9335661";"Engine RPM";"1529";"rpm"
"1624.9335661";"Vehicle speed";"39";"km/h"
"1624.937418";"Calculated instant fuel consumption";"0";"l/100km"
"1624.9376744";"Distance travelled";"0.541460948444444";"km"
"1624.9381808";"Vehicle acceleration";"-1.23053175707137";"m_sec2"
"1624.9405389";"Calculated instant fuel rate";"0";"l/h"
"1624.9453583";"Average speed";"41.78930139452";"km/h"
"1624.9456134";"Distance travelled (total)";"1006.756419352";"km"
"1624.9469069";"Fuel used";"0.0222341526049258";"l"
"1624.9471758";"Instant engine power (based on fuel consumption)";"0";"hp"
"1624.9689763";"Average fuel consumption (total)";"3.89674952276857";"l/100km"
"1624.9695272";"Average fuel consumption";"4.10632616605168";"l/100km"
"1624.9698126";"Fuel used (total)";"39.230775966541";"l"
"1624.9702803";"Fuel used price";"0.0286820568603543";"€"
"1624.9718394";"Distance to empty";"0";"km"
"1624.9723369";"Average fuel consumption km/l.";"24.352668530506";"km/l."
"1624.9728413";"Fuel used price (total)";"50.6077009968379";"€"
"1625.0086669";"Absolute pedal position D";"7";"%"
"1625.0086669";"Engine fuel rate";"0";"l/h"
"1625.0086669";"Engine RPM";"1502";"rpm"
"1625.0086669";"Vehicle speed";"38";"km/h"
"1625.0122939";"Calculated instant fuel consumption";"0";"l/100km"
"1625.0125638";"Distance travelled";"0.542251397";"km"
"1625.0131207";"Vehicle acceleration";"-1.62440295069547";"m_sec2"
"1625.0154011";"Calculated instant fuel rate";"0";"l/h"
"1625.0194053";"Average speed";"41.7840841684813";"km/h"
"1625.0196858";"Distance travelled (total)";"1006.75720980056";"km"
"1625.0212108";"Fuel used";"0.0222341526049258";"l"
"1625.0215226";"Instant engine power (based on fuel consumption)";"0";"hp"
"1625.0423273";"Average fuel consumption (total)";"3.89674646326227";"l/100km"
"1625.0428457";"Average fuel consumption";"4.10034030856094";"l/100km"
"1625.0431386";"Fuel used (total)";"39.230775966541";"l"
"1625.0434645";"Fuel used price";"0.0286820568603543";"€"
"1625.0447108";"Distance to empty";"0";"km"
"1625.045053";"Average fuel consumption km/l.";"24.3882196292864";"km/l."
"1625.0463416";"Fuel used price (total)";"50.6077009968379";"€"
"1625.0910927";"Absolute pedal position D";"7";"%"
"1625.0910927";"Engine fuel rate";"0";"l/h"
"1625.0910927";"Engine RPM";"1490";"rpm"
"1625.0910927";"Vehicle speed";"38";"km/h"
"1625.0954027";"Calculated instant fuel consumption";"0";"l/100km"
"1625.0962344";"Distance travelled";"0.543134501166667";"km"
"1625.0967381";"Vehicle acceleration";"-1.62440295069547";"m_sec2"
"1625.0993332";"Calculated instant fuel rate";"0";"l/h"
"1625.1033333";"Average speed";"41.7769802342841";"km/h"
"1625.1036446";"Distance travelled (total)";"1006.75809290472";"km"
"1625.1047307";"Fuel used";"0.0222341526049258";"l"
"1625.105023";"Instant engine power (based on fuel consumption)";"0";"hp"
"1625.1208284";"Average fuel consumption (total)";"3.89674304512929";"l/100km"
"1625.1212986";"Average fuel consumption";"4.09367340081808";"l/100km"
"1625.1215626";"Fuel used (total)";"39.230775966541";"l"
"1625.1218899";"Fuel used price";"0.0286820568603543";"€"
"1625.1231563";"Distance to empty";"0";"km"
"1625.1240714";"Average fuel consumption km/l.";"24.4279379932986";"km/l."
"1625.1245097";"Fuel used price (total)";"50.6077009968379";"€"
"1625.1656416";"Absolute pedal position D";"7";"%"
"1625.1656416";"Engine fuel rate";"0";"l/h"
"1625.1656416";"Engine RPM";"1470";"rpm"
"1625.1656416";"Vehicle speed";"37";"km/h"
"1625.1684925";"Calculated instant fuel consumption";"0";"l/100km"
"1625.1686185";"Distance travelled";"0.543878450916667";"km"
"1625.168927";"Vehicle acceleration";"-1.78282102188448";"m_sec2"
"1625.1702502";"Calculated instant fuel rate";"0";"l/h"
"1625.1739084";"Average speed";"41.7711553692368";"km/h"
"1625.1740367";"Distance travelled (total)";"1006.75883685447";"km"
"1625.1748565";"Fuel used";"0.0222341526049258";"l"
"1625.1749854";"Instant engine power (based on fuel consumption)";"0";"hp"
"1625.1884579";"Average fuel consumption (total)";"3.89674016561047";"l/100km"
"1625.1888419";"Average fuel consumption";"4.08807382742445";"l/100km"
"1625.1890127";"Fuel used (total)";"39.230775966541";"l"
"1625.1893257";"Fuel used price";"0.0286820568603543";"€"
"1625.1901582";"Distance to empty";"0";"km"
"1625.1904107";"Average fuel consumption km/l.";"24.461397768592";"km/l."
"1625.1907985";"Fuel used price (total)";"50.6077009968379";"€"
"1625.2342738";"Absolute pedal position D";"7";"%"
"1625.2342738";"Engine fuel rate";"0";"l/h"
"1625.2342738";"Engine RPM";"1450";"rpm"
"1625.2342738";"Vehicle speed";"37";"km/h"
"1625.2369601";"Calculated instant fuel consumption";"0";"l/100km"
"1625.2370893";"Distance travelled";"0.544582136444444";"km"
"1625.2373948";"Vehicle acceleration";"-1.78282102188448";"m_sec2"
"1625.2386028";"Calculated instant fuel rate";"0";"l/h"
"1625.2424311";"Average speed";"41.7641463697546";"km/h"
"1625.2425507";"Distance travelled (total)";"1006.75954054";"km"
"1625.2431378";"Fuel used";"0.0222341526049258";"l"
"1625.2432685";"Instant engine power (based on fuel consumption)";"0";"hp"
"1625.2497918";"Average fuel consumption (total)";"3.89673744194156";"l/100km"
"1625.2501233";"Average fuel consumption";"4.08279139490174";"l/100km"
"1625.2502641";"Fuel used (total)";"39.230775966541";"l"
"1625.2504557";"Fuel used price";"0.0286820568603543";"€"
"1625.251879";"Distance to empty";"0";"km"
"1625.2520472";"Average fuel consumption km/l.";"24.4930466261078";"km/l."
"1625.2541655";"Fuel used price (total)";"50.6077009968379";"€"
"1625.3162423";"Absolute pedal position D";"7";"%"
"1625.3162423";"Engine fuel rate";"0";"l/h"
"1625.3162423";"Engine RPM";"1437";"rpm"
"1625.3162423";"Vehicle speed";"37";"km/h"
"1625.3207267";"Calculated instant fuel consumption";"0";"l/100km"
"1625.3210057";"Distance travelled";"0.545444563277778";"km"
"1625.3215009";"Vehicle acceleration";"-1.78282102188448";"m_sec2"
"1625.3241397";"Calculated instant fuel rate";"0";"l/h"
"1625.3283835";"Average speed";"41.7538969331348";"km/h"
"1625.3286354";"Distance travelled (total)";"1006.76040296683";"km"
"1625.3304209";"Fuel used";"0.0222341526049258";"l"
"1625.3307063";"Instant engine power (based on fuel consumption)";"0";"hp"
"1625.3497311";"Average fuel consumption (total)";"3.89673410385742";"l/100km"
"1625.3500335";"Average fuel consumption";"4.07633591053004";"l/100km"
"1625.3501776";"Fuel used (total)";"39.230775966541";"l"
"1625.3503612";"Fuel used price";"0.0286820568603543";"€"
"1625.3510072";"Distance to empty";"0";"km"
"1625.3511694";"Average fuel consumption km/l.";"24.5318350093963";"km/l."
"1625.3513612";"Fuel used price (total)";"50.6077009968379";"€"
"1625.4138136";"Absolute pedal position D";"7";"%"
"1625.4138136";"Engine fuel rate";"0";"l/h"
"1625.4138136";"Engine RPM";"1405";"rpm"
"1625.4138136";"Vehicle speed";"36";"km/h"
"1625.4179252";"Calculated instant fuel consumption";"0";"l/100km"
"1625.4181893";"Distance travelled";"0.546416341277778";"km"
"1625.4186772";"Vehicle acceleration";"-1.11225896236027";"m_sec2"
"1625.4211345";"Calculated instant fuel rate";"0";"l/h"
"1625.4261095";"Average speed";"41.7416169792377";"km/h"
"1625.4263691";"Distance travelled (total)";"1006.76137474483";"km"
"1625.4282863";"Fuel used";"0.0222341526049258";"l"
"1625.4286321";"Instant engine power (based on fuel consumption)";"0";"hp"
"1625.4423157";"Average fuel consumption (total)";"3.8967303425287";"l/100km"
"1625.4426529";"Average fuel consumption";"4.06908632214987";"l/100km"
"1625.4427852";"Fuel used (total)";"39.230775966541";"l"
"1625.4429578";"Fuel used price";"0.0286820568603543";"€"
"1625.4463824";"Distance to empty";"0";"km"
"1625.4466469";"Average fuel consumption km/l.";"24.5755415547847";"km/l."
"1625.4468738";"Fuel used price (total)";"50.6077009968379";"€"
"1625.4806557";"Absolute pedal position D";"7";"%"
"1625.4806557";"Engine fuel rate";"0";"l/h"
"1625.4806557";"Engine RPM";"1330";"rpm"
"1625.4806557";"Vehicle speed";"35";"km/h"
"1625.4833188";"Calculated instant fuel consumption";"0";"l/100km"
"1625.4834583";"Distance travelled";"0.547050905861111";"km"
"1625.483697";"Vehicle acceleration";"-4.26733305339629";"m_sec2"
"1625.4848501";"Calculated instant fuel rate";"0";"l/h"
"1625.4881102";"Average speed";"41.7350409123009";"km/h"
"1625.4882301";"Distance travelled (total)";"1006.76200930942";"km"
"1625.4890818";"Fuel used";"0.0222341526049258";"l"
"1625.489216";"Instant engine power (based on fuel consumption)";"0";"hp"
"1625.5064392";"Average fuel consumption (total)";"3.89672788640994";"l/100km"
"1625.5067978";"Average fuel consumption";"4.0643662896284";"l/100km"
"1625.5069675";"Fuel used (total)";"39.230775966541";"l"
"1625.5071806";"Fuel used price";"0.0286820568603543";"€"
"1625.5093427";"Distance to empty";"0";"km"
"1625.5096844";"Average fuel consumption km/l.";"24.604081638799";"km/l."
"1625.5099822";"Fuel used price (total)";"50.6077009968379";"€"
"1625.5423301";"Absolute pedal position D";"7";"%"
"1625.5423301";"Engine fuel rate";"0";"l/h"
"1625.5423301";"Engine RPM";"1277";"rpm"
"1625.5423301";"Vehicle speed";"35";"km/h"
"1625.5451961";"Calculated instant fuel consumption";"0";"l/100km"
"1625.5453824";"Distance travelled";"0.547652900027778";"km"
"1625.5456923";"Vehicle acceleration";"-4.26733305339629";"m_sec2"
"1625.5472609";"Calculated instant fuel rate";"0";"l/h"
"1625.5501651";"Average speed";"41.7261233389264";"km/h"
"1625.5503271";"Distance travelled (total)";"1006.76261130358";"km"
"1625.5510294";"Fuel used";"0.0222341526049258";"l"
"1625.5511991";"Instant engine power (based on fuel consumption)";"0";"hp"
"1625.5735654";"Average fuel consumption (total)";"3.8967255563597";"l/100km"
"1625.5741917";"Average fuel consumption";"4.05989863356846";"l/100km"
"1625.574468";"Fuel used (total)";"39.230775966541";"l"
"1625.5748482";"Fuel used price";"0.0286820568603543";"€"
"1625.5763875";"Distance to empty";"0";"km"
"1625.5769794";"Average fuel consumption km/l.";"24.6311568405107";"km/l."
"1625.5774062";"Fuel used price (total)";"50.6077009968379";"€"
"1625.6084443";"Absolute pedal position D";"7";"%"
"1625.6084443";"Engine fuel rate";"0";"l/h"
"1625.6084443";"Engine RPM";"1225";"rpm"
"1625.6084443";"Vehicle speed";"34";"km/h"
"1625.6119234";"Calculated instant fuel consumption";"0";"l/100km"
"1625.6120533";"Distance travelled";"0.548282551694444";"km"
"1625.6123247";"Vehicle acceleration";"-2.15982907976594";"m_sec2"
"1625.6147954";"Calculated instant fuel rate";"0";"l/h"
"1625.6174791";"Average speed";"41.7146615212692";"km/h"
"1625.6176043";"Distance travelled (total)";"1006.76324095525";"km"
"1625.6185101";"Fuel used";"0.0222341526049258";"l"
"1625.6186411";"Instant engine power (based on fuel consumption)";"0";"hp"
"1625.638334";"Average fuel consumption (total)";"3.89672311926264";"l/100km"
"1625.6387053";"Average fuel consumption";"4.0552362164749";"l/100km"
"1625.6388768";"Fuel used (total)";"39.230775966541";"l"
"1625.6391014";"Fuel used price";"0.0286820568603543";"€"
"1625.6418557";"Distance to empty";"0";"km"
"1625.642151";"Average fuel consumption km/l.";"24.6594759619027";"km/l."
"1625.6424338";"Fuel used price (total)";"50.6077009968379";"€"
"1625.6836315";"Absolute pedal position D";"7";"%"
"1625.6836315";"Engine fuel rate";"0";"l/h"
"1625.6836315";"Engine RPM";"1163";"rpm"
"1625.6836315";"Vehicle speed";"34";"km/h"
"1625.6863367";"Calculated instant fuel consumption";"0";"l/100km"
"1625.6864751";"Distance travelled";"0.54898539025";"km"
"1625.6867874";"Vehicle acceleration";"-2.15982907976594";"m_sec2"
"1625.6879637";"Calculated instant fuel rate";"0";"l/h"
"1625.6917153";"Average speed";"41.7026961941036";"km/h"
"1625.6918372";"Distance travelled (total)";"1006.76394379381";"km"
"1625.6923515";"Fuel used";"0.0222341526049258";"l"
"1625.6924777";"Instant engine power (based on fuel consumption)";"0";"hp"
"1625.7030457";"Average fuel consumption (total)";"3.8967203988958";"l/100km"
"1625.7033864";"Average fuel consumption";"4.05004450023719";"l/100km"
"1625.7035555";"Fuel used (total)";"39.230775966541";"l"
"1625.7037871";"Fuel used price";"0.0286820568603543";"€"
"1625.7046224";"Distance to empty";"0";"km"
"1625.7048438";"Average fuel consumption km/l.";"24.6910867261195";"km/l."
"1625.7051055";"Fuel used price (total)";"50.6077009968379";"€"
"1625.8425211";"Absolute pedal position D";"7";"%"
"1625.8425211";"Engine fuel rate";"0";"l/h"
"1625.8425211";"Engine RPM";"1082";"rpm"
"1625.8425211";"Vehicle speed";"33";"km/h"
"1625.8486662";"Calculated instant fuel consumption";"0";"l/100km"
"1625.8489466";"Distance travelled";"0.550474639916666";"km"
"1625.8497024";"Vehicle acceleration";"-1.17084776403203";"m_sec2"
"1625.854098";"Calculated instant fuel rate";"0";"l/h"
"1625.8586391";"Average speed";"41.6690557430144";"km/h"
"1625.858775";"Distance travelled (total)";"1006.76543304347";"km"
"1625.8597524";"Fuel used";"0.0222341526049258";"l"
"1625.859902";"Instant engine power (based on fuel consumption)";"0";"hp"
"1625.8719186";"Average fuel consumption (total)";"3.8967146347035";"l/100km"
"1625.8721097";"Average fuel consumption";"4.03908754239645";"l/100km"
"1625.8722707";"Fuel used (total)";"39.230775966541";"l"
"1625.8724258";"Fuel used price";"0.0286820568603543";"€"
"1625.8740822";"Distance to empty";"0";"km"
"1625.8743281";"Average fuel consumption km/l.";"24.7580670016051";"km/l."
"1625.8745459";"Fuel used price (total)";"50.6077009968379";"€"
"1625.9226881";"Absolute pedal position D";"7";"%"
"1625.9226881";"Engine fuel rate";"0";"l/h"
"1625.9226881";"Engine RPM";"974";"rpm"
"1625.9226881";"Vehicle speed";"33";"km/h"
"1625.9243636";"Calculated instant fuel consumption";"0";"l/100km"
"1625.9244625";"Distance travelled";"0.551166887333333";"km"
"1625.9246483";"Vehicle acceleration";"-1.17084776403203";"m_sec2"
"1625.9255247";"Calculated instant fuel rate";"0";"l/h"
"1625.927381";"Average speed";"41.6612198888258";"km/h"
"1625.9274666";"Distance travelled (total)";"1006.76612529089";"km"
"1625.9278503";"Fuel used";"0.0222341526049258";"l"
"1625.9279389";"Instant engine power (based on fuel consumption)";"0";"hp"
"1625.9328662";"Average fuel consumption (total)";"3.89671195534176";"l/100km"
"1625.9331019";"Average fuel consumption";"4.03401458177205";"l/100km"
"1625.9331968";"Fuel used (total)";"39.230775966541";"l"
"1625.9333118";"Fuel used price";"0.0286820568603543";"€"
"1625.9338094";"Distance to empty";"0";"km"
"1625.9339247";"Average fuel consumption km/l.";"24.7892014203063";"km/l."
"1625.9340589";"Fuel used price (total)";"50.6077009968379";"€"
"1625.9839217";"Absolute pedal position D";"7";"%"
"1625.9839217";"Engine fuel rate";"0.200000002980232";"l/h"
"1625.9839217";"Engine RPM";"911";"rpm"
"1625.9839217";"Vehicle speed";"32";"km/h"
"1625.9875561";"Calculated instant fuel consumption";"0";"l/100km"
"1625.9878326";"Distance travelled";"0.551730100666666";"km"
"1625.9883281";"Vehicle acceleration";"-2.00263707249706";"m_sec2"
"1625.9907422";"Calculated instant fuel rate";"0.200000002980232";"l/h"
"1625.9950574";"Average speed";"41.6446880413541";"km/h"
"1625.9953216";"Distance travelled (total)";"1006.76668850422";"km"
"1625.9971271";"Fuel used";"0.0222380006772054";"l"
"1625.9974398";"Instant engine power (based on fuel consumption)";"0.651317343038718";"hp"
"1626.0156648";"Average fuel consumption (total)";"3.89670977541253";"l/100km"
"1626.0162191";"Average fuel consumption";"4.03059406226609";"l/100km"
"1626.0164965";"Fuel used (total)";"39.2307798146133";"l"
"1626.0167109";"Fuel used price";"0.0286870208735949";"€"
"1626.0179016";"Distance to empty";"0";"km"
"1626.0181125";"Average fuel consumption km/l.";"24.8102385045885";"km/l."
"1626.018405";"Fuel used price (total)";"50.6077059608512";"€"
"1626.0504858";"Absolute pedal position D";"7";"%"
"1626.0504858";"Engine fuel rate";"0.500000007450581";"l/h"
"1626.0504858";"Engine RPM";"871";"rpm"
"1626.0504858";"Vehicle speed";"32";"km/h"
"1626.0529783";"Calculated instant fuel consumption";"0.625000009313226";"l/100km"
"1626.0531237";"Distance travelled";"0.552310457111111";"km"
"1626.0533685";"Vehicle acceleration";"-2.00263707249706";"m_sec2"
"1626.0545305";"Calculated instant fuel rate";"0.500000007450581";"l/h"
"1626.0562886";"Calculated instant fuel consumption km/l.";"159.999997615814";"km/l."
"1626.0569909";"Average speed";"41.6343714137839";"km/h"
"1626.0571159";"Distance travelled (total)";"1006.76726886067";"km"
"1626.0578178";"Fuel used";"0.0222464301634421";"l"
"1626.0579512";"Instant engine power (based on fuel consumption)";"1.6282933575968";"hp"
"1626.0706843";"Average fuel consumption (total)";"3.89670791135371";"l/100km"
"1626.070882";"Average fuel consumption";"4.02788501956005";"l/100km"
"1626.0711101";"Fuel used (total)";"39.2307882440996";"l"
"1626.0712704";"Fuel used price";"0.0286978949108403";"€"
"1626.0854299";"Distance to empty";"0";"km"
"1626.0857392";"Average fuel consumption km/l.";"24.8269251764596";"km/l."
"1626.0860148";"Fuel used price (total)";"50.6077168348884";"€"
"1626.1107476";"Absolute pedal position D";"7";"%"
"1626.1107476";"Engine fuel rate";"0.500000007450581";"l/h"
"1626.1107476";"Engine RPM";"856";"rpm"
"1626.1107476";"Vehicle speed";"32";"km/h"
"1626.1129926";"Calculated instant fuel consumption";"1.56250002328306";"l/100km"
"1626.1131311";"Distance travelled";"0.552843842";"km"
"1626.1133785";"Vehicle acceleration";"-2.00263707249706";"m_sec2"
"1626.1147257";"Calculated instant fuel rate";"0.500000007450581";"l/h"
"1626.1165505";"Calculated instant fuel consumption km/l.";"63.9999990463257";"km/l."
"1626.1172428";"Average speed";"41.622068537332";"km/h"
"1626.1173713";"Distance travelled (total)";"1006.76780224556";"km"
"1626.117904";"Fuel used";"0.0222547751496776";"l"
"1626.1180456";"Instant engine power (based on fuel consumption)";"1.6282933575968";"hp"
"1626.1367737";"Average fuel consumption (total)";"3.89670668416261";"l/100km"
"1626.1371533";"Average fuel consumption";"4.02550837306379";"l/100km"
"1626.1374982";"Fuel used (total)";"39.2307965890858";"l"
"1626.1378442";"Fuel used price";"0.028708659943084";"€"
"1626.1581383";"Distance to empty";"0";"km"
"1626.158499";"Average fuel consumption km/l.";"24.8415829089161";"km/l."
"1626.1587163";"Fuel used price (total)";"50.6077275999207";"€"
"1626.1723031";"Absolute pedal position D";"7";"%"
"1626.1723031";"Engine fuel rate";"0.550000008195639";"l/h"
"1626.1723031";"Engine RPM";"851";"rpm"
"1626.1723031";"Vehicle speed";"32";"km/h"
"1626.17507";"Calculated instant fuel consumption";"1.56250002328306";"l/100km"
"1626.1752092";"Distance travelled";"0.553395621555555";"km"
"1626.1755027";"Vehicle acceleration";"-2.00263707249706";"m_sec2"
"1626.1768485";"Calculated instant fuel rate";"0.550000008195639";"l/h"
"1626.1800954";"Calculated instant fuel consumption km/l.";"63.9999990463257";"km/l."
"1626.1812848";"Average speed";"41.6079042945468";"km/h"
"1626.1814415";"Distance travelled (total)";"1006.76835402511";"km"
"1626.1821528";"Fuel used";"0.0222645901748238";"l"
"1626.1822939";"Instant engine power (based on fuel consumption)";"1.79112269335647";"hp"
"1626.2026365";"Average fuel consumption (total)";"3.8967053773829";"l/100km"
"1626.202927";"Average fuel consumption";"4.02326822034472";"l/100km"
"1626.2030547";"Fuel used (total)";"39.2308064041109";"l"
"1626.2032334";"Fuel used price";"0.0287213213255227";"€"
"1626.203897";"Distance to empty";"0";"km"
"1626.2040598";"Average fuel consumption km/l.";"24.8554146835957";"km/l."
"1626.2042572";"Fuel used price (total)";"50.6077402613031";"€"
"1626.2533246";"Absolute pedal position D";"7";"%"
"1626.2533246";"Engine fuel rate";"0.550000008195639";"l/h"
"1626.2533246";"Engine RPM";"854";"rpm"
"1626.2533246";"Vehicle speed";"32";"km/h"
"1626.2561671";"Calculated instant fuel consumption";"1.71875002561137";"l/100km"
"1626.2563877";"Distance travelled";"0.554117132666666";"km"
"1626.2571636";"Vehicle acceleration";"-2.00263707249706";"m_sec2"
"1626.2597551";"Calculated instant fuel rate";"0.550000008195639";"l/h"
"1626.2633796";"Calculated instant fuel consumption km/l.";"58.1818173148415";"km/l."
"1626.2648157";"Average speed";"41.5896409978169";"km/h"
"1626.2650996";"Distance travelled (total)";"1006.76907553622";"km"
"1626.2662964";"Fuel used";"0.0222774443319598";"l"
"1626.2665687";"Instant engine power (based on fuel consumption)";"1.79112269335647";"hp"
"1626.2778439";"Average fuel consumption (total)";"3.8967035596734";"l/100km"
"1626.2780375";"Average fuel consumption";"4.02034931220237";"l/100km"
"1626.2782493";"Fuel used (total)";"39.2308192582681";"l"
"1626.2784086";"Fuel used price";"0.0287379031882281";"€"
"1626.293553";"Distance to empty";"0";"km"
"1626.2938652";"Average fuel consumption km/l.";"24.8734605464468";"km/l."
"1626.294076";"Fuel used price (total)";"50.6077568431658";"€"
"1626.3215438";"Absolute pedal position D";"7";"%"
"1626.3215438";"Engine fuel rate";"0.500000007450581";"l/h"
"1626.3215438";"Engine RPM";"853";"rpm"
"1626.3215438";"Vehicle speed";"32";"km/h"
"1626.3256921";"Calculated instant fuel consumption";"1.71875002561137";"l/100km"
"1626.3260482";"Distance travelled";"0.554736293555555";"km"
"1626.3265312";"Vehicle acceleration";"-2.00263707249706";"m_sec2"
"1626.3288929";"Calculated instant fuel rate";"0.500000007450581";"l/h"
"1626.3315854";"Calculated instant fuel consumption km/l.";"58.1818173148415";"km/l."
"1626.3329604";"Average speed";"41.5770388476461";"km/h"
"1626.3333232";"Distance travelled (total)";"1006.76969469711";"km"
"1626.3345158";"Fuel used";"0.022286918582101";"l"
"1626.3348043";"Instant engine power (based on fuel consumption)";"1.6282933575968";"hp"
"1626.3523644";"Average fuel consumption (total)";"3.89670243998264";"l/100km"
"1626.3526988";"Average fuel consumption";"4.01756994107129";"l/100km"
"1626.3528333";"Fuel used (total)";"39.2308287325182";"l"
"1626.3529944";"Fuel used price";"0.0287501249709103";"€"
"1626.3543637";"Distance to empty";"0";"km"
"1626.3546399";"Average fuel consumption km/l.";"24.8906681070336";"km/l."
"1626.354897";"Fuel used price (total)";"50.6077690649485";"€"
"1626.4255159";"Absolute pedal position D";"7";"%"
"1626.4255159";"Engine fuel rate";"0.500000007450581";"l/h"
"1626.4255159";"Engine RPM";"851";"rpm"
"1626.4255159";"Vehicle speed";"31";"km/h"
"1626.4280815";"Calculated instant fuel consumption";"1.61290324984058";"l/100km"
"1626.4282545";"Distance travelled";"0.555616390444444";"km"
"1626.4285793";"Vehicle acceleration";"-0.630890148145625";"m_sec2"
"1626.4302339";"Calculated instant fuel rate";"0.500000007450581";"l/h"
"1626.4324094";"Calculated instant fuel consumption km/l.";"61.999999076128";"km/l."
"1626.4333979";"Average speed";"41.556068759287";"km/h"
"1626.4335783";"Distance travelled (total)";"1006.770574794";"km"
"1626.4346685";"Fuel used";"0.0223008282767527";"l"
"1626.4348502";"Instant engine power (based on fuel consumption)";"1.6282933575968";"hp"
"1626.4600948";"Average fuel consumption (total)";"3.89669997462385";"l/100km"
"1626.4603458";"Average fuel consumption";"4.01370957737838";"l/100km"
"1626.4606021";"Fuel used (total)";"39.2308426422129";"l"
"1626.4608166";"Fuel used price";"0.028768068477011";"€"
"1626.4811622";"Distance to empty";"0";"km"
"1626.4815605";"Average fuel consumption km/l.";"24.9146078140802";"km/l."
"1626.4818024";"Fuel used price (total)";"50.6077870084546";"€"
"1626.5077988";"Absolute pedal position D";"7";"%"
"1626.5077988";"Engine fuel rate";"0.450000006705523";"l/h"
"1626.5077988";"Engine RPM";"848";"rpm"
"1626.5077988";"Vehicle speed";"31";"km/h"
"1626.5098617";"Calculated instant fuel consumption";"1.61290324984058";"l/100km"
"1626.5100007";"Distance travelled";"0.556320301416666";"km"
"1626.5104836";"Vehicle acceleration";"-0.630890148145625";"m_sec2"
"1626.5118078";"Calculated instant fuel rate";"0.450000006705523";"l/h"
"1626.5144979";"Calculated instant fuel consumption km/l.";"61.999999076128";"km/l."
"1626.5154036";"Average speed";"41.5379206067051";"km/h"
"1626.5156213";"Distance travelled (total)";"1006.77127870497";"km"
"1626.5163568";"Fuel used";"0.0223110392019048";"l"
"1626.516491";"Instant engine power (based on fuel consumption)";"1.46546402183712";"hp"
"1626.5373749";"Average fuel consumption (total)";"3.89669863175638";"l/100km"
"1626.5378663";"Average fuel consumption";"4.01046647858975";"l/100km"
"1626.5381339";"Fuel used (total)";"39.230852853138";"l"
"1626.5384717";"Fuel used price";"0.0287812405704573";"€"
"1626.5398383";"Distance to empty";"0";"km"
"1626.5401865";"Average fuel consumption km/l.";"24.9347552295623";"km/l."
"1626.5405988";"Fuel used price (total)";"50.607800180548";"€"
"1626.5837417";"Absolute pedal position D";"7";"%"
"1626.5837417";"Engine fuel rate";"0.500000007450581";"l/h"
"1626.5837417";"Engine RPM";"844";"rpm"
"1626.5837417";"Vehicle speed";"31";"km/h"
"1626.586573";"Calculated instant fuel consumption";"1.45161292485652";"l/100km"
"1626.5867078";"Distance travelled";"0.556980800333333";"km"
"1626.5869686";"Vehicle acceleration";"-0.630890148145625";"m_sec2"
"1626.5881608";"Calculated instant fuel rate";"0.500000007450581";"l/h"
"1626.5909952";"Calculated instant fuel consumption km/l.";"68.8888878623645";"km/l."
"1626.5917227";"Average speed";"41.5215217926236";"km/h"
"1626.5918498";"Distance travelled (total)";"1006.77193920389";"km"
"1626.5923853";"Fuel used";"0.0223215982992844";"l"
"1626.5925421";"Instant engine power (based on fuel consumption)";"1.6282933575968";"hp"
"1626.6075193";"Average fuel consumption (total)";"3.89669708952755";"l/100km"
"1626.6077594";"Average fuel consumption";"4.00760641765851";"l/100km"
"1626.6080199";"Fuel used (total)";"39.2308634122354";"l"
"1626.6082323";"Fuel used price";"0.0287948618060769";"€"
"1626.6253906";"Distance to empty";"0";"km"
"1626.6257955";"Average fuel consumption km/l.";"24.9525501205345";"km/l."
"1626.6262161";"Fuel used price (total)";"50.6078138017837";"€"
"1626.6584745";"Absolute pedal position D";"9";"%"
"1626.6584745";"Engine fuel rate";"0.500000007450581";"l/h"
"1626.6584745";"Engine RPM";"840";"rpm"
"1626.6584745";"Vehicle speed";"31";"km/h"
"1626.6616665";"Calculated instant fuel consumption";"1.61290324984058";"l/100km"
"1626.6618071";"Distance travelled";"0.557627462916666";"km"
"1626.662066";"Vehicle acceleration";"-0.630890148145625";"m_sec2"
"1626.6635784";"Calculated instant fuel rate";"0.500000007450581";"l/h"
"1626.6657737";"Calculated instant fuel consumption km/l.";"61.999999076128";"km/l."
"1626.666554";"Average speed";"41.5054140502644";"km/h"
"1626.6666913";"Distance travelled (total)";"1006.77258586647";"km"
"1626.6675302";"Fuel used";"0.0223320346327733";"l"
"1626.6676601";"Instant engine power (based on fuel consumption)";"1.6282933575968";"hp"
"1626.6921473";"Average fuel consumption (total)";"3.89669563543703";"l/100km"
"1626.6923314";"Average fuel consumption";"4.00483048592437";"l/100km"
"1626.6925285";"Fuel used (total)";"39.2308738485689";"l"
"1626.6927734";"Fuel used price";"0.0288083246762775";"€"
"1626.709129";"Distance to empty";"0";"km"
"1626.7094931";"Average fuel consumption km/l.";"24.9698458777385";"km/l."
"1626.7097034";"Fuel used price (total)";"50.6078272646539";"€"
"1626.7725051";"Absolute pedal position D";"12";"%"
"1626.7725051";"Engine fuel rate";"0.850000012665987";"l/h"
"1626.7725051";"Engine RPM";"838";"rpm"
"1626.7725051";"Vehicle speed";"31";"km/h"
"1626.7768923";"Calculated instant fuel consumption";"1.61290324984058";"l/100km"
"1626.7771677";"Distance travelled";"0.558620782138889";"km"
"1626.7776529";"Vehicle acceleration";"-0.630890148145625";"m_sec2"
"1626.7801807";"Calculated instant fuel rate";"0.850000012665987";"l/h"
"1626.7831277";"Calculated instant fuel consumption km/l.";"61.999999076128";"km/l."
"1626.7844021";"Average speed";"41.4783351990011";"km/h"
"1626.784665";"Distance travelled (total)";"1006.7735791857";"km"
"1626.7862325";"Fuel used";"0.0223600596762464";"l"
"1626.7865101";"Instant engine power (based on fuel consumption)";"2.76809870791455";"hp"
"1626.814902";"Average fuel consumption (total)";"3.89669282742798";"l/100km"
"1626.815587";"Average fuel consumption";"4.00272606948717";"l/100km"
"1626.815882";"Fuel used (total)";"39.2309018736124";"l"
"1626.8163646";"Fuel used price";"0.0288444769823579";"€"
"1626.8179893";"Distance to empty";"0";"km"
"1626.8182813";"Average fuel consumption km/l.";"24.9829736694452";"km/l."
"1626.8185908";"Fuel used price (total)";"50.6078634169599";"€"
"1626.8538453";"Absolute pedal position D";"15";"%"
"1626.8538453";"Engine fuel rate";"1.25000001862645";"l/h"
"1626.8538453";"Engine RPM";"940";"rpm"
"1626.8538453";"Vehicle speed";"31";"km/h"
"1626.857332";"Calculated instant fuel consumption";"2.74193552472899";"l/100km"
"1626.8574712";"Distance travelled";"0.559312288805555";"km"
"1626.8577244";"Vehicle acceleration";"-0.630890148145625";"m_sec2"
"1626.8589513";"Calculated instant fuel rate";"1.25000001862645";"l/h"
"1626.861463";"Calculated instant fuel consumption km/l.";"36.47058769184";"km/l."
"1626.8622696";"Average speed";"41.463034645341";"km/h"
"1626.8623954";"Distance travelled (total)";"1006.77427069236";"km"
"1626.8633235";"Fuel used";"0.0223868271766453";"l"
"1626.8634509";"Instant engine power (based on fuel consumption)";"4.07073339399199";"hp"
"1626.8777006";"Average fuel consumption (total)";"3.89669293461713";"l/100km"
"1626.8778891";"Average fuel consumption";"4.00256308053837";"l/100km"
"1626.878061";"Fuel used (total)";"39.2309286411128";"l"
"1626.8782205";"Fuel used price";"0.0288790070578724";"€"
"1626.8971663";"Distance to empty";"0";"km"
"1626.8973619";"Average fuel consumption km/l.";"24.9839910047213";"km/l."
"1626.8975331";"Fuel used price (total)";"50.6078979470355";"€"
"1626.9277817";"Absolute pedal position D";"17";"%"
"1626.9277817";"Engine fuel rate";"1.70000002533197";"l/h"
"1626.9277817";"Engine RPM";"1064";"rpm"
"1626.9277817";"Vehicle speed";"31";"km/h"
"1626.9296221";"Calculated instant fuel consumption";"4.03225812460146";"l/100km"
"1626.9297276";"Distance travelled";"0.559934486361111";"km"
"1626.9299202";"Vehicle acceleration";"0";"m_sec2"
"1626.930837";"Calculated instant fuel rate";"1.70000002533197";"l/h"
"1626.932277";"Calculated instant fuel consumption km/l.";"24.7999996304512";"km/l."
"1626.932857";"Average speed";"41.448890271457";"km/h"
"1626.9329557";"Distance travelled (total)";"1006.77489288992";"km"
"1626.9335962";"Fuel used";"0.0224200110826953";"l"
"1626.9336979";"Instant engine power (based on fuel consumption)";"5.5361974158291";"hp"
"1626.9604777";"Average fuel consumption (total)";"3.89669318515697";"l/100km"
"1626.9607133";"Average fuel consumption";"4.00404183503645";"l/100km"
"1626.9609312";"Fuel used (total)";"39.2309618250188";"l"
"1626.961145";"Fuel used price";"0.028921814296677";"€"
"1626.9769194";"Distance to empty";"0";"km"
"1626.977236";"Average fuel consumption km/l.";"24.9747640309282";"km/l."
"1626.9774487";"Fuel used price (total)";"50.6079407542743";"€"
"1626.9961801";"Absolute pedal position D";"18";"%"
"1626.9961801";"Engine fuel rate";"2.10000003129244";"l/h"
"1626.9961801";"Engine RPM";"1258";"rpm"
"1626.9961801";"Vehicle speed";"31";"km/h"
"1626.9989758";"Calculated instant fuel consumption";"5.48387104945798";"l/100km"
"1626.9991142";"Distance travelled";"0.560531926972222";"km"
"1626.9994755";"Vehicle acceleration";"0";"m_sec2"
"1627.0011167";"Calculated instant fuel rate";"2.10000003129244";"l/h"
"1627.0047736";"Calculated instant fuel consumption km/l.";"18.23529384592";"km/l."
"1627.0056481";"Average speed";"41.4311228664844";"km/h"
"1627.0057788";"Distance travelled (total)";"1006.77549033053";"km"
"1627.006818";"Fuel used";"0.0224627211749984";"l"
"1627.0069485";"Instant engine power (based on fuel consumption)";"6.83883210190654";"hp"
"1627.0254695";"Average fuel consumption (total)";"3.89669416883988";"l/100km"
"1627.0256569";"Average fuel consumption";"4.00739370838935";"l/100km"
"1627.0258258";"Fuel used (total)";"39.2310045351111";"l"
"1627.0260506";"Fuel used price";"0.028976910315748";"€"
"1627.0391443";"Distance to empty";"0";"km"
"1627.0395392";"Average fuel consumption km/l.";"24.953874582039";"km/l."
"1627.0397539";"Fuel used price (total)";"50.6079958502933";"€"
"1627.101274";"Absolute pedal position D";"19";"%"
"1627.101274";"Engine fuel rate";"2.45000003650784";"l/h"
"1627.101274";"Engine RPM";"1371";"rpm"
"1627.101274";"Vehicle speed";"31";"km/h"
"1627.1053992";"Calculated instant fuel consumption";"6.77419364933045";"l/100km"
"1627.1056671";"Distance travelled";"0.5614494245";"km"
"1627.1062915";"Vehicle acceleration";"0";"m_sec2"
"1627.108915";"Calculated instant fuel rate";"2.45000003650784";"l/h"
"1627.1118242";"Calculated instant fuel consumption km/l.";"14.7619045419352";"km/l."
"1627.1134136";"Average speed";"41.407377999176";"km/h"
"1627.1136835";"Distance travelled (total)";"1006.77640782806";"km"
"1627.1153009";"Fuel used";"0.0225365425344318";"l"
"1627.1156056";"Instant engine power (based on fuel consumption)";"7.9786374522243";"hp"
"1627.1271569";"Average fuel consumption (total)";"3.89669485995854";"l/100km"
"1627.1273368";"Average fuel consumption";"4.013993344904";"l/100km"
"1627.1275504";"Fuel used (total)";"39.2310783564706";"l"
"1627.1277095";"Fuel used price";"0.029072139869417";"€"
"1627.1439877";"Distance to empty";"0";"km"
"1627.1442979";"Average fuel consumption km/l.";"24.912846486643";"km/l."
"1627.1445404";"Fuel used price (total)";"50.608091079847";"€"
"1627.1679324";"Absolute pedal position D";"20";"%"
"1627.1679324";"Engine fuel rate";"2.5000000372529";"l/h"
"1627.1679324";"Engine RPM";"1359";"rpm"
"1627.1679324";"Vehicle speed";"31";"km/h"
"1627.1703095";"Calculated instant fuel consumption";"7.90322592421885";"l/100km"
"1627.1704408";"Distance travelled";"0.562007198888889";"km"
"1627.1706915";"Vehicle acceleration";"0";"m_sec2"
"1627.1719139";"Calculated instant fuel rate";"2.5000000372529";"l/h"
"1627.1734793";"Calculated instant fuel consumption km/l.";"12.6530610359445";"km/l."
"1627.1741212";"Average speed";"41.3969659350834";"km/h"
"1627.1742499";"Distance travelled (total)";"1006.77696560245";"km"
"1627.1750167";"Fuel used";"0.022578013507272";"l"
"1627.1751444";"Instant engine power (based on fuel consumption)";"8.14146678798397";"hp"
"1627.194862";"Average fuel consumption (total)";"3.8967000335566";"l/100km"
"1627.1950989";"Average fuel consumption";"4.01738866546721";"l/100km"
"1627.1953187";"Fuel used (total)";"39.2311198274434";"l"
"1627.1955347";"Fuel used price";"0.0291256374243808";"€"
"1627.2126692";"Distance to empty";"0";"km"
"1627.2130582";"Average fuel consumption km/l.";"24.891791242302";"km/l."
"1627.2133366";"Fuel used price (total)";"50.608144577402";"€"
"1627.2428796";"Absolute pedal position D";"20";"%"
"1627.2428796";"Engine fuel rate";"2.70000004023314";"l/h"
"1627.2428796";"Engine RPM";"1330";"rpm"
"1627.2428796";"Vehicle speed";"31";"km/h"
"1627.2452146";"Calculated instant fuel consumption";"8.06451624920291";"l/100km"
"1627.2453535";"Distance travelled";"0.562652251194444";"km"
"1627.2455957";"Vehicle acceleration";"0";"m_sec2"
"1627.2468593";"Calculated instant fuel rate";"2.70000004023314";"l/h"
"1627.2486267";"Calculated instant fuel consumption km/l.";"12.3999998152256";"km/l."
"1627.2494194";"Average speed";"41.3807329529474";"km/h"
"1627.2495487";"Distance travelled (total)";"1006.77761065475";"km"
"1627.2501162";"Fuel used";"0.0226343359581112";"l"
"1627.2502568";"Instant engine power (based on fuel consumption)";"8.79278413102269";"hp"
"1627.2562761";"Average fuel consumption (total)";"3.8967016560817";"l/100km"
"1627.2564533";"Average fuel consumption";"4.02279310356641";"l/100km"
"1627.2566214";"Fuel used (total)";"39.2311761498942";"l"
"1627.2567898";"Fuel used price";"0.0291982933859635";"€"
"1627.2721406";"Distance to empty";"0";"km"
"1627.2732411";"Average fuel consumption km/l.";"24.8583502619971";"km/l."
"1627.2734585";"Fuel used price (total)";"50.6082172333635";"€"
"1627.3040523";"Absolute pedal position D";"21";"%"
"1627.3040523";"Engine fuel rate";"2.95000004395843";"l/h"
"1627.3040523";"Engine RPM";"1293";"rpm"
"1627.3040523";"Vehicle speed";"32";"km/h"
"1627.3081732";"Calculated instant fuel consumption";"8.43750012572855";"l/100km"
"1627.30845";"Distance travelled";"0.563213044083333";"km"
"1627.3089409";"Vehicle acceleration";"0.733048617250393";"m_sec2"
"1627.3115863";"Calculated instant fuel rate";"2.95000004395843";"l/h"
"1627.3148489";"Calculated instant fuel consumption km/l.";"11.8518516752455";"km/l."
"1627.3162882";"Average speed";"41.3655201611233";"km/h"
"1627.3165678";"Distance travelled (total)";"1006.77817144764";"km"
"1627.3185863";"Fuel used";"0.0226904343881138";"l"
"1627.3189074";"Instant engine power (based on fuel consumption)";"9.60693080982109";"hp"
"1627.3410856";"Average fuel consumption (total)";"3.89670507987713";"l/100km"
"1627.3412716";"Average fuel consumption";"4.02874802465629";"l/100km"
"1627.341445";"Fuel used (total)";"39.2312322483242";"l"
"1627.3416084";"Fuel used price";"0.0292706603606668";"€"
"1627.3566887";"Distance to empty";"0";"km"
"1627.3569927";"Average fuel consumption km/l.";"24.8216069577922";"km/l."
"1627.3572016";"Fuel used price (total)";"50.6082896003383";"€"
"1627.3713857";"Absolute pedal position D";"21";"%"
"1627.3713857";"Engine fuel rate";"3.1000000461936";"l/h"
"1627.3713857";"Engine RPM";"1252";"rpm"
"1627.3713857";"Vehicle speed";"32";"km/h"
"1627.373532";"Calculated instant fuel consumption";"9.21875013737008";"l/100km"
"1627.3736615";"Distance travelled";"0.563792704527778";"km"
"1627.3739234";"Vehicle acceleration";"0.733048617250393";"m_sec2"
"1627.3751264";"Calculated instant fuel rate";"3.1000000461936";"l/h"
"1627.3768852";"Calculated instant fuel consumption km/l.";"10.8474574654789";"km/l."
"1627.3775001";"Average speed";"41.3563870809702";"km/h"
"1627.3776133";"Distance travelled (total)";"1006.77875110808";"km"
"1627.3780983";"Fuel used";"0.0227416830722108";"l"
"1627.3782094";"Instant engine power (based on fuel consumption)";"10.0954188171001";"hp"
"1627.3894179";"Average fuel consumption (total)";"3.89670840839116";"l/100km"
"1627.3895671";"Average fuel consumption";"4.03369587608602";"l/100km"
"1627.3897118";"Fuel used (total)";"39.2312834970083";"l"
"1627.3898472";"Fuel used price";"0.029336771163152";"€"
"1627.4062648";"Distance to empty";"0";"km"
"1627.4065167";"Average fuel consumption km/l.";"24.7911600358508";"km/l."
"1627.406713";"Fuel used price (total)";"50.6083557111407";"€"
"1627.4607199";"Absolute pedal position D";"23";"%"
"1627.4607199";"Engine fuel rate";"3.15000004693866";"l/h"
"1627.4607199";"Engine RPM";"1241";"rpm"
"1627.4607199";"Vehicle speed";"32";"km/h"
"1627.4650817";"Calculated instant fuel consumption";"9.687500144355";"l/100km"
"1627.4653508";"Distance travelled";"0.564607650305555";"km"
"1627.4658393";"Vehicle acceleration";"0";"m_sec2"
"1627.4685414";"Calculated instant fuel rate";"3.15000004693866";"l/h"
"1627.4717617";"Calculated instant fuel consumption km/l.";"10.3225804913429";"km/l."
"1627.4736039";"Average speed";"41.3352817888334";"km/h"
"1627.4738834";"Distance travelled (total)";"1006.77956605386";"km"
"1627.4756632";"Fuel used";"0.0228270424734828";"l"
"1627.4761456";"Instant engine power (based on fuel consumption)";"10.2582481528598";"hp"
"1627.5013949";"Average fuel consumption (total)";"3.89671034452734";"l/100km"
"1627.5018161";"Average fuel consumption";"4.04299206026153";"l/100km"
"1627.502187";"Fuel used (total)";"39.2313688564096";"l"
"1627.5025394";"Fuel used price";"0.0294468847907928";"€"
"1627.5220726";"Distance to empty";"0";"km"
"1627.5223025";"Average fuel consumption km/l.";"24.7341569089135";"km/l."
"1627.5225073";"Fuel used price (total)";"50.6084658247684";"€"
"1627.5444166";"Absolute pedal position D";"24";"%"
"1627.5444166";"Engine fuel rate";"3.45000005140901";"l/h"
"1627.5444166";"Engine RPM";"1276";"rpm"
"1627.5444166";"Vehicle speed";"32";"km/h"
"1627.5471579";"Calculated instant fuel consumption";"9.84375014668331";"l/100km"
"1627.5472867";"Distance travelled";"0.565335967638889";"km"
"1627.5475351";"Vehicle acceleration";"0";"m_sec2"
"1627.5487328";"Calculated instant fuel rate";"3.45000005140901";"l/h"
"1627.5498591";"Calculated instant fuel consumption km/l.";"10.1587300073533";"km/l."
"1627.5505999";"Average speed";"41.3238398216488";"km/h"
"1627.5507301";"Distance travelled (total)";"1006.7802943712";"km"
"1627.551579";"Fuel used";"0.0228997953079002";"l"
"1627.5517295";"Instant engine power (based on fuel consumption)";"11.2352241674179";"hp"
"1627.577045";"Average fuel consumption (total)";"3.89671600405254";"l/100km"
"1627.5772848";"Average fuel consumption";"4.05065246485919";"l/100km"
"1627.577517";"Fuel used (total)";"39.231441609244";"l"
"1627.577737";"Fuel used price";"0.0295407359471913";"€"
"1627.593749";"Distance to empty";"0";"km"
"1627.5941166";"Average fuel consumption km/l.";"24.6873808275419";"km/l."
"1627.5943935";"Fuel used price (total)";"50.6085596759248";"€"
"1627.6108067";"Absolute pedal position D";"24";"%"
"1627.6108067";"Engine fuel rate";"3.95000005885959";"l/h"
"1627.6108067";"Engine RPM";"1266";"rpm"
"1627.6108067";"Vehicle speed";"32";"km/h"
"1627.6131339";"Calculated instant fuel consumption";"10.7812501606531";"l/100km"
"1627.613269";"Distance travelled";"0.565922456527778";"km"
"1627.6135236";"Vehicle acceleration";"0";"m_sec2"
"1627.6147443";"Calculated instant fuel rate";"3.95000005885959";"l/h"
"1627.616711";"Calculated instant fuel consumption km/l.";"9.27536218062691";"km/l."
"1627.6176869";"Average speed";"41.3104507618956";"km/h"
"1627.6178283";"Distance travelled (total)";"1006.78088086008";"km"
"1627.6185585";"Fuel used";"0.0229732831937175";"l"
"1627.6187415";"Instant engine power (based on fuel consumption)";"12.8635175250147";"hp"
"1627.6461875";"Average fuel consumption (total)";"3.8967209603473";"l/100km"
"1627.6465569";"Average fuel consumption";"4.05944011034132";"l/100km"
"1627.6469171";"Fuel used (total)";"39.2315150971298";"l"
"1627.6472656";"Fuel used price";"0.0296355353198956";"€"
"1627.6632022";"Distance to empty";"0";"km"
"1627.6635233";"Average fuel consumption km/l.";"24.6339389871161";"km/l."
"1627.6637316";"Fuel used price (total)";"50.6086544752975";"€"
"1627.6853915";"Absolute pedal position D";"24";"%"
"1627.6853915";"Engine fuel rate";"4.20000006258488";"l/h"
"1627.6853915";"Engine RPM";"1276";"rpm"
"1627.6853915";"Vehicle speed";"32";"km/h"
"1627.6888292";"Calculated instant fuel consumption";"12.3437501839362";"l/100km"
"1627.6889781";"Distance travelled";"0.566595394305555";"km"
"1627.6893206";"Vehicle acceleration";"0";"m_sec2"
"1627.6910503";"Calculated instant fuel rate";"4.20000006258488";"l/h"
"1627.6919866";"Calculated instant fuel consumption km/l.";"8.10126570206654";"km/l."
"1627.6926661";"Average speed";"41.2968271948709";"km/h"
"1627.6927926";"Distance travelled (total)";"1006.78155379786";"km"
"1627.6933066";"Fuel used";"0.0230604872116836";"l"
"1627.6934557";"Instant engine power (based on fuel consumption)";"13.6776642038131";"hp"
"1627.7091639";"Average fuel consumption (total)";"3.89672565504777";"l/100km"
"1627.7095171";"Average fuel consumption";"4.07000964770417";"l/100km"
"1627.7097449";"Fuel used (total)";"39.2316023011478";"l"
"1627.7099642";"Fuel used price";"0.0297480285030718";"€"
"1627.7254553";"Distance to empty";"0";"km"
"1627.7258316";"Average fuel consumption km/l.";"24.5699663283129";"km/l."
"1627.7261803";"Fuel used price (total)";"50.6087669684807";"€"
"1627.7760723";"Absolute pedal position D";"24";"%"
"1627.7760723";"Engine fuel rate";"4.70000007003546";"l/h"
"1627.7760723";"Engine RPM";"1290";"rpm"
"1627.7760723";"Vehicle speed";"32";"km/h"
"1627.7801787";"Calculated instant fuel consumption";"13.1250001955777";"l/100km"
"1627.7804586";"Distance travelled";"0.567408487638889";"km"
"1627.7809578";"Vehicle acceleration";"0";"m_sec2"
"1627.7840305";"Calculated instant fuel rate";"4.70000007003546";"l/h"
"1627.7868953";"Calculated instant fuel consumption km/l.";"7.61904750551496";"km/l."
"1627.7883067";"Average speed";"41.2761715654545";"km/h"
"1627.7885703";"Distance travelled (total)";"1006.7823668912";"km"
"1627.7897915";"Fuel used";"0.0231864415996716";"l"
"1627.7900648";"Instant engine power (based on fuel consumption)";"15.3059575614099";"hp"
"1627.8132614";"Average fuel consumption (total)";"3.89673116964589";"l/100km"
"1627.8136601";"Average fuel consumption";"4.08637553099628";"l/100km"
"1627.8140174";"Fuel used (total)";"39.2317282555358";"l"
"1627.8151254";"Fuel used price";"0.0299105096635763";"€"
"1627.836935";"Distance to empty";"0";"km"
"1627.8372616";"Average fuel consumption km/l.";"24.4715639180669";"km/l."
"1627.8374907";"Fuel used price (total)";"50.6089294496412";"€"
"1627.8428427";"Absolute pedal position D";"24";"%"
"1627.8428427";"Engine fuel rate";"5.05000007525086";"l/h"
"1627.8428427";"Engine RPM";"1294";"rpm"
"1627.8428427";"Vehicle speed";"33";"km/h"
"1627.8453873";"Calculated instant fuel consumption";"14.2424244546529";"l/100km"
"1627.8455213";"Distance travelled";"0.568004897555555";"km"
"1627.8458944";"Vehicle acceleration";"0.730755694925282";"m_sec2"
"1627.8472977";"Calculated instant fuel rate";"5.05000007525086";"l/h"
"1627.8487554";"Calculated instant fuel consumption km/l.";"7.02127649111951";"km/l."
"1627.8494826";"Average speed";"41.2684879122698";"km/h"
"1627.8496141";"Distance travelled (total)";"1006.78296330111";"km"
"1627.8504372";"Fuel used";"0.0232715147426059";"l"
"1627.8505775";"Instant engine power (based on fuel consumption)";"16.4457629117276";"hp"
"1627.8634878";"Average fuel consumption (total)";"3.8967413718345";"l/100km"
"1627.8636678";"Average fuel consumption";"4.09706233920805";"l/100km"
"1627.8638427";"Fuel used (total)";"39.2318133286787";"l"
"1627.8640087";"Fuel used price";"0.0300202540179617";"€"
"1627.8770043";"Distance to empty";"0";"km"
"1627.8772724";"Average fuel consumption km/l.";"24.4077321067391";"km/l."
"1627.8774468";"Fuel used price (total)";"50.6090391939956";"€"
"1627.9501448";"Absolute pedal position D";"24";"%"
"1627.9501448";"Engine fuel rate";"5.2500000782311";"l/h"
"1627.9501448";"Engine RPM";"1303";"rpm"
"1627.9501448";"Vehicle speed";"33";"km/h"
"1627.9541495";"Calculated instant fuel consumption";"15.3030305310632";"l/100km"
"1627.9544585";"Distance travelled";"0.569003411555555";"km"
"1627.9549566";"Vehicle acceleration";"0.730755694925282";"m_sec2"
"1627.9576822";"Calculated instant fuel rate";"5.2500000782311";"l/h"
"1627.9610341";"Calculated instant fuel consumption km/l.";"6.53465336797261";"km/l."
"1627.9622707";"Average speed";"41.2472004486341";"km/h"
"1627.9625379";"Distance travelled (total)";"1006.78396181511";"km"
"1627.9637136";"Fuel used";"0.0234366969534007";"l"
"1627.9639824";"Instant engine power (based on fuel consumption)";"17.0970802547663";"hp"
"1627.9795656";"Average fuel consumption (total)";"3.89674595709177";"l/100km"
"1627.9797715";"Average fuel consumption";"4.1189027126092";"l/100km"
"1627.9799102";"Fuel used (total)";"39.2319785108895";"l"
"1627.9800967";"Fuel used price";"0.0302333390698869";"€"
"1627.991658";"Distance to empty";"0";"km"
"1627.9919434";"Average fuel consumption km/l.";"24.2783107486054";"km/l."
"1627.9921523";"Fuel used price (total)";"50.6092522790475";"€"
"1628.0311279";"Absolute pedal position D";"24";"%"
"1628.0311279";"Engine fuel rate";"5.2500000782311";"l/h"
"1628.0311279";"Engine RPM";"1314";"rpm"
"1628.0311279";"Vehicle speed";"33";"km/h"
"1628.0357756";"Calculated instant fuel consumption";"15.9090911461548";"l/100km"
"1628.0364021";"Distance travelled";"0.569754485138889";"km"
"1628.0369341";"Vehicle acceleration";"0";"m_sec2"
"1628.0395665";"Calculated instant fuel rate";"5.2500000782311";"l/h"
"1628.0427637";"Calculated instant fuel consumption km/l.";"6.28571419204984";"km/l."
"1628.0445796";"Average speed";"41.2333079943439";"km/h"
"1628.0451559";"Distance travelled (total)";"1006.7847128887";"km"
"1628.0464182";"Fuel used";"0.0235572999551978";"l"
"1628.0466914";"Instant engine power (based on fuel consumption)";"17.0970802547663";"hp"
"1628.0630335";"Average fuel consumption (total)";"3.89675945697706";"l/100km"
"1628.063412";"Average fuel consumption";"4.13464054599855";"l/100km"
"1628.0637692";"Fuel used (total)";"39.2320991138913";"l"
"1628.0641241";"Fuel used price";"0.0303889169422052";"€"
"1628.0815072";"Distance to empty";"0";"km"
"1628.0818267";"Average fuel consumption km/l.";"24.1858993272773";"km/l."
"1628.0820371";"Fuel used price (total)";"50.6094078569198";"€"
"1628.1230021";"Absolute pedal position D";"24";"%"
"1628.1230021";"Engine fuel rate";"5.2500000782311";"l/h"
"1628.1230021";"Engine RPM";"1325";"rpm"
"1628.1230021";"Vehicle speed";"33";"km/h"
"1628.1271686";"Calculated instant fuel consumption";"15.9090911461548";"l/100km"
"1628.1274337";"Distance travelled";"0.570588901138889";"km"
"1628.1285654";"Vehicle acceleration";"0";"m_sec2"
"1628.1313112";"Calculated instant fuel rate";"5.2500000782311";"l/h"
"1628.1344747";"Calculated instant fuel consumption km/l.";"6.28571419204984";"km/l."
"1628.1362671";"Average speed";"41.2177244418239";"km/h"
"1628.1365554";"Distance travelled (total)";"1006.7855473047";"km"
"1628.1380729";"Fuel used";"0.0236909547488561";"l"
"1628.1383483";"Instant engine power (based on fuel consumption)";"17.0970802547663";"hp"
"1628.1625225";"Average fuel consumption (total)";"3.89676820638925";"l/100km"
"1628.1630257";"Average fuel consumption";"4.15201815204769";"l/100km"
"1628.1632922";"Fuel used (total)";"39.232232768685";"l"
"1628.1636451";"Fuel used price";"0.0305613316260243";"€"
"1628.1657564";"Distance to empty";"0";"km"
"1628.1666129";"Average fuel consumption km/l.";"24.0846731247266";"km/l."
"1628.1670399";"Fuel used price (total)";"50.6095802716036";"€"
"1628.203697";"Absolute pedal position D";"24";"%"
"1628.203697";"Engine fuel rate";"5.2500000782311";"l/h"
"1628.203697";"Engine RPM";"1344";"rpm"
"1628.203697";"Vehicle speed";"34";"km/h"
"1628.2078289";"Calculated instant fuel consumption";"15.4411767006797";"l/100km"
"1628.2080985";"Distance travelled";"0.571350683416666";"km"
"1628.2086173";"Vehicle acceleration";"1.61801615686214";"m_sec2"
"1628.2113686";"Calculated instant fuel rate";"5.2500000782311";"l/h"
"1628.2151417";"Calculated instant fuel consumption km/l.";"6.47619037968772";"km/l."
"1628.2168974";"Average speed";"41.2060393922823";"km/h"
"1628.2170294";"Distance travelled (total)";"1006.78630908697";"km"
"1628.2180305";"Fuel used";"0.0238075569589269";"l"
"1628.2181819";"Instant engine power (based on fuel consumption)";"17.0970802547663";"hp"
"1628.2301297";"Average fuel consumption (total)";"3.89677853329806";"l/100km"
"1628.2303127";"Average fuel consumption";"4.16689043173243";"l/100km"
"1628.2305476";"Fuel used (total)";"39.2323493708951";"l"
"1628.2307156";"Fuel used price";"0.0307117484770157";"€"
"1628.2477477";"Distance to empty";"0";"km"
"1628.2480648";"Average fuel consumption km/l.";"23.9987111824354";"km/l."
"1628.2482764";"Fuel used price (total)";"50.6097306884546";"€"
"1628.278116";"Absolute pedal position D";"24";"%"
"1628.278116";"Engine fuel rate";"5.2500000782311";"l/h"
"1628.278116";"Engine RPM";"1352";"rpm"
"1628.278116";"Vehicle speed";"34";"km/h"
"1628.2799821";"Calculated instant fuel consumption";"15.4411767006797";"l/100km"
"1628.2800852";"Distance travelled";"0.572030574805555";"km"
"1628.2802972";"Vehicle acceleration";"1.61801615686214";"m_sec2"
"1628.2813377";"Calculated instant fuel rate";"5.2500000782311";"l/h"
"1628.2832709";"Calculated instant fuel consumption km/l.";"6.47619037968772";"km/l."
"1628.2838767";"Average speed";"41.1997643484235";"km/h"
"1628.2839761";"Distance travelled (total)";"1006.78698897836";"km"
"1628.2851628";"Fuel used";"0.0239054569187191";"l"
"1628.2852713";"Instant engine power (based on fuel consumption)";"17.0970802547663";"hp"
"1628.29206";"Average fuel consumption (total)";"3.89678748338873";"l/100km"
"1628.2922837";"Average fuel consumption";"4.17905230447604";"l/100km"
"1628.2923885";"Fuel used (total)";"39.2324472708548";"l"
"1628.292531";"Fuel used price";"0.0308380394251476";"€"
"1628.2931807";"Distance to empty";"0";"km"
"1628.293316";"Average fuel consumption km/l.";"23.9288701634324";"km/l."
"1628.2934816";"Fuel used price (total)";"50.6098569794027";"€"
"1628.3686366";"Absolute pedal position D";"24";"%"
"1628.3686366";"Engine fuel rate";"5.30000007897615";"l/h"
"1628.3686366";"Engine RPM";"1375";"rpm"
"1628.3686366";"Vehicle speed";"35";"km/h"
"1628.3730082";"Calculated instant fuel consumption";"15.0000002235174";"l/100km"
"1628.3732679";"Distance travelled";"0.572936433138889";"km"
"1628.3737733";"Vehicle acceleration";"0.824662828355998";"m_sec2"
"1628.3765164";"Calculated instant fuel rate";"5.30000007897615";"l/h"
"1628.3794008";"Calculated instant fuel consumption km/l.";"6.66666656732559";"km/l."
"1628.3808859";"Average speed";"41.1851472233852";"km/h"
"1628.3813729";"Distance travelled (total)";"1006.7878948367";"km"
"1628.3831019";"Fuel used";"0.0240496292875341";"l"
"1628.3833893";"Instant engine power (based on fuel consumption)";"17.259909590526";"hp"
"1628.404298";"Average fuel consumption (total)";"3.89679370124116";"l/100km"
"1628.4044836";"Average fuel consumption";"4.19760865193645";"l/100km"
"1628.4047465";"Fuel used (total)";"39.2325914432237";"l"
"1628.4050345";"Fuel used price";"0.031024021780919";"€"
"1628.4206201";"Distance to empty";"0";"km"
"1628.420991";"Average fuel consumption km/l.";"23.8230879274245";"km/l."
"1628.4212197";"Fuel used price (total)";"50.6100429617585";"€"
"1628.4655898";"Absolute pedal position D";"24";"%"
"1628.4655898";"Engine fuel rate";"5.30000007897615";"l/h"
"1628.4655898";"Engine RPM";"1376";"rpm"
"1628.4655898";"Vehicle speed";"35";"km/h"
"1628.4674672";"Calculated instant fuel consumption";"15.1428573685033";"l/100km"
"1628.4675717";"Distance travelled";"0.573853293138889";"km"
"1628.4677847";"Vehicle acceleration";"0.824662828355998";"m_sec2"
"1628.4687763";"Calculated instant fuel rate";"5.30000007897615";"l/h"
"1628.4706293";"Calculated instant fuel consumption km/l.";"6.60377348650177";"km/l."
"1628.4712982";"Average speed";"41.1766533048177";"km/h"
"1628.4714065";"Distance travelled (total)";"1006.7888116967";"km"
"1628.4718703";"Fuel used";"0.0241803184561482";"l"
"1628.4719843";"Instant engine power (based on fuel consumption)";"17.259909590526";"hp"
"1628.4773185";"Average fuel consumption (total)";"3.89680447253946";"l/100km"
"1628.4774964";"Average fuel consumption";"4.21367599441411";"l/100km"
"1628.4777159";"Fuel used (total)";"39.2327221323923";"l"
"1628.4778925";"Fuel used price";"0.0311926108084311";"€"
"1628.4935432";"Distance to empty";"0";"km"
"1628.4938363";"Average fuel consumption km/l.";"23.7322471240233";"km/l."
"1628.4940385";"Fuel used price (total)";"50.610211550786";"€"
"1628.5265812";"Absolute pedal position D";"24";"%"
"1628.5265812";"Engine fuel rate";"5.30000007897615";"l/h"
"1628.5265812";"Engine RPM";"1392";"rpm"
"1628.5265812";"Vehicle speed";"35";"km/h"
"1628.530792";"Calculated instant fuel consumption";"15.1428573685033";"l/100km"
"1628.5310533";"Distance travelled";"0.574470388833333";"km"
"1628.5315538";"Vehicle acceleration";"0.824662828355998";"m_sec2"
"1628.5342364";"Calculated instant fuel rate";"5.30000007897615";"l/h"
"1628.5373267";"Calculated instant fuel consumption km/l.";"6.60377348650177";"km/l."
"1628.5388477";"Average speed";"41.1656699431109";"km/h"
"1628.5392001";"Distance travelled (total)";"1006.78942879239";"km"
"1628.5405759";"Fuel used";"0.0242814533520996";"l"
"1628.5408665";"Instant engine power (based on fuel consumption)";"17.259909590526";"hp"
"1628.565694";"Average fuel consumption (total)";"3.89681506483939";"l/100km"
"1628.5662488";"Average fuel consumption";"4.22675455934496";"l/100km"
"1628.5665151";"Fuel used (total)";"39.2328232672882";"l"
"1628.5668757";"Fuel used price";"0.0313230748242085";"€"
"1628.5689757";"Distance to empty";"0";"km"
"1628.5694626";"Average fuel consumption km/l.";"23.6588140134395";"km/l."
"1628.5698834";"Fuel used price (total)";"50.6103420148018";"€"
"1628.5932789";"Absolute pedal position D";"24";"%"
"1628.5932789";"Engine fuel rate";"5.35000007972121";"l/h"
"1628.5932789";"Engine RPM";"1406";"rpm"
"1628.5932789";"Vehicle speed";"36";"km/h"
"1628.596482";"Calculated instant fuel consumption";"14.7222224416004";"l/100km"
"1628.5966161";"Distance travelled";"0.575126013833333";"km"
"1628.5968726";"Vehicle acceleration";"0.496026431462838";"m_sec2"
"1628.5981513";"Calculated instant fuel rate";"5.35000007972121";"l/h"
"1628.6001943";"Calculated instant fuel consumption km/l.";"6.79245272897325";"km/l."
"1628.6009611";"Average speed";"41.1616077636606";"km/h"
"1628.6010862";"Distance travelled (total)";"1006.79008441739";"km"
"1628.601955";"Fuel used";"0.0243726699617922";"l"
"1628.6020896";"Instant engine power (based on fuel consumption)";"17.4227389262857";"hp"
"1628.6157841";"Average fuel consumption (total)";"3.89682257250195";"l/100km"
"1628.6160367";"Average fuel consumption";"4.23779647860881";"l/100km"
"1628.6162133";"Fuel used (total)";"39.2329144838979";"l"
"1628.6163889";"Fuel used price";"0.0314407442507119";"€"
"1628.6288425";"Distance to empty";"0";"km"
"1628.6291509";"Average fuel consumption km/l.";"23.5971690723638";"km/l."
"1628.6294165";"Fuel used price (total)";"50.6104596842283";"€"
"1628.7212751";"Absolute pedal position D";"24";"%"
"1628.7212751";"Engine fuel rate";"5.35000007972121";"l/h"
"1628.7212751";"Engine RPM";"1415";"rpm"
"1628.7212751";"Vehicle speed";"36";"km/h"
"1628.725679";"Calculated instant fuel consumption";"14.8611113325589";"l/100km"
"1628.7260812";"Distance travelled";"0.576420586833333";"km"
"1628.7266031";"Vehicle acceleration";"0";"m_sec2"
"1628.7293517";"Calculated instant fuel rate";"5.35000007972121";"l/h"
"1628.7320284";"Calculated instant fuel consumption km/l.";"6.72897186234733";"km/l."
"1628.7335143";"Average speed";"41.1458880902113";"km/h"
"1628.7337735";"Distance travelled (total)";"1006.79137899039";"km"
"1628.7349337";"Fuel used";"0.0245702747411256";"l"
"1628.7353375";"Instant engine power (based on fuel consumption)";"17.4227389262857";"hp"
"1628.7491062";"Average fuel consumption (total)";"3.89682662194036";"l/100km"
"1628.7495561";"Average fuel consumption";"4.26256023854157";"l/100km"
"1628.7499461";"Fuel used (total)";"39.2331120886772";"l"
"1628.7503046";"Fuel used price";"0.0316956544160521";"€"
"1628.766848";"Distance to empty";"0";"km"
"1628.7672074";"Average fuel consumption km/l.";"23.4600790144411";"km/l."
"1628.7674176";"Fuel used price (total)";"50.6107145943936";"€"
"1628.8261887";"Absolute pedal position D";"24";"%"
"1628.8261887";"Engine fuel rate";"5.40000008046627";"l/h"
"1628.8261887";"Engine RPM";"1437";"rpm"
"1628.8261887";"Vehicle speed";"36";"km/h"
"1628.8300549";"Calculated instant fuel consumption";"14.8611113325589";"l/100km"
"1628.8303268";"Distance travelled";"0.577462992833333";"km"
"1628.8308515";"Vehicle acceleration";"0";"m_sec2"
"1628.8335804";"Calculated instant fuel rate";"5.40000008046627";"l/h"
"1628.8365939";"Calculated instant fuel consumption km/l.";"6.72897186234733";"km/l."
"1628.8380155";"Average speed";"41.1350579228231";"km/h"
"1628.8382744";"Distance travelled (total)";"1006.79242139639";"km"
"1628.839945";"Fuel used";"0.0247277831434727";"l"
"1628.8403042";"Instant engine power (based on fuel consumption)";"17.5855682620454";"hp"
"1628.8514019";"Average fuel consumption (total)";"3.89684221443206";"l/100km"
"1628.851841";"Average fuel consumption";"4.28214161779361";"l/100km"
"1628.8521025";"Fuel used (total)";"39.2332695970796";"l"
"1628.8524621";"Fuel used price";"0.0318988402550798";"€"
"1628.8558452";"Distance to empty";"0";"km"
"1628.8565959";"Average fuel consumption km/l.";"23.3528007538259";"km/l."
"1628.8570182";"Fuel used price (total)";"50.6109177802327";"€"
"1628.8945343";"Absolute pedal position D";"24";"%"
"1628.8945343";"Engine fuel rate";"5.35000007972121";"l/h"
"1628.8945343";"Engine RPM";"1434";"rpm"
"1628.8945343";"Vehicle speed";"36";"km/h"
"1628.897338";"Calculated instant fuel consumption";"15.0000002235174";"l/100km"
"1628.897601";"Distance travelled";"0.578135685833333";"km"
"1628.8982086";"Vehicle acceleration";"0";"m_sec2"
"1628.9009624";"Calculated instant fuel rate";"5.35000007972121";"l/h"
"1628.9034261";"Calculated instant fuel consumption km/l.";"6.66666656732559";"km/l."
"1628.9047408";"Average speed";"41.1286685501421";"km/h"
"1628.9049941";"Distance travelled (total)";"1006.79309408939";"km"
"1628.9062695";"Fuel used";"0.0248263409935524";"l"
"1628.9065773";"Instant engine power (based on fuel consumption)";"17.4227389262857";"hp"
"1628.9183714";"Average fuel consumption (total)";"3.89685525530593";"l/100km"
"1628.9185538";"Average fuel consumption";"4.29420663728228";"l/100km"
"1628.9187322";"Fuel used (total)";"39.2333681549297";"l"
"1628.9189281";"Fuel used price";"0.0320259798816826";"€"
"1628.9315348";"Distance to empty";"0";"km"
"1628.9318646";"Average fuel consumption km/l.";"23.2871886349857";"km/l."
"1628.9320848";"Fuel used price (total)";"50.6110449198593";"€"
"1628.9703274";"Absolute pedal position D";"24";"%"
"1628.9703274";"Engine fuel rate";"5.40000008046627";"l/h"
"1628.9703274";"Engine RPM";"1458";"rpm"
"1628.9703274";"Vehicle speed";"37";"km/h"
"1628.9745504";"Calculated instant fuel consumption";"14.4594596749222";"l/100km"
"1628.9748104";"Distance travelled";"0.578929164194444";"km"
"1628.9753181";"Vehicle acceleration";"1.11684274809433";"m_sec2"
"1628.9781507";"Calculated instant fuel rate";"5.40000008046627";"l/h"
"1628.9809743";"Calculated instant fuel consumption km/l.";"6.91588774741253";"km/l."
"1628.9826667";"Average speed";"41.1220274428608";"km/h"
"1628.9829463";"Distance travelled (total)";"1006.79388756775";"km"
"1628.9845811";"Fuel used";"0.0249437990953027";"l"
"1628.9848563";"Instant engine power (based on fuel consumption)";"17.5855682620454";"hp"
"1629.0025534";"Average fuel consumption (total)";"3.89686197337879";"l/100km"
"1629.0027926";"Average fuel consumption";"4.30860986767024";"l/100km"
"1629.0029709";"Fuel used (total)";"39.2334856130314";"l"
"1629.0031434";"Fuel used price";"0.0321775008329405";"€"
"1629.0168478";"Distance to empty";"0";"km"
"1629.0171694";"Average fuel consumption km/l.";"23.2093420085101";"km/l."
"1629.0173768";"Fuel used price (total)";"50.6111964408105";"€"
"1629.0588972";"Absolute pedal position D";"24";"%"
"1629.0588972";"Engine fuel rate";"5.45000008121133";"l/h"
"1629.0588972";"Engine RPM";"1468";"rpm"
"1629.0588972";"Vehicle speed";"37";"km/h"
"1629.0628475";"Calculated instant fuel consumption";"14.594594812071";"l/100km"
"1629.0631059";"Distance travelled";"0.579836595361111";"km"
"1629.0636184";"Vehicle acceleration";"1.11684274809433";"m_sec2"
"1629.0665231";"Calculated instant fuel rate";"5.45000008121133";"l/h"
"1629.0699373";"Calculated instant fuel consumption km/l.";"6.8518517497513";"km/l."
"1629.0713436";"Average speed";"41.1143170575929";"km/h"
"1629.0715992";"Distance travelled (total)";"1006.79479499892";"km"
"1629.0729738";"Fuel used";"0.0250776073459077";"l"
"1629.0733956";"Instant engine power (based on fuel consumption)";"17.7483975978051";"hp"
"1629.0813559";"Average fuel consumption (total)";"3.89687012764837";"l/100km"
"1629.0815375";"Average fuel consumption";"4.32494388014435";"l/100km"
"1629.0817171";"Fuel used (total)";"39.233619421282";"l"
"1629.0818864";"Fuel used price";"0.0323501134762209";"€"
"1629.0979801";"Distance to empty";"0";"km"
"1629.0982868";"Average fuel consumption km/l.";"23.1216873030645";"km/l."
"1629.0984887";"Fuel used price (total)";"50.6113690534538";"€"
"1629.1407788";"Absolute pedal position D";"24";"%"
"1629.1407788";"Engine fuel rate";"5.45000008121133";"l/h"
"1629.1407788";"Engine RPM";"1483";"rpm"
"1629.1407788";"Vehicle speed";"37";"km/h"
"1629.1433869";"Calculated instant fuel consumption";"14.7297299492198";"l/100km"
"1629.1435148";"Distance travelled";"0.580663021194444";"km"
"1629.1437802";"Vehicle acceleration";"1.11684274809433";"m_sec2"
"1629.1450942";"Calculated instant fuel rate";"5.45000008121133";"l/h"
"1629.1470656";"Calculated instant fuel consumption km/l.";"6.78899072452423";"km/l."
"1629.1478964";"Average speed";"41.1108761094613";"km/h"
"1629.1480322";"Distance travelled (total)";"1006.79562142475";"km"
"1629.148612";"Fuel used";"0.0251921150267807";"l"
"1629.1487397";"Instant engine power (based on fuel consumption)";"17.7483975978051";"hp"
"1629.1642019";"Average fuel consumption (total)";"3.89688021941943";"l/100km"
"1629.1645375";"Average fuel consumption";"4.33850858540287";"l/100km"
"1629.1648222";"Fuel used (total)";"39.2337339289629";"l"
"1629.1650503";"Fuel used price";"0.0324978283845471";"€"
"1629.1819902";"Distance to empty";"0";"km"
"1629.1823566";"Average fuel consumption km/l.";"23.0493954388969";"km/l."
"1629.1826813";"Fuel used price (total)";"50.6115167683621";"€"
"1629.2017993";"Absolute pedal position D";"24";"%"
"1629.2017993";"Engine fuel rate";"5.50000008195639";"l/h"
"1629.2017993";"Engine RPM";"1492";"rpm"
"1629.2017993";"Vehicle speed";"38";"km/h"
"1629.2043939";"Calculated instant fuel consumption";"14.3421054768719";"l/100km"
"1629.2045745";"Distance travelled";"0.581307496972222";"km"
"1629.2049104";"Vehicle acceleration";"0.58069014791804";"m_sec2"
"1629.2067346";"Calculated instant fuel rate";"5.50000008195639";"l/h"
"1629.2086958";"Calculated instant fuel consumption km/l.";"6.97247696032218";"km/l."
"1629.2098495";"Average speed";"41.106439140035";"km/h"
"1629.2100292";"Distance travelled (total)";"1006.79626590053";"km"
"1629.211188";"Fuel used";"0.0252877108337607";"l"
"1629.2113642";"Instant engine power (based on fuel consumption)";"17.9112269335647";"hp"
"1629.2351609";"Average fuel consumption (total)";"3.8968890983987";"l/100km"
"1629.2353918";"Average fuel consumption";"4.35014359275829";"l/100km"
"1629.2356254";"Fuel used (total)";"39.2338295247699";"l"
"1629.2358536";"Fuel used price";"0.0326211469755513";"€"
"1629.2541062";"Distance to empty";"0";"km"
"1629.2545036";"Average fuel consumption km/l.";"22.98774692552";"km/l."
"1629.2547864";"Fuel used price (total)";"50.6116400869531";"€"
"1629.2685561";"Absolute pedal position D";"24";"%"
"1629.2685561";"Engine fuel rate";"5.50000008195639";"l/h"
"1629.2685561";"Engine RPM";"1491";"rpm"
"1629.2685561";"Vehicle speed";"38";"km/h"
"1629.2716387";"Calculated instant fuel consumption";"14.473684426201";"l/100km"
"1629.2718315";"Distance travelled";"0.58201738975";"km"
"1629.2721042";"Vehicle acceleration";"0";"m_sec2"
"1629.2737156";"Calculated instant fuel rate";"5.50000008195639";"l/h"
"1629.2766988";"Calculated instant fuel consumption km/l.";"6.90909080613743";"km/l."
"1629.2782913";"Average speed";"41.1013846056609";"km/h"
"1629.2784408";"Distance travelled (total)";"1006.79697579331";"km"
"1629.2790809";"Fuel used";"0.0253914330436396";"l"
"1629.279209";"Instant engine power (based on fuel consumption)";"17.9112269335647";"hp"
"1629.2990334";"Average fuel consumption (total)";"3.89689584574443";"l/100km"
"1629.299205";"Average fuel consumption";"4.36265882958347";"l/100km"
"1629.2994538";"Fuel used (total)";"39.2339332469798";"l"
"1629.2996315";"Fuel used price";"0.0327549486262951";"€"
"1629.3140139";"Distance to empty";"0";"km"
"1629.3143111";"Average fuel consumption km/l.";"22.9218015678635";"km/l."
"1629.3145158";"Fuel used price (total)";"50.6117738886039";"€"
"1629.337522";"Absolute pedal position D";"24";"%"
"1629.337522";"Engine fuel rate";"5.55000008270144";"l/h"
"1629.337522";"Engine RPM";"1506";"rpm"
"1629.337522";"Vehicle speed";"38";"km/h"
"1629.3417271";"Calculated instant fuel consumption";"14.473684426201";"l/100km"
"1629.3420047";"Distance travelled";"0.582758020305555";"km"
"1629.3425283";"Vehicle acceleration";"0";"m_sec2"
"1629.3469837";"Calculated instant fuel rate";"5.55000008270144";"l/h"
"1629.3500468";"Calculated instant fuel consumption km/l.";"6.90909080613743";"km/l."
"1629.3514667";"Average speed";"41.094734902354";"km/h"
"1629.3517255";"Distance travelled (total)";"1006.79771642386";"km"
"1629.3530196";"Fuel used";"0.0255054070745046";"l"
"1629.35329";"Instant engine power (based on fuel consumption)";"18.0740562693244";"hp"
"1629.3629183";"Average fuel consumption (total)";"3.89690328126075";"l/100km"
"1629.36316";"Average fuel consumption";"4.37667199520162";"l/100km"
"1629.3632853";"Fuel used (total)";"39.2340472210106";"l"
"1629.3634578";"Fuel used price";"0.032901975126111";"€"
"1629.3646099";"Distance to empty";"0";"km"
"1629.3648678";"Average fuel consumption km/l.";"22.8484108723787";"km/l."
"1629.3651519";"Fuel used price (total)";"50.6119209151037";"€"
"1629.4258572";"Absolute pedal position D";"24";"%"
"1629.4258572";"Engine fuel rate";"5.6000000834465";"l/h"
"1629.4258572";"Engine RPM";"1520";"rpm"
"1629.4258572";"Vehicle speed";"38";"km/h"
"1629.4306547";"Calculated instant fuel consumption";"14.6052633755301";"l/100km"
"1629.4309144";"Distance travelled";"0.583696471472222";"km"
"1629.431425";"Vehicle acceleration";"0";"m_sec2"
"1629.434182";"Calculated instant fuel rate";"5.6000000834465";"l/h"
"1629.4369019";"Calculated instant fuel consumption km/l.";"6.84684674482088";"km/l."
"1629.4382853";"Average speed";"41.091028373283";"km/h"
"1629.4385367";"Distance travelled (total)";"1006.79865487503";"km"
"1629.4399769";"Fuel used";"0.0256406665209646";"l"
"1629.4402779";"Instant engine power (based on fuel consumption)";"18.2368856050841";"hp"
"1629.453141";"Average fuel consumption (total)";"3.8969109693418";"l/100km"
"1629.453513";"Average fuel consumption";"4.39280821011179";"l/100km"
"1629.4539137";"Fuel used (total)";"39.2341824804571";"l"
"1629.4542753";"Fuel used price";"0.0330764598120443";"€"
"1629.4705414";"Distance to empty";"0";"km"
"1629.4709509";"Average fuel consumption km/l.";"22.7644812195102";"km/l."
"1629.4711702";"Fuel used price (total)";"50.6120953997896";"€"
"1629.4932035";"Absolute pedal position D";"24";"%"
"1629.4932035";"Engine fuel rate";"5.55000008270144";"l/h"
"1629.4932035";"Engine RPM";"1522";"rpm"
"1629.4932035";"Vehicle speed";"39";"km/h"
"1629.4955299";"Calculated instant fuel consumption";"14.3589745729398";"l/100km"
"1629.495655";"Distance travelled";"0.584397829055555";"km"
"1629.4960025";"Vehicle acceleration";"1.24107111387125";"m_sec2"
"1629.4981752";"Calculated instant fuel rate";"5.55000008270144";"l/h"
"1629.5000306";"Calculated instant fuel consumption km/l.";"6.96428561050977";"km/l."
"1629.5009556";"Average speed";"41.0900028700844";"km/h"
"1629.5011141";"Distance travelled (total)";"1006.79935623261";"km"
"1629.5020885";"Fuel used";"0.0257364202098914";"l"
"1629.5022581";"Instant engine power (based on fuel consumption)";"18.0740562693244";"hp"
"1629.5189985";"Average fuel consumption (total)";"3.89692168926977";"l/100km"
"1629.5191719";"Average fuel consumption";"4.40392125540302";"l/100km"
"1629.5194167";"Fuel used (total)";"39.234278234146";"l"
"1629.5195893";"Fuel used price";"0.03319998207076";"€"
"1629.5326421";"Distance to empty";"0";"km"
"1629.5329205";"Average fuel consumption km/l.";"22.7070363434208";"km/l."
"1629.5331231";"Fuel used price (total)";"50.6122189220483";"€"
"1629.5685474";"Absolute pedal position D";"24";"%"
"1629.5685474";"Engine fuel rate";"5.6000000834465";"l/h"
"1629.5685474";"Engine RPM";"1538";"rpm"
"1629.5685474";"Vehicle speed";"39";"km/h"
"1629.5734375";"Calculated instant fuel consumption";"14.2307694428242";"l/100km"
"1629.573745";"Distance travelled";"0.585243719555555";"km"
"1629.5742832";"Vehicle acceleration";"1.24107111387125";"m_sec2"
"1629.5771361";"Calculated instant fuel rate";"5.6000000834465";"l/h"
"1629.5800337";"Calculated instant fuel consumption km/l.";"7.02702692231617";"km/l."
"1629.5816321";"Average speed";"41.0847823075005";"km/h"
"1629.5818967";"Distance travelled (total)";"1006.80020212311";"km"
"1629.5831391";"Fuel used";"0.0258624855451033";"l"
"1629.5834106";"Instant engine power (based on fuel consumption)";"18.2368856050841";"hp"
"1629.6013803";"Average fuel consumption (total)";"3.89692792585956";"l/100km"
"1629.6017291";"Average fuel consumption";"4.41909663972878";"l/100km"
"1629.6021011";"Fuel used (total)";"39.2344042994812";"l"
"1629.6024615";"Fuel used price";"0.0333626063531833";"€"
"1629.6207812";"Distance to empty";"0";"km"
"1629.6210939";"Average fuel consumption km/l.";"22.6290593197205";"km/l."
"1629.6212989";"Fuel used price (total)";"50.6123815463308";"€"
"1629.6594949";"Absolute pedal position D";"24";"%"
"1629.6594949";"Engine fuel rate";"5.6000000834465";"l/h"
"1629.6594949";"Engine RPM";"1544";"rpm"
"1629.6594949";"Vehicle speed";"39";"km/h"
"1629.6624818";"Calculated instant fuel consumption";"14.3589745729398";"l/100km"
"1629.6626517";"Distance travelled";"0.586206881972222";"km"
"1629.6629146";"Vehicle acceleration";"1.24107111387125";"m_sec2"
"1629.6642143";"Calculated instant fuel rate";"5.6000000834465";"l/h"
"1629.665838";"Calculated instant fuel consumption km/l.";"6.96428561050977";"km/l."
"1629.6666019";"Average speed";"41.0842710814413";"km/h"
"1629.6667273";"Distance travelled (total)";"1006.80116528553";"km"
"1629.6672837";"Fuel used";"0.0259933774581648";"l"
"1629.6674116";"Instant engine power (based on fuel consumption)";"18.2368856050841";"hp"
"1629.6828694";"Average fuel consumption (total)";"3.89693671921351";"l/100km"
"1629.683106";"Average fuel consumption";"4.43416450020397";"l/100km"
"1629.6833408";"Fuel used (total)";"39.2345351913943";"l"
"1629.6835707";"Fuel used price";"0.0335314569210326";"€"
"1629.6986071";"Distance to empty";"0";"km"
"1629.6989761";"Average fuel consumption km/l.";"22.5521628697808";"km/l."
"1629.6993849";"Fuel used price (total)";"50.6125503968986";"€"
"1629.7334308";"Absolute pedal position D";"24";"%"
"1629.7334308";"Engine fuel rate";"5.70000008493662";"l/h"
"1629.7334308";"Engine RPM";"1561";"rpm"
"1629.7334308";"Vehicle speed";"39";"km/h"
"1629.7365094";"Calculated instant fuel consumption";"14.3589745729398";"l/100km"
"1629.7369451";"Distance travelled";"0.587011646972222";"km"
"1629.737338";"Vehicle acceleration";"1.24107111387125";"m_sec2"
"1629.7394211";"Calculated instant fuel rate";"5.70000008493662";"l/h"
"1629.741724";"Calculated instant fuel consumption km/l.";"6.96428561050977";"km/l."
"1629.7429383";"Average speed";"41.0796376327658";"km/h"
"1629.7431025";"Distance travelled (total)";"1006.80197005053";"km"
"1629.7438116";"Fuel used";"0.026114540301637";"l"
"1629.7439815";"Instant engine power (based on fuel consumption)";"18.5625442766035";"hp"
"1629.7652008";"Average fuel consumption (total)";"3.89694660504342";"l/100km"
"1629.7655348";"Average fuel consumption";"4.44872609194971";"l/100km"
"1629.7657061";"Fuel used (total)";"39.2346563542378";"l"
"1629.7660052";"Fuel used price";"0.0336877569891117";"€"
"1629.7678153";"Distance to empty";"0";"km"
"1629.768511";"Average fuel consumption km/l.";"22.4783450212764";"km/l."
"1629.7691411";"Fuel used price (total)";"50.6127066969667";"€"
"1629.7948874";"Absolute pedal position D";"24";"%"
"1629.7948874";"Engine fuel rate";"5.70000008493662";"l/h"
"1629.7948874";"Engine RPM";"1567";"rpm"
"1629.7948874";"Vehicle speed";"40";"km/h"
"1629.7977974";"Calculated instant fuel consumption";"14.2500002123415";"l/100km"
"1629.7979689";"Distance travelled";"0.587689668083333";"km"
"1629.7983046";"Vehicle acceleration";"0.527899933822464";"m_sec2"
"1629.8001977";"Calculated instant fuel rate";"5.70000008493662";"l/h"
"1629.8028596";"Calculated instant fuel consumption km/l.";"7.01754375507957";"km/l."
"1629.8038017";"Average speed";"41.0784828121451";"km/h"
"1629.8039603";"Distance travelled (total)";"1006.80264807164";"km"
"1629.804951";"Fuel used";"0.0262113386530794";"l"
"1629.8051281";"Instant engine power (based on fuel consumption)";"18.5625442766035";"hp"
"1629.820442";"Average fuel consumption (total)";"3.89695601510238";"l/100km"
"1629.8206297";"Average fuel consumption";"4.46006456750617";"l/100km"
"1629.8208154";"Fuel used (total)";"39.2347531525892";"l"
"1629.8209948";"Fuel used price";"0.0338126268624724";"€"
"1629.8346567";"Distance to empty";"0";"km"
"1629.8349605";"Average fuel consumption km/l.";"22.4212000715305";"km/l."
"1629.8351623";"Fuel used price (total)";"50.6128315668401";"€"
"1629.8611353";"Absolute pedal position D";"24";"%"
"1629.8611353";"Engine fuel rate";"5.70000008493662";"l/h"
"1629.8611353";"Engine RPM";"1576";"rpm"
"1629.8611353";"Vehicle speed";"40";"km/h"
"1629.8643522";"Calculated instant fuel consumption";"14.2500002123415";"l/100km"
"1629.864526";"Distance travelled";"0.588429161416667";"km"
"1629.8648623";"Vehicle acceleration";"0";"m_sec2"
"1629.8666736";"Calculated instant fuel rate";"5.70000008493662";"l/h"
"1629.8686394";"Calculated instant fuel consumption km/l.";"7.01754375507957";"km/l."
"1629.8696268";"Average speed";"41.0776727548226";"km/h"
"1629.8697877";"Distance travelled (total)";"1006.80338756497";"km"
"1629.8707795";"Fuel used";"0.0263155618879658";"l"
"1629.8709545";"Instant engine power (based on fuel consumption)";"18.5625442766035";"hp"
"1629.8827478";"Average fuel consumption (total)";"3.8969627672272";"l/100km"
"1629.8831452";"Average fuel consumption";"4.47217160764263";"l/100km"
"1629.8833387";"Fuel used (total)";"39.2348573758241";"l"
"1629.8835766";"Fuel used price";"0.0339470748354758";"€"
"1629.8850523";"Distance to empty";"0";"km"
"1629.8853117";"Average fuel consumption km/l.";"22.3605015132038";"km/l."
"1629.8855846";"Fuel used price (total)";"50.6129660148131";"€"
"1629.9353233";"Absolute pedal position D";"24";"%"
"1629.9353233";"Engine fuel rate";"5.75000008568168";"l/h"
"1629.9353233";"Engine RPM";"1586";"rpm"
"1629.9353233";"Vehicle speed";"40";"km/h"
"1629.9388061";"Calculated instant fuel consumption";"14.2500002123415";"l/100km"
"1629.9390859";"Distance travelled";"0.589257515861111";"km"
"1629.9397044";"Vehicle acceleration";"0";"m_sec2"
"1629.9440225";"Calculated instant fuel rate";"5.75000008568168";"l/h"
"1629.9480172";"Calculated instant fuel consumption km/l.";"7.01754375507957";"km/l."
"1629.9500412";"Average speed";"41.0715257916909";"km/h"
"1629.9503274";"Distance travelled (total)";"1006.80421591942";"km"
"1629.9514868";"Fuel used";"0.0264444567648865";"l"
"1629.9517562";"Instant engine power (based on fuel consumption)";"18.7253736123631";"hp"
"1629.96445";"Average fuel consumption (total)";"3.89696991286381";"l/100km"
"1629.964729";"Average fuel consumption";"4.4877589259497";"l/100km"
"1629.964853";"Fuel used (total)";"39.234986270701";"l"
"1629.9650308";"Fuel used price";"0.0341133492267035";"€"
"1629.9674351";"Distance to empty";"0";"km"
"1629.9676702";"Average fuel consumption km/l.";"22.2828368568925";"km/l."
"1629.9679011";"Fuel used price (total)";"50.6131322892043";"€"
"1630.0040097";"Absolute pedal position D";"23";"%"
"1630.0040097";"Engine fuel rate";"5.75000008568168";"l/h"
"1630.0040097";"Engine RPM";"1587";"rpm"
"1630.0040097";"Vehicle speed";"40";"km/h"
"1630.0084344";"Calculated instant fuel consumption";"14.3750002142042";"l/100km"
"1630.0087011";"Distance travelled";"0.590030953638889";"km"
"1630.0093233";"Vehicle acceleration";"0";"m_sec2"
"1630.0121785";"Calculated instant fuel rate";"5.75000008568168";"l/h"
"1630.0156385";"Calculated instant fuel consumption km/l.";"6.95652163547018";"km/l."
"1630.0177923";"Average speed";"41.0715276517053";"km/h"
"1630.018051";"Distance travelled (total)";"1006.8049893572";"km"
"1630.0197349";"Fuel used";"0.0265534553637329";"l"
"1630.0200944";"Instant engine power (based on fuel consumption)";"18.7253736123631";"hp"
"1630.0435579";"Average fuel consumption (total)";"3.89697972153982";"l/100km"
"1630.044345";"Average fuel consumption";"4.50034954945502";"l/100km"
"1630.0452256";"Fuel used (total)";"39.2350952692999";"l"
"1630.0456416";"Fuel used price";"0.0342539574192154";"€"
"1630.0699081";"Distance to empty";"0";"km"
"1630.0704182";"Average fuel consumption km/l.";"22.2204961861484";"km/l."
"1630.0708389";"Fuel used price (total)";"50.6132728973968";"€"
"1630.1540168";"Absolute pedal position D";"23";"%"
"1630.1540168";"Engine fuel rate";"5.75000008568168";"l/h"
"1630.1540168";"Engine RPM";"1600";"rpm"
"1630.1540168";"Vehicle speed";"40";"km/h"
"1630.1587651";"Calculated instant fuel consumption";"14.3750002142042";"l/100km"
"1630.1590236";"Distance travelled";"0.591701156972222";"km"
"1630.1596416";"Vehicle acceleration";"0";"m_sec2"
"1630.1625177";"Calculated instant fuel rate";"5.75000008568168";"l/h"
"1630.164966";"Calculated instant fuel consumption km/l.";"6.95652163547018";"km/l."
"1630.1666008";"Average speed";"41.0696173325277";"km/h"
"1630.1668772";"Distance travelled (total)";"1006.80665956053";"km"
"1630.1680586";"Fuel used";"0.0267903528117074";"l"
"1630.1684167";"Instant engine power (based on fuel consumption)";"18.7253736123631";"hp"
"1630.1857091";"Average fuel consumption (total)";"3.89698408296445";"l/100km"
"1630.1862976";"Average fuel consumption";"4.52768301971819";"l/100km"
"1630.1865779";"Fuel used (total)";"39.2353321667478";"l"
"1630.1870072";"Fuel used price";"0.0345595551271025";"€"
"1630.1908597";"Distance to empty";"0";"km"
"1630.1913686";"Average fuel consumption km/l.";"22.0863517972652";"km/l."
"1630.1917896";"Fuel used price (total)";"50.6135784951047";"€"
"1630.2205937";"Absolute pedal position D";"9";"%"
"1630.2205937";"Engine fuel rate";"3.40000005066395";"l/h"
"1630.2205937";"Engine RPM";"1580";"rpm"
"1630.2205937";"Vehicle speed";"41";"km/h"
"1630.223045";"Calculated instant fuel consumption";"14.0243904528821";"l/100km"
"1630.2231761";"Distance travelled";"0.592431783805556";"km"
"1630.2233775";"Vehicle acceleration";"0.77475777198259";"m_sec2"
"1630.2245954";"Calculated instant fuel rate";"3.40000005066395";"l/h"
"1630.2265569";"Calculated instant fuel consumption km/l.";"7.13043467635694";"km/l."
"1630.2275313";"Average speed";"41.0720286959574";"km/h"
"1630.2276881";"Distance travelled (total)";"1006.80739018736";"km"
"1630.2288668";"Fuel used";"0.0268477799458964";"l"
"1630.2290972";"Instant engine power (based on fuel consumption)";"11.0723948316582";"hp"
"1630.2542525";"Average fuel consumption (total)";"3.89700478454437";"l/100km"
"1630.254434";"Average fuel consumption";"4.53179263499952";"l/100km"
"1630.2546214";"Fuel used (total)";"39.235389593882";"l"
"1630.2548054";"Fuel used price";"0.0346336361302064";"€"
"1630.2772289";"Distance to empty";"0";"km"
"1630.2775513";"Average fuel consumption km/l.";"22.0663229883224";"km/l."
"1630.2777722";"Fuel used price (total)";"50.6136525761078";"€"
"1630.2823243";"Absolute pedal position D";"7";"%"
"1630.2823243";"Engine fuel rate";"2.25000003352761";"l/h"
"1630.2823243";"Engine RPM";"1599";"rpm"
"1630.2823243";"Vehicle speed";"41";"km/h"
"1630.2849917";"Calculated instant fuel consumption";"8.29268305039987";"l/100km"
"1630.2851495";"Distance travelled";"0.593137561222222";"km"
"1630.2853686";"Vehicle acceleration";"0.77475777198259";"m_sec2"
"1630.2866591";"Calculated instant fuel rate";"2.25000003352761";"l/h"
"1630.2887191";"Calculated instant fuel consumption km/l.";"12.0588233497213";"km/l."
"1630.2896119";"Average speed";"41.0718596503727";"km/h"
"1630.2897376";"Distance travelled (total)";"1006.80809596478";"km"
"1630.2906874";"Fuel used";"0.0268864165714722";"l"
"1630.2908269";"Instant engine power (based on fuel consumption)";"7.32732010918558";"hp"
"1630.3049029";"Average fuel consumption (total)";"3.89700775660574";"l/100km"
"1630.3050765";"Average fuel consumption";"4.53291417189461";"l/100km"
"1630.3052657";"Fuel used (total)";"39.2354282305076";"l"
"1630.3054493";"Fuel used price";"0.0346834773771991";"€"
"1630.3172548";"Distance to empty";"0";"km"
"1630.31756";"Average fuel consumption km/l.";"22.0608633227669";"km/l."
"1630.3177937";"Fuel used price (total)";"50.6137024173548";"€"
"1630.3944061";"Absolute pedal position D";"7";"%"
"1630.3944061";"Engine fuel rate";"1.50000002235174";"l/h"
"1630.3944061";"Engine RPM";"1605";"rpm"
"1630.3944061";"Vehicle speed";"41";"km/h"
"1630.3989596";"Calculated instant fuel consumption";"5.48780495982345";"l/100km"
"1630.3992218";"Distance travelled";"0.594436632555556";"km"
"1630.3997085";"Vehicle acceleration";"0";"m_sec2"
"1630.4019794";"Calculated instant fuel rate";"1.50000002235174";"l/h"
"1630.4046815";"Calculated instant fuel consumption km/l.";"18.22222195069";"km/l."
"1630.4061855";"Average speed";"41.0697749371706";"km/h"
"1630.4064407";"Distance travelled (total)";"1006.80939503611";"km"
"1630.4075734";"Fuel used";"0.0269351154888645";"l"
"1630.4078275";"Instant engine power (based on fuel consumption)";"4.88488007279039";"hp"
"1630.4190298";"Average fuel consumption (total)";"3.89700656588533";"l/100km"
"1630.4192004";"Average fuel consumption";"4.53120047011019";"l/100km"
"1630.4194385";"Fuel used (total)";"39.235476929425";"l"
"1630.4196226";"Fuel used price";"0.0347462989806352";"€"
"1630.4338312";"Distance to empty";"0";"km"
"1630.4341263";"Average fuel consumption km/l.";"22.0692067498766";"km/l."
"1630.4343318";"Fuel used price (total)";"50.6137652389582";"€"
"1630.6944433";"Absolute pedal position D";"7";"%"
"1630.6944433";"Engine fuel rate";"0.650000009685755";"l/h"
"1630.6944433";"Engine RPM";"1613";"rpm"
"1630.6944433";"Vehicle speed";"41";"km/h"
"1630.6995308";"Calculated instant fuel consumption";"3.6585366398823";"l/100km"
"1630.6998261";"Distance travelled";"0.597860072194444";"km"
"1630.7002804";"Vehicle acceleration";"0";"m_sec2"
"1630.7029891";"Calculated instant fuel rate";"0.650000009685755";"l/h"
"1630.7068737";"Calculated instant fuel consumption km/l.";"27.3333329260349";"km/l."
"1630.7084497";"Average speed";"41.0680650103466";"km/h"
"1630.7087131";"Distance travelled (total)";"1006.81281847575";"km"
"1630.7100083";"Fuel used";"0.0269897207438448";"l"
"1630.7102843";"Instant engine power (based on fuel consumption)";"2.11678136487583";"hp"
"1630.7200592";"Average fuel consumption (total)";"3.89699815193304";"l/100km"
"1630.7202388";"Average fuel consumption";"4.514387563093";"l/100km"
"1630.7204296";"Fuel used (total)";"39.23553153468";"l"
"1630.720614";"Fuel used price";"0.0348167397595599";"€"
"1630.734253";"Distance to empty";"0";"km"
"1630.7345513";"Average fuel consumption km/l.";"22.1513989666155";"km/l."
"1630.7347515";"Fuel used price (total)";"50.6138356797372";"€"
"1631.1440321";"Absolute pedal position D";"7";"%"
"1631.1440321";"Engine fuel rate";"0.500000007450581";"l/h"
"1631.1440321";"Engine RPM";"1581";"rpm"
"1631.1440321";"Vehicle speed";"41";"km/h"
"1631.1478226";"Calculated instant fuel consumption";"1.58536587728233";"l/100km"
"1631.1480859";"Distance travelled";"0.602965216805556";"km"
"1631.1484902";"Vehicle acceleration";"0";"m_sec2"
"1631.1508868";"Calculated instant fuel rate";"0.500000007450581";"l/h"
"1631.1536785";"Calculated instant fuel consumption km/l.";"63.0769221370037";"km/l."
"1631.1551154";"Average speed";"41.0687205434174";"km/h"
"1631.1553839";"Distance travelled (total)";"1006.81792362036";"km"
"1631.1570926";"Fuel used";"0.0270518149808812";"l"
"1631.1573617";"Instant engine power (based on fuel consumption)";"1.6282933575968";"hp"
"1631.1733632";"Average fuel consumption (total)";"3.89698381546437";"l/100km"
"1631.1737279";"Average fuel consumption";"4.4864636013664";"l/100km"
"1631.1739828";"Fuel used (total)";"39.235593628917";"l"
"1631.1744151";"Fuel used price";"0.0348968413253368";"€"
"1631.1971473";"Distance to empty";"0";"km"
"1631.1975";"Average fuel consumption km/l.";"22.2892703218508";"km/l."
"1631.197748";"Fuel used price (total)";"50.6139157813029";"€"
"1631.2944048";"Absolute pedal position D";"7";"%"
"1631.2944048";"Engine fuel rate";"0";"l/h"
"1631.2944048";"Engine RPM";"1586";"rpm"
"1631.2944048";"Vehicle speed";"40";"km/h"
"1631.2980428";"Calculated instant fuel consumption";"1.25000001862645";"l/100km"
"1631.2983206";"Distance travelled";"0.604634416805556";"km"
"1631.2987513";"Vehicle acceleration";"-1.84859831881075";"m_sec2"
"1631.3012481";"Calculated instant fuel rate";"0";"l/h"
"1631.3040456";"Calculated instant fuel consumption km/l.";"79.9999988079071";"km/l."
"1631.3054048";"Average speed";"41.0656458362482";"km/h"
"1631.3056569";"Distance travelled (total)";"1006.81959282036";"km"
"1631.3074387";"Fuel used";"0.0270518149808812";"l"
"1631.3076993";"Instant engine power (based on fuel consumption)";"0";"hp"
"1631.3242632";"Average fuel consumption (total)";"3.8969835220437";"l/100km"
"1631.3244378";"Average fuel consumption";"4.4740779269237";"l/100km"
"1631.3245807";"Fuel used (total)";"39.235593628917";"l"
"1631.3247683";"Fuel used price";"0.0348968413253368";"€"
"1631.3397344";"Distance to empty";"0";"km"
"1631.3400339";"Average fuel consumption km/l.";"22.3509741299384";"km/l."
"1631.3402371";"Fuel used price (total)";"50.6139157813029";"€"
"1631.4101443";"Absolute pedal position D";"7";"%"
"1631.4101443";"Engine fuel rate";"0";"l/h"
"1631.4101443";"Engine RPM";"1577";"rpm"
"1631.4101443";"Vehicle speed";"40";"km/h"
"1631.4142506";"Calculated instant fuel consumption";"0";"l/100km"
"1631.4145234";"Distance travelled";"0.605925494583333";"km"
"1631.4149433";"Vehicle acceleration";"-1.84859831881075";"m_sec2"
"1631.4174168";"Calculated instant fuel rate";"0";"l/h"
"1631.4221746";"Average speed";"41.0628757818196";"km/h"
"1631.4224283";"Distance travelled (total)";"1006.82088389814";"km"
"1631.4236849";"Fuel used";"0.0270518149808812";"l"
"1631.4239358";"Instant engine power (based on fuel consumption)";"0";"hp"
"1631.4440424";"Average fuel consumption (total)";"3.89697852482036";"l/100km"
"1631.4444049";"Average fuel consumption";"4.46454477039021";"l/100km"
"1631.4446608";"Fuel used (total)";"39.235593628917";"l"
"1631.4451086";"Fuel used price";"0.0348968413253368";"€"
"1631.4657859";"Distance to empty";"0";"km"
"1631.4661942";"Average fuel consumption km/l.";"22.3987002355136";"km/l."
"1631.46641";"Fuel used price (total)";"50.6139157813029";"€"
"1631.5640407";"Absolute pedal position D";"7";"%"
"1631.5640407";"Engine fuel rate";"0";"l/h"
"1631.5640407";"Engine RPM";"1569";"rpm"
"1631.5640407";"Vehicle speed";"40";"km/h"
"1631.5681765";"Calculated instant fuel consumption";"0";"l/100km"
"1631.568443";"Distance travelled";"0.607635660138889";"km"
"1631.568857";"Vehicle acceleration";"-1.84859831881075";"m_sec2"
"1631.5712501";"Calculated instant fuel rate";"0";"l/h"
"1631.5761442";"Average speed";"41.0599229447091";"km/h"
"1631.5764211";"Distance travelled (total)";"1006.8225940637";"km"
"1631.5776176";"Fuel used";"0.0270518149808812";"l"
"1631.5778719";"Instant engine power (based on fuel consumption)";"0";"hp"
"1631.5896476";"Average fuel consumption (total)";"3.89697190550283";"l/100km"
"1631.5902148";"Average fuel consumption";"4.45197949289183";"l/100km"
"1631.5904795";"Fuel used (total)";"39.235593628917";"l"
"1631.591298";"Fuel used price";"0.0348968413253368";"€"
"1631.5944113";"Distance to empty";"0";"km"
"1631.5949494";"Average fuel consumption km/l.";"22.4619183802763";"km/l."
"1631.5953797";"Fuel used price (total)";"50.6139157813029";"€"
"1631.6384352";"Absolute pedal position D";"7";"%"
"1631.6384352";"Engine fuel rate";"0";"l/h"
"1631.6384352";"Engine RPM";"1566";"rpm"
"1631.6384352";"Vehicle speed";"40";"km/h"
"1631.6416291";"Calculated instant fuel consumption";"0";"l/100km"
"1631.6417595";"Distance travelled";"0.608450289027778";"km"
"1631.6421365";"Vehicle acceleration";"-1.84859831881075";"m_sec2"
"1631.6433656";"Calculated instant fuel rate";"0";"l/h"
"1631.6449808";"Average speed";"41.0617002076273";"km/h"
"1631.6451007";"Distance travelled (total)";"1006.82340869258";"km"
"1631.6455942";"Fuel used";"0.0270518149808812";"l"
"1631.6457151";"Instant engine power (based on fuel consumption)";"0";"hp"
"1631.6530736";"Average fuel consumption (total)";"3.89696875243163";"l/100km"
"1631.6533283";"Average fuel consumption";"4.44601892195769";"l/100km"
"1631.6534481";"Fuel used (total)";"39.235593628917";"l"
"1631.6535648";"Fuel used price";"0.0348968413253368";"€"
"1631.6555712";"Distance to empty";"0";"km"
"1631.6558856";"Average fuel consumption km/l.";"22.4920320303018";"km/l."
"1631.656471";"Fuel used price (total)";"50.6139157813029";"€"
"1631.7286554";"Absolute pedal position D";"7";"%"
"1631.7286554";"Engine fuel rate";"0";"l/h"
"1631.7286554";"Engine RPM";"1563";"rpm"
"1631.7286554";"Vehicle speed";"40";"km/h"
"1631.7330597";"Calculated instant fuel consumption";"0";"l/100km"
"1631.7333211";"Distance travelled";"0.609467546805556";"km"
"1631.7337185";"Vehicle acceleration";"-1.84859831881075";"m_sec2"
"1631.7361123";"Calculated instant fuel rate";"0";"l/h"
"1631.7408956";"Average speed";"41.0565821245632";"km/h"
"1631.7411528";"Distance travelled (total)";"1006.82442595036";"km"
"1631.7421703";"Fuel used";"0.0270518149808812";"l"
"1631.7424321";"Instant engine power (based on fuel consumption)";"0";"hp"
"1631.7575397";"Average fuel consumption (total)";"3.89696481508002";"l/100km"
"1631.7579988";"Average fuel consumption";"4.43859810463572";"l/100km"
"1631.7582523";"Fuel used (total)";"39.235593628917";"l"
"1631.758499";"Fuel used price";"0.0348968413253368";"€"
"1631.761676";"Distance to empty";"0";"km"
"1631.7622839";"Average fuel consumption km/l.";"22.5296360793645";"km/l."
"1631.7627799";"Fuel used price (total)";"50.6139157813029";"€"
"1631.8183056";"Absolute pedal position D";"7";"%"
"1631.8183056";"Engine fuel rate";"0";"l/h"
"1631.8183056";"Engine RPM";"1557";"rpm"
"1631.8183056";"Vehicle speed";"40";"km/h"
"1631.8211279";"Calculated instant fuel consumption";"0";"l/100km"
"1631.8212584";"Distance travelled";"0.610444629027778";"km"
"1631.8214704";"Vehicle acceleration";"0";"m_sec2"
"1631.8238162";"Calculated instant fuel rate";"0";"l/h"
"1631.8272382";"Average speed";"41.0560193951895";"km/h"
"1631.8273592";"Distance travelled (total)";"1006.82540303258";"km"
"1631.8279891";"Fuel used";"0.0270518149808812";"l"
"1631.8281087";"Instant engine power (based on fuel consumption)";"0";"hp"
"1631.8366278";"Average fuel consumption (total)";"3.89696103323758";"l/100km"
"1631.8369105";"Average fuel consumption";"4.43149365143325";"l/100km"
"1631.8370316";"Fuel used (total)";"39.235593628917";"l"
"1631.8371497";"Fuel used price";"0.0348968413253368";"€"
"1631.8379681";"Distance to empty";"0";"km"
"1631.8399522";"Average fuel consumption km/l.";"22.5657549949683";"km/l."
"1631.8404336";"Fuel used price (total)";"50.6139157813029";"€"
"1631.8853162";"Absolute pedal position D";"7";"%"
"1631.8853162";"Engine fuel rate";"0";"l/h"
"1631.8853162";"Engine RPM";"1552";"rpm"
"1631.8853162";"Vehicle speed";"39";"km/h"
"1631.8875129";"Calculated instant fuel consumption";"0";"l/100km"
"1631.8876349";"Distance travelled";"0.611163683944445";"km"
"1631.8878274";"Vehicle acceleration";"-4.18516509639272";"m_sec2"
"1631.8890761";"Calculated instant fuel rate";"0";"l/h"
"1631.8915695";"Average speed";"41.0550528740795";"km/h"
"1631.8916941";"Distance travelled (total)";"1006.8261220875";"km"
"1631.8924792";"Fuel used";"0.0270518149808812";"l"
"1631.892671";"Instant engine power (based on fuel consumption)";"0";"hp"
"1631.9071679";"Average fuel consumption (total)";"3.89695825010658";"l/100km"
"1631.9076496";"Average fuel consumption";"4.42627984802518";"l/100km"
"1631.9078086";"Fuel used (total)";"39.235593628917";"l"
"1631.9079344";"Fuel used price";"0.0348968413253368";"€"
"1631.9087798";"Distance to empty";"0";"km"
"1631.9089504";"Average fuel consumption km/l.";"22.5923356483246";"km/l."
"1631.9094975";"Fuel used price (total)";"50.6139157813029";"€"
"1631.9699762";"Absolute pedal position D";"7";"%"
"1631.9699762";"Engine fuel rate";"0";"l/h"
"1631.9699762";"Engine RPM";"1551";"rpm"
"1631.9699762";"Vehicle speed";"39";"km/h"
"1631.9742744";"Calculated instant fuel consumption";"0";"l/100km"
"1631.974546";"Distance travelled";"0.612105134194445";"km"
"1631.9749801";"Vehicle acceleration";"-4.18516509639272";"m_sec2"
"1631.9774227";"Calculated instant fuel rate";"0";"l/h"
"1631.9818742";"Average speed";"41.0491632816828";"km/h"
"1631.9821498";"Distance travelled (total)";"1006.82706353775";"km"
"1631.9833675";"Fuel used";"0.0270518149808812";"l"
"1631.9836585";"Instant engine power (based on fuel consumption)";"0";"hp"
"1631.9943203";"Average fuel consumption (total)";"3.8969546061915";"l/100km"
"1631.99476";"Average fuel consumption";"4.41947199421592";"l/100km"
"1631.9950138";"Fuel used (total)";"39.235593628917";"l"
"1631.9952695";"Fuel used price";"0.0348968413253368";"€"
"1631.9976562";"Distance to empty";"0";"km"
"1631.999625";"Average fuel consumption km/l.";"22.6271373890087";"km/l."
"1632.0002046";"Fuel used price (total)";"50.6139157813029";"€"
"1632.0663645";"Absolute pedal position D";"7";"%"
"1632.0663645";"Engine fuel rate";"0";"l/h"
"1632.0663645";"Engine RPM";"1541";"rpm"
"1632.0663645";"Vehicle speed";"39";"km/h"
"1632.0710772";"Calculated instant fuel consumption";"0";"l/100km"
"1632.0713379";"Distance travelled";"0.613153648111111";"km"
"1632.071831";"Vehicle acceleration";"-4.18516509639272";"m_sec2"
"1632.0742043";"Calculated instant fuel rate";"0";"l/h"
"1632.078539";"Average speed";"41.0455653419611";"km/h"
"1632.0795414";"Distance travelled (total)";"1006.82811205167";"km"
"1632.0808055";"Fuel used";"0.0270518149808812";"l"
"1632.0810609";"Instant engine power (based on fuel consumption)";"0";"hp"
"1632.0940844";"Average fuel consumption (total)";"3.8969505478909";"l/100km"
"1632.0945979";"Average fuel consumption";"4.41191454445674";"l/100km"
"1632.0948532";"Fuel used (total)";"39.235593628917";"l"
"1632.0951077";"Fuel used price";"0.0348968413253368";"€"
"1632.0971194";"Distance to empty";"0";"km"
"1632.0975017";"Average fuel consumption km/l.";"22.6658968555143";"km/l."
"1632.0978874";"Fuel used price (total)";"50.6139157813029";"€"
"1632.1480144";"Absolute pedal position D";"7";"%"
"1632.1480144";"Engine fuel rate";"0";"l/h"
"1632.1480144";"Engine RPM";"1545";"rpm"
"1632.1480144";"Vehicle speed";"39";"km/h"
"1632.1501457";"Calculated instant fuel consumption";"0";"l/100km"
"1632.1502718";"Distance travelled";"0.614008771861111";"km"
"1632.150476";"Vehicle acceleration";"-4.18516509639272";"m_sec2"
"1632.151879";"Calculated instant fuel rate";"0";"l/h"
"1632.1545064";"Average speed";"41.0447755021749";"km/h"
"1632.1546398";"Distance travelled (total)";"1006.82896717542";"km"
"1632.1551212";"Fuel used";"0.0270518149808812";"l"
"1632.1552451";"Instant engine power (based on fuel consumption)";"0";"hp"
"1632.1725023";"Average fuel consumption (total)";"3.89694723811826";"l/100km"
"1632.1728073";"Average fuel consumption";"4.40577011609866";"l/100km"
"1632.1729648";"Fuel used (total)";"39.235593628917";"l"
"1632.1731199";"Fuel used price";"0.0348968413253368";"€"
"1632.1768704";"Distance to empty";"0";"km"
"1632.1772948";"Average fuel consumption km/l.";"22.6975074424788";"km/l."
"1632.1776831";"Fuel used price (total)";"50.6139157813029";"€"
"1632.208901";"Absolute pedal position D";"7";"%"
"1632.208901";"Engine fuel rate";"0";"l/h"
"1632.208901";"Engine RPM";"1538";"rpm"
"1632.208901";"Vehicle speed";"39";"km/h"
"1632.215062";"Calculated instant fuel consumption";"0";"l/100km"
"1632.2154918";"Distance travelled";"0.614715237361111";"km"
"1632.2158998";"Vehicle acceleration";"-4.18516509639272";"m_sec2"
"1632.2209608";"Calculated instant fuel rate";"0";"l/h"
"1632.2273286";"Average speed";"41.0365694599487";"km/h"
"1632.227594";"Distance travelled (total)";"1006.82967364092";"km"
"1632.2286841";"Fuel used";"0.0270518149808812";"l"
"1632.2289429";"Instant engine power (based on fuel consumption)";"0";"hp"
"1632.2418611";"Average fuel consumption (total)";"3.89694450373443";"l/100km"
"1632.242336";"Average fuel consumption";"4.40070675602755";"l/100km"
"1632.2426762";"Fuel used (total)";"39.235593628917";"l"
"1632.2429375";"Fuel used price";"0.0348968413253368";"€"
"1632.2459059";"Distance to empty";"0";"km"
"1632.2465396";"Average fuel consumption km/l.";"22.7236227142452";"km/l."
"1632.2469784";"Fuel used price (total)";"50.6139157813029";"€"
"1632.2847371";"Absolute pedal position D";"7";"%"
"1632.2847371";"Engine fuel rate";"0";"l/h"
"1632.2847371";"Engine RPM";"1537";"rpm"
"1632.2847371";"Vehicle speed";"39";"km/h"
"1632.2884446";"Calculated instant fuel consumption";"0";"l/100km"
"1632.288701";"Distance travelled";"0.615508289361111";"km"
"1632.2890907";"Vehicle acceleration";"-4.18516509639272";"m_sec2"
"1632.2918183";"Calculated instant fuel rate";"0";"l/h"
"1632.2963262";"Average speed";"41.0369979297504";"km/h"
"1632.2966577";"Distance travelled (total)";"1006.83046669292";"km"
"1632.2976717";"Fuel used";"0.0270518149808812";"l"
"1632.2979217";"Instant engine power (based on fuel consumption)";"0";"hp"
"1632.3088811";"Average fuel consumption (total)";"3.896941434221";"l/100km"
"1632.3096176";"Average fuel consumption";"4.39503666294415";"l/100km"
"1632.3098887";"Fuel used (total)";"39.235593628917";"l"
"1632.3101349";"Fuel used price";"0.0348968413253368";"€"
"1632.3130176";"Distance to empty";"0";"km"
"1632.3134137";"Average fuel consumption km/l.";"22.7529387509163";"km/l."
"1632.3138254";"Fuel used price (total)";"50.6139157813029";"€"
"1632.35017";"Absolute pedal position D";"7";"%"
"1632.35017";"Engine fuel rate";"0";"l/h"
"1632.35017";"Engine RPM";"1531";"rpm"
"1632.35017";"Vehicle speed";"39";"km/h"
"1632.3523979";"Calculated instant fuel consumption";"0";"l/100km"
"1632.3525279";"Distance travelled";"0.616199724694445";"km"
"1632.352778";"Vehicle acceleration";"-4.18516509639272";"m_sec2"
"1632.3539002";"Calculated instant fuel rate";"0";"l/h"
"1632.3553468";"Average speed";"41.0381812188596";"km/h"
"1632.3554658";"Distance travelled (total)";"1006.83115812825";"km"
"1632.3564317";"Fuel used";"0.0270518149808812";"l"
"1632.3566046";"Instant engine power (based on fuel consumption)";"0";"hp"
"1632.3729982";"Average fuel consumption (total)";"3.89693875801956";"l/100km"
"1632.3733182";"Average fuel consumption";"4.39010500926391";"l/100km"
"1632.3734876";"Fuel used (total)";"39.235593628917";"l"
"1632.3736466";"Fuel used price";"0.0348968413253368";"€"
"1632.3754021";"Distance to empty";"0";"km"
"1632.3757741";"Average fuel consumption km/l.";"22.778498416093";"km/l."
"1632.3761437";"Fuel used price (total)";"50.6139157813029";"€"
"1632.4182613";"Absolute pedal position D";"7";"%"
"1632.4182613";"Engine fuel rate";"0";"l/h"
"1632.4182613";"Engine RPM";"1522";"rpm"
"1632.4182613";"Vehicle speed";"39";"km/h"
"1632.4220516";"Calculated instant fuel consumption";"0";"l/100km"
"1632.4223655";"Distance travelled";"0.616956214194445";"km"
"1632.422917";"Vehicle acceleration";"0";"m_sec2"
"1632.4254348";"Calculated instant fuel rate";"0";"l/h"
"1632.4299957";"Average speed";"41.0319565801136";"km/h"
"1632.4302474";"Distance travelled (total)";"1006.83191461775";"km"
"1632.4312339";"Fuel used";"0.0270518149808812";"l"
"1632.4314857";"Instant engine power (based on fuel consumption)";"0";"hp"
"1632.4403084";"Average fuel consumption (total)";"3.89693583003008";"l/100km"
"1632.4405643";"Average fuel consumption";"4.38472202054121";"l/100km"
"1632.4406824";"Fuel used (total)";"39.235593628917";"l"
"1632.4407996";"Fuel used price";"0.0348968413253368";"€"
"1632.4421405";"Distance to empty";"0";"km"
"1632.4423863";"Average fuel consumption km/l.";"22.806462879865";"km/l."
"1632.4426678";"Fuel used price (total)";"50.6139157813029";"€"
"1632.4864512";"Absolute pedal position D";"7";"%"
"1632.4864512";"Engine fuel rate";"0";"l/h"
"1632.4864512";"Engine RPM";"1526";"rpm"
"1632.4864512";"Vehicle speed";"39";"km/h"
"1632.4909216";"Calculated instant fuel consumption";"0";"l/100km"
"1632.4911885";"Distance travelled";"0.617701734944445";"km"
"1632.4915945";"Vehicle acceleration";"0";"m_sec2"
"1632.4939752";"Calculated instant fuel rate";"0";"l/h"
"1632.497927";"Average speed";"41.0300459903064";"km/h"
"1632.498182";"Distance travelled (total)";"1006.8326601385";"km"
"1632.4994379";"Fuel used";"0.0270518149808812";"l"
"1632.49971";"Instant engine power (based on fuel consumption)";"0";"hp"
"1632.5104455";"Average fuel consumption (total)";"3.89693294449941";"l/100km"
"1632.5108756";"Average fuel consumption";"4.37942998222504";"l/100km"
"1632.5111281";"Fuel used (total)";"39.235593628917";"l"
"1632.5113748";"Fuel used price";"0.0348968413253368";"€"
"1632.5134787";"Distance to empty";"0";"km"
"1632.5138868";"Average fuel consumption km/l.";"22.8340218717673";"km/l."
"1632.5143064";"Fuel used price (total)";"50.6139157813029";"€"
"1632.5531449";"Absolute pedal position D";"7";"%"
"1632.5531449";"Engine fuel rate";"0";"l/h"
"1632.5531449";"Engine RPM";"1518";"rpm"
"1632.5531449";"Vehicle speed";"39";"km/h"
"1632.5551063";"Calculated instant fuel consumption";"0";"l/100km"
"1632.5552286";"Distance travelled";"0.618395507027778";"km"
"1632.5554233";"Vehicle acceleration";"0";"m_sec2"
"1632.5572066";"Calculated instant fuel rate";"0";"l/h"
"1632.5623049";"Average speed";"41.0273964188195";"km/h"
"1632.5625549";"Distance travelled (total)";"1006.83335391058";"km"
"1632.5639726";"Fuel used";"0.0270518149808812";"l"
"1632.5642289";"Instant engine power (based on fuel consumption)";"0";"hp"
"1632.5761442";"Average fuel consumption (total)";"3.89693025926528";"l/100km"
"1632.576605";"Average fuel consumption";"4.3745167410581";"l/100km"
"1632.5768576";"Fuel used (total)";"39.235593628917";"l"
"1632.5771044";"Fuel used price";"0.0348968413253368";"€"
"1632.5800901";"Distance to empty";"0";"km"
"1632.580443";"Average fuel consumption km/l.";"22.8596679174697";"km/l."
"1632.5808525";"Fuel used price (total)";"50.6139157813029";"€"
"1632.6228333";"Absolute pedal position D";"7";"%"
"1632.6228333";"Engine fuel rate";"0";"l/h"
"1632.6228333";"Engine RPM";"1518";"rpm"
"1632.6228333";"Vehicle speed";"39";"km/h"
"1632.6265731";"Calculated instant fuel consumption";"0";"l/100km"
"1632.6268544";"Distance travelled";"0.619171366527778";"km"
"1632.627252";"Vehicle acceleration";"0";"m_sec2"
"1632.6297288";"Calculated instant fuel rate";"0";"l/h"
"1632.6331741";"Average speed";"41.0252856941295";"km/h"
"1632.6334381";"Distance travelled (total)";"1006.83412977008";"km"
"1632.6344147";"Fuel used";"0.0270518149808812";"l"
"1632.6346655";"Instant engine power (based on fuel consumption)";"0";"hp"
"1632.6357349";"Average fuel consumption (total)";"3.89692725631745";"l/100km"
"1632.6362181";"Average fuel consumption";"4.36903520467748";"l/100km"
"1632.6364624";"Fuel used (total)";"39.235593628917";"l"
"1632.636705";"Fuel used price";"0.0348968413253368";"€"
"1632.6378418";"Distance to empty";"0";"km"
"1632.6381656";"Average fuel consumption km/l.";"22.8883484145287";"km/l."
"1632.6385629";"Fuel used price (total)";"50.6139157813029";"€"
"1632.6976447";"Absolute pedal position D";"7";"%"
"1632.6976447";"Engine fuel rate";"0";"l/h"
"1632.6976447";"Engine RPM";"1516";"rpm"
"1632.6976447";"Vehicle speed";"39";"km/h"
"1632.7042843";"Calculated instant fuel consumption";"0";"l/100km"
"1632.7045872";"Distance travelled";"0.620013384111111";"km"
"1632.7049958";"Vehicle acceleration";"0";"m_sec2"
"1632.7079005";"Calculated instant fuel rate";"0";"l/h"
"1632.7127546";"Average speed";"41.0210699993827";"km/h"
"1632.7130172";"Distance travelled (total)";"1006.83497178767";"km"
"1632.7139964";"Fuel used";"0.0270518149808812";"l"
"1632.7142467";"Instant engine power (based on fuel consumption)";"0";"hp"
"1632.7225702";"Average fuel consumption (total)";"3.89692399731139";"l/100km"
"1632.7228757";"Average fuel consumption";"4.36310177717604";"l/100km"
"1632.7230041";"Fuel used (total)";"39.235593628917";"l"
"1632.7231203";"Fuel used price";"0.0348968413253368";"€"
"1632.7237551";"Distance to empty";"0";"km"
"1632.7239112";"Average fuel consumption km/l.";"22.919474517673";"km/l."
"1632.7241074";"Fuel used price (total)";"50.6139157813029";"€"
"1632.7648115";"Absolute pedal position D";"7";"%"
"1632.7648115";"Engine fuel rate";"0";"l/h"
"1632.7648115";"Engine RPM";"1507";"rpm"
"1632.7648115";"Vehicle speed";"39";"km/h"
"1632.7686623";"Calculated instant fuel consumption";"0";"l/100km"
"1632.7689193";"Distance travelled";"0.620710283777778";"km"
"1632.7702928";"Vehicle acceleration";"0";"m_sec2"
"1632.7730709";"Calculated instant fuel rate";"0";"l/h"
"1632.7769904";"Average speed";"41.0186865610205";"km/h"
"1632.7772538";"Distance travelled (total)";"1006.83566868733";"km"
"1632.7782628";"Fuel used";"0.0270518149808812";"l"
"1632.7785306";"Instant engine power (based on fuel consumption)";"0";"hp"
"1632.7950137";"Average fuel consumption (total)";"3.89692129998439";"l/100km"
"1632.7954893";"Average fuel consumption";"4.35820312436875";"l/100km"
"1632.7958264";"Fuel used (total)";"39.235593628917";"l"
"1632.7961466";"Fuel used price";"0.0348968413253368";"€"
"1632.7990316";"Distance to empty";"0";"km"
"1632.7995303";"Average fuel consumption km/l.";"22.9452361779224";"km/l."
"1632.7999656";"Fuel used price (total)";"50.6139157813029";"€"
"1632.839141";"Absolute pedal position D";"7";"%"
"1632.839141";"Engine fuel rate";"0";"l/h"
"1632.839141";"Engine RPM";"1507";"rpm"
"1632.839141";"Vehicle speed";"38";"km/h"
"1632.8427231";"Calculated instant fuel consumption";"0";"l/100km"
"1632.8429893";"Distance travelled";"0.621492055666667";"km"
"1632.8433952";"Vehicle acceleration";"-0.660487148901544";"m_sec2"
"1632.8456933";"Calculated instant fuel rate";"0";"l/h"
"1632.8493509";"Average speed";"41.0159111541551";"km/h"
"1632.8496099";"Distance travelled (total)";"1006.83645045922";"km"
"1632.8513739";"Fuel used";"0.0270518149808812";"l"
"1632.8516501";"Instant engine power (based on fuel consumption)";"0";"hp"
"1632.8525462";"Average fuel consumption (total)";"3.89691827416672";"l/100km"
"1632.873926";"Average fuel consumption";"4.35272096147119";"l/100km"
"1632.8743691";"Fuel used (total)";"39.235593628917";"l"
"1632.8744943";"Fuel used price";"0.0348968413253368";"€"
"1632.8752222";"Distance to empty";"0";"km"
"1632.8763416";"Average fuel consumption km/l.";"22.9741352329189";"km/l."
"1632.8766";"Fuel used price (total)";"50.6139157813029";"€"
"1632.9143847";"Absolute pedal position D";"7";"%"
"1632.9143847";"Engine fuel rate";"0";"l/h"
"1632.9143847";"Engine RPM";"1500";"rpm"
"1632.9143847";"Vehicle speed";"38";"km/h"
"1632.9169316";"Calculated instant fuel consumption";"0";"l/100km"
"1632.9170551";"Distance travelled";"0.622273859222222";"km"
"1632.917252";"Vehicle acceleration";"-0.660487148901544";"m_sec2"
"1632.9184084";"Calculated instant fuel rate";"0";"l/h"
"1632.9208098";"Average speed";"41.0136813070064";"km/h"
"1632.9209315";"Distance travelled (total)";"1006.83723226278";"km"
"1632.9214436";"Fuel used";"0.0270518149808812";"l"
"1632.921562";"Instant engine power (based on fuel consumption)";"0";"hp"
"1632.9430807";"Average fuel consumption (total)";"3.89691524823118";"l/100km"
"1632.9435506";"Average fuel consumption";"4.34725235199389";"l/100km"
"1632.9438044";"Fuel used (total)";"39.235593628917";"l"
"1632.9440518";"Fuel used price";"0.0348968413253368";"€"
"1632.9478021";"Distance to empty";"0";"km"
"1632.9483136";"Average fuel consumption km/l.";"23.0030354585085";"km/l."
"1632.9487366";"Fuel used price (total)";"50.6139157813029";"€"
"1632.9810601";"Absolute pedal position D";"7";"%"
"1632.9810601";"Engine fuel rate";"0";"l/h"
"1632.9810601";"Engine RPM";"1498";"rpm"
"1632.9810601";"Vehicle speed";"38";"km/h"
"1632.9832894";"Calculated instant fuel consumption";"0";"l/100km"
"1632.9834198";"Distance travelled";"0.622974339611111";"km"
"1632.9837028";"Vehicle acceleration";"-0.660487148901544";"m_sec2"
"1632.9851189";"Calculated instant fuel rate";"0";"l/h"
"1632.988102";"Average speed";"41.0093233420647";"km/h"
"1632.9882258";"Distance travelled (total)";"1006.83793274317";"km"
"1632.9887393";"Fuel used";"0.0270518149808812";"l"
"1632.9888655";"Instant engine power (based on fuel consumption)";"0";"hp"
"1633.0079436";"Average fuel consumption (total)";"3.8969125370573";"l/100km"
"1633.0082792";"Average fuel consumption";"4.34236424533444";"l/100km"
"1633.0084395";"Fuel used (total)";"39.235593628917";"l"
"1633.0086037";"Fuel used price";"0.0348968413253368";"€"
"1633.0095278";"Distance to empty";"0";"km"
"1633.0097448";"Average fuel consumption km/l.";"23.0289294840807";"km/l."
"1633.0100037";"Fuel used price (total)";"50.6139157813029";"€"
"1633.0650579";"Absolute pedal position D";"7";"%"
"1633.0650579";"Engine fuel rate";"0";"l/h"
"1633.0650579";"Engine RPM";"1495";"rpm"
"1633.0650579";"Vehicle speed";"38";"km/h"
"1633.0693285";"Calculated instant fuel consumption";"0";"l/100km"
"1633.0695995";"Distance travelled";"0.623883922388889";"km"
"1633.0699949";"Vehicle acceleration";"-0.660487148901544";"m_sec2"
"1633.0723363";"Calculated instant fuel rate";"0";"l/h"
"1633.0775529";"Average speed";"41.0021876210416";"km/h"
"1633.0778148";"Distance travelled (total)";"1006.83884232595";"km"
"1633.0791108";"Fuel used";"0.0270518149808812";"l"
"1633.0794541";"Instant engine power (based on fuel consumption)";"0";"hp"
"1633.0952";"Average fuel consumption (total)";"3.89690901656883";"l/100km"
"1633.0957074";"Average fuel consumption";"4.33603335654142";"l/100km"
"1633.0960602";"Fuel used (total)";"39.235593628917";"l"
"1633.0963142";"Fuel used price";"0.0348968413253368";"€"
"1633.0986942";"Distance to empty";"0";"km"
"1633.0991296";"Average fuel consumption km/l.";"23.0625532087151";"km/l."
"1633.0994498";"Fuel used price (total)";"50.6139157813029";"€"
"1633.1319392";"Absolute pedal position D";"7";"%"
"1633.1319392";"Engine fuel rate";"0";"l/h"
"1633.1319392";"Engine RPM";"1489";"rpm"
"1633.1319392";"Vehicle speed";"38";"km/h"
"1633.1340224";"Calculated instant fuel consumption";"0";"l/100km"
"1633.1341507";"Distance travelled";"0.624565305666667";"km"
"1633.1343492";"Vehicle acceleration";"-0.660487148901544";"m_sec2"
"1633.1355191";"Calculated instant fuel rate";"0";"l/h"
"1633.1379944";"Average speed";"41.0016713956261";"km/h"
"1633.1381122";"Distance travelled (total)";"1006.83952370922";"km"
"1633.1385835";"Fuel used";"0.0270518149808812";"l"
"1633.138702";"Instant engine power (based on fuel consumption)";"0";"hp"
"1633.1568923";"Average fuel consumption (total)";"3.89690637931774";"l/100km"
"1633.1573925";"Average fuel consumption";"4.33130286543949";"l/100km"
"1633.1576587";"Fuel used (total)";"39.235593628917";"l"
"1633.1579085";"Fuel used price";"0.0348968413253368";"€"
"1633.1599745";"Distance to empty";"0";"km"
"1633.1603557";"Average fuel consumption km/l.";"23.0877412886372";"km/l."
"1633.1607709";"Fuel used price (total)";"50.6139157813029";"€"
"1633.2077381";"Absolute pedal position D";"7";"%"
"1633.2077381";"Engine fuel rate";"0";"l/h"
"1633.2077381";"Engine RPM";"1486";"rpm"
"1633.2077381";"Vehicle speed";"38";"km/h"
"1633.2117043";"Calculated instant fuel consumption";"0";"l/100km"
"1633.2119695";"Distance travelled";"0.625386648222222";"km"
"1633.21236";"Vehicle acceleration";"-0.660487148901544";"m_sec2"
"1633.2147649";"Calculated instant fuel rate";"0";"l/h"
"1633.22118";"Average speed";"40.9934621730262";"km/h"
"1633.2214328";"Distance travelled (total)";"1006.84034505178";"km"
"1633.2224365";"Fuel used";"0.0270518149808812";"l"
"1633.2227654";"Instant engine power (based on fuel consumption)";"0";"hp"
"1633.2447735";"Average fuel consumption (total)";"3.89690320036781";"l/100km"
"1633.2452271";"Average fuel consumption";"4.32561441114566";"l/100km"
"1633.2454847";"Fuel used (total)";"39.235593628917";"l"
"1633.245741";"Fuel used price";"0.0348968413253368";"€"
"1633.2478097";"Distance to empty";"0";"km"
"1633.2482731";"Average fuel consumption km/l.";"23.1181031167118";"km/l."
"1633.2487453";"Fuel used price (total)";"50.6139157813029";"€"
"1633.2753519";"Absolute pedal position D";"7";"%"
"1633.2753519";"Engine fuel rate";"0";"l/h"
"1633.2753519";"Engine RPM";"1480";"rpm"
"1633.2753519";"Vehicle speed";"38";"km/h"
"1633.2799625";"Calculated instant fuel consumption";"0";"l/100km"
"1633.2802232";"Distance travelled";"0.626107041666667";"km"
"1633.2806115";"Vehicle acceleration";"-0.660487148901544";"m_sec2"
"1633.2831363";"Calculated instant fuel rate";"0";"l/h"
"1633.3681045";"Average speed";"40.9311313621651";"km/h"
"1633.368211";"Distance travelled (total)";"1006.84106544522";"km"
"1633.3689683";"Fuel used";"0.0270518149808812";"l"
"1633.3690632";"Instant engine power (based on fuel consumption)";"0";"hp"
"1633.374284";"Average fuel consumption (total)";"3.89690041213874";"l/100km"
"1633.3745824";"Average fuel consumption";"4.32063739594281";"l/100km"
"1633.3747015";"Fuel used (total)";"39.235593628917";"l"
"1633.3748061";"Fuel used price";"0.0348968413253368";"€"
"1633.3755849";"Absolute pedal position D";"7";"%"
"1633.3755849";"Engine fuel rate";"0";"l/h"
"1633.3755849";"Engine RPM";"1479";"rpm"
"1633.3755849";"Vehicle speed";"38";"km/h"
"1633.3767605";"Distance to empty";"0";"km"
"1633.3770424";"Average fuel consumption km/l.";"23.144733250215";"km/l."
"1633.3772117";"Fuel used price (total)";"50.6139157813029";"€"
"1633.3779524";"Calculated instant fuel consumption";"0";"l/100km"
"1633.378043";"Distance travelled";"0.627139589277778";"km"
"1633.3781987";"Vehicle acceleration";"0";"m_sec2"
"1633.3790241";"Calculated instant fuel rate";"0";"l/h"
"1633.3809982";"Average speed";"40.9890192760375";"km/h"
"1633.3810843";"Distance travelled (total)";"1006.84209799283";"km"
"1633.3814643";"Fuel used";"0.0270518149808812";"l"
"1633.381574";"Instant engine power (based on fuel consumption)";"0";"hp"
"1633.3901011";"Average fuel consumption (total)";"3.89689641574723";"l/100km"
"1633.3903202";"Average fuel consumption";"4.31352372635803";"l/100km"
"1633.390403";"Fuel used (total)";"39.235593628917";"l"
"1633.3904945";"Fuel used price";"0.0348968413253368";"€"
"1633.3911145";"Distance to empty";"0";"km"
"1633.3912379";"Average fuel consumption km/l.";"23.1829025047305";"km/l."
"1633.3913739";"Fuel used price (total)";"50.6139157813029";"€"
"1633.5085902";"Absolute pedal position D";"7";"%"
"1633.5085902";"Engine fuel rate";"0";"l/h"
"1633.5085902";"Engine RPM";"1472";"rpm"
"1633.5085902";"Vehicle speed";"37";"km/h"
"1633.5138062";"Calculated instant fuel consumption";"0";"l/100km"
"1633.5142212";"Distance travelled";"0.628539099888889";"km"
"1633.5146565";"Vehicle acceleration";"-2.03694197974465";"m_sec2"
"1633.5175754";"Calculated instant fuel rate";"0";"l/h"
"1633.5223913";"Average speed";"40.9753741586206";"km/h"
"1633.5227324";"Distance travelled (total)";"1006.84349750345";"km"
"1633.5243766";"Fuel used";"0.0270518149808812";"l"
"1633.524677";"Instant engine power (based on fuel consumption)";"0";"hp"
"1633.5400307";"Average fuel consumption (total)";"3.89689099906838";"l/100km"
"1633.5402172";"Average fuel consumption";"4.30391919701787";"l/100km"
"1633.5403384";"Fuel used (total)";"39.235593628917";"l"
"1633.5404735";"Fuel used price";"0.0348968413253368";"€"
"1633.5430882";"Distance to empty";"0";"km"
"1633.5434494";"Average fuel consumption km/l.";"23.2346369488741";"km/l."
"1633.5436748";"Fuel used price (total)";"50.6139157813029";"€"
"1633.5743774";"Absolute pedal position D";"7";"%"
"1633.5743774";"Engine fuel rate";"0";"l/h"
"1633.5743774";"Engine RPM";"1468";"rpm"
"1633.5743774";"Vehicle speed";"37";"km/h"
"1633.5767512";"Calculated instant fuel consumption";"0";"l/100km"
"1633.576882";"Distance travelled";"0.629183124972222";"km"
"1633.5771023";"Vehicle acceleration";"-2.03694197974465";"m_sec2"
"1633.5782939";"Calculated instant fuel rate";"0";"l/h"
"1633.5804943";"Average speed";"40.9741915456264";"km/h"
"1633.580616";"Distance travelled (total)";"1006.84414152853";"km"
"1633.5811312";"Fuel used";"0.0270518149808812";"l"
"1633.5812649";"Instant engine power (based on fuel consumption)";"0";"hp"
"1633.59188";"Average fuel consumption (total)";"3.89688850643278";"l/100km"
"1633.59215";"Average fuel consumption";"4.29951375159268";"l/100km"
"1633.5922733";"Fuel used (total)";"39.235593628917";"l"
"1633.592406";"Fuel used price";"0.0348968413253368";"€"
"1633.5938246";"Distance to empty";"0";"km"
"1633.5940698";"Average fuel consumption km/l.";"23.2584440421796";"km/l."
"1633.5942753";"Fuel used price (total)";"50.6139157813029";"€"
"1633.6404092";"Absolute pedal position D";"7";"%"
"1633.6404092";"Engine fuel rate";"0";"l/h"
"1633.6404092";"Engine RPM";"1460";"rpm"
"1633.6404092";"Vehicle speed";"37";"km/h"
"1633.6427727";"Calculated instant fuel consumption";"0";"l/100km"
"1633.6428746";"Distance travelled";"0.629861360666667";"km"
"1633.6430419";"Vehicle acceleration";"-2.03694197974465";"m_sec2"
"1633.6440422";"Calculated instant fuel rate";"0";"l/h"
"1633.64627";"Average speed";"40.9696140264581";"km/h"
"1633.646392";"Distance travelled (total)";"1006.84481976422";"km"
"1633.6468537";"Fuel used";"0.0270518149808812";"l"
"1633.6469798";"Instant engine power (based on fuel consumption)";"0";"hp"
"1633.6590617";"Average fuel consumption (total)";"3.89688588139183";"l/100km"
"1633.6594436";"Average fuel consumption";"4.29488402848663";"l/100km"
"1633.6595507";"Fuel used (total)";"39.235593628917";"l"
"1633.6596607";"Fuel used price";"0.0348968413253368";"€"
"1633.6611348";"Distance to empty";"0";"km"
"1633.6613126";"Average fuel consumption km/l.";"23.2835157682329";"km/l."
"1633.6614692";"Fuel used price (total)";"50.6139157813029";"€"
"1633.8711052";"Absolute pedal position D";"7";"%"
"1633.8711052";"Engine fuel rate";"0";"l/h"
"1633.8711052";"Engine RPM";"1461";"rpm"
"1633.8711052";"Vehicle speed";"37";"km/h"
"1633.8756373";"Calculated instant fuel consumption";"0";"l/100km"
"1633.8761709";"Distance travelled";"0.632258970944445";"km"
"1633.8766599";"Vehicle acceleration";"-2.03694197974465";"m_sec2"
"1633.8792193";"Calculated instant fuel rate";"0";"l/h"
"1633.8863906";"Average speed";"40.9479691014798";"km/h"
"1633.8866728";"Distance travelled (total)";"1006.8472173745";"km"
"1633.8878856";"Fuel used";"0.0270518149808812";"l"
"1633.8882118";"Instant engine power (based on fuel consumption)";"0";"hp"
"1633.897847";"Average fuel consumption (total)";"3.89687660171813";"l/100km"
"1633.8981482";"Average fuel consumption";"4.27859725587954";"l/100km"
"1633.898279";"Fuel used (total)";"39.235593628917";"l"
"1633.8984121";"Fuel used price";"0.0348968413253368";"€"
"1633.8997367";"Distance to empty";"0";"km"
"1633.8999848";"Average fuel consumption km/l.";"23.3721460608573";"km/l."
"1633.9001883";"Fuel used price (total)";"50.6139157813029";"€"
"1634.0556078";"Absolute pedal position D";"7";"%"
"1634.0556078";"Engine fuel rate";"0";"l/h"
"1634.0556078";"Engine RPM";"1440";"rpm"
"1634.0556078";"Vehicle speed";"37";"km/h"
"1634.0607625";"Calculated instant fuel consumption";"0";"l/100km"
"1634.0610382";"Distance travelled";"0.634158970277778";"km"
"1634.0617495";"Vehicle acceleration";"0";"m_sec2"
"1634.0643758";"Calculated instant fuel rate";"0";"l/h"
"1634.0705842";"Average speed";"40.9353765109672";"km/h"
"1634.0708633";"Distance travelled (total)";"1006.84911737383";"km"
"1634.0720288";"Fuel used";"0.0270518149808812";"l"
"1634.0723162";"Instant engine power (based on fuel consumption)";"0";"hp"
"1634.0804323";"Average fuel consumption (total)";"3.89686924802152";"l/100km"
"1634.0806854";"Average fuel consumption";"4.26577818004086";"l/100km"
"1634.0808084";"Fuel used (total)";"39.235593628917";"l"
"1634.0809454";"Fuel used price";"0.0348968413253368";"€"
"1634.0845214";"Distance to empty";"0";"km"
"1634.0849421";"Average fuel consumption km/l.";"23.4423816193467";"km/l."
"1634.0851987";"Fuel used price (total)";"50.6139157813029";"€"
"1634.2816455";"Absolute pedal position D";"7";"%"
"1634.2816455";"Engine fuel rate";"0";"l/h"
"1634.2816455";"Engine RPM";"1439";"rpm"
"1634.2816455";"Vehicle speed";"36";"km/h"
"1634.2861162";"Calculated instant fuel consumption";"0";"l/100km"
"1634.2864106";"Distance travelled";"0.636412609277778";"km"
"1634.2868841";"Vehicle acceleration";"-1.23392077833748";"m_sec2"
"1634.2895027";"Calculated instant fuel rate";"0";"l/h"
"1634.294413";"Average speed";"40.9166340527469";"km/h"
"1634.2946724";"Distance travelled (total)";"1006.85137101283";"km"
"1634.296262";"Fuel used";"0.0270518149808812";"l"
"1634.2965507";"Instant engine power (based on fuel consumption)";"0";"hp"
"1634.3250164";"Average fuel consumption (total)";"3.89686052564524";"l/100km"
"1634.3255285";"Average fuel consumption";"4.25067237614612";"l/100km"
"1634.32582";"Fuel used (total)";"39.235593628917";"l"
"1634.3261941";"Fuel used price";"0.0348968413253368";"€"
"1634.3287968";"Distance to empty";"0";"km"
"1634.3296556";"Average fuel consumption km/l.";"23.52568985584";"km/l."
"1634.3301176";"Fuel used price (total)";"50.6139157813029";"€"
"1634.7667373";"Absolute pedal position D";"7";"%"
"1634.7667373";"Engine fuel rate";"0";"l/h"
"1634.7667373";"Engine RPM";"1424";"rpm"
"1634.7667373";"Vehicle speed";"36";"km/h"
"1634.7702358";"Calculated instant fuel consumption";"0";"l/100km"
"1634.7705062";"Distance travelled";"0.641253530277778";"km"
"1634.7709393";"Vehicle acceleration";"-1.23392077833748";"m_sec2"
"1634.773459";"Calculated instant fuel rate";"0";"l/h"
"1634.7772111";"Average speed";"40.8754242207361";"km/h"
"1634.7774758";"Distance travelled (total)";"1006.85621193383";"km"
"1634.7784958";"Fuel used";"0.0270518149808812";"l"
"1634.7787766";"Instant engine power (based on fuel consumption)";"0";"hp"
"1634.8008324";"Average fuel consumption (total)";"3.89684178970884";"l/100km"
"1634.8012913";"Average fuel consumption";"4.21858340010431";"l/100km"
"1634.8015509";"Fuel used (total)";"39.235593628917";"l"
"1634.801832";"Fuel used price";"0.0348968413253368";"€"
"1634.8031744";"Distance to empty";"0";"km"
"1634.8035402";"Average fuel consumption km/l.";"23.7046398081231";"km/l."
"1634.8039556";"Fuel used price (total)";"50.6139157813029";"€"
"1634.8938428";"Absolute pedal position D";"7";"%"
"1634.8938428";"Engine fuel rate";"0";"l/h"
"1634.8938428";"Engine RPM";"1400";"rpm"
"1634.8938428";"Vehicle speed";"35";"km/h"
"1634.8974219";"Calculated instant fuel consumption";"0";"l/100km"
"1634.8976972";"Distance travelled";"0.642490069583333";"km"
"1634.8981416";"Vehicle acceleration";"-0.454423586401829";"m_sec2"
"1634.900694";"Calculated instant fuel rate";"0";"l/h"
"1634.9046371";"Average speed";"40.8620512133964";"km/h"
"1634.9048968";"Distance travelled (total)";"1006.85744847314";"km"
"1634.9064887";"Fuel used";"0.0270518149808812";"l"
"1634.9068166";"Instant engine power (based on fuel consumption)";"0";"hp"
"1634.9222652";"Average fuel consumption (total)";"3.89683700392903";"l/100km"
"1634.9227087";"Average fuel consumption";"4.21046429533531";"l/100km"
"1634.922837";"Fuel used (total)";"39.235593628917";"l"
"1634.9229741";"Fuel used price";"0.0348968413253368";"€"
"1634.9239501";"Distance to empty";"0";"km"
"1634.9243068";"Average fuel consumption km/l.";"23.7503498392774";"km/l."
"1634.9245483";"Fuel used price (total)";"50.6139157813029";"€"
"1634.9758539";"Absolute pedal position D";"7";"%"
"1634.9758539";"Engine fuel rate";"0";"l/h"
"1634.9758539";"Engine RPM";"1391";"rpm"
"1634.9758539";"Vehicle speed";"35";"km/h"
"1634.9800917";"Calculated instant fuel consumption";"0";"l/100km"
"1634.9803645";"Distance travelled";"0.643293706527778";"km"
"1634.9808002";"Vehicle acceleration";"-0.454423586401829";"m_sec2"
"1634.9837138";"Calculated instant fuel rate";"0";"l/h"
"1634.9865617";"Average speed";"40.8540313999154";"km/h"
"1634.9868215";"Distance travelled (total)";"1006.85825211008";"km"
"1634.9878282";"Fuel used";"0.0270518149808812";"l"
"1634.9881079";"Instant engine power (based on fuel consumption)";"0";"hp"
"1634.998997";"Average fuel consumption (total)";"3.89683389361815";"l/100km"
"1634.9993036";"Average fuel consumption";"4.20520435788114";"l/100km"
"1634.9994285";"Fuel used (total)";"39.235593628917";"l"
"1634.999568";"Fuel used price";"0.0348968413253368";"€"
"1635.0008963";"Distance to empty";"0";"km"
"1635.0011103";"Average fuel consumption km/l.";"23.7800571600251";"km/l."
"1635.0013399";"Fuel used price (total)";"50.6139157813029";"€"
"1635.0438861";"Absolute pedal position D";"7";"%"
"1635.0438861";"Engine fuel rate";"0";"l/h"
"1635.0438861";"Engine RPM";"1392";"rpm"
"1635.0438861";"Vehicle speed";"35";"km/h"
"1635.047876";"Calculated instant fuel consumption";"0";"l/100km"
"1635.0481596";"Distance travelled";"0.643952786666667";"km"
"1635.0485968";"Vehicle acceleration";"-0.454423586401829";"m_sec2"
"1635.0512021";"Calculated instant fuel rate";"0";"l/h"
"1635.0552172";"Average speed";"40.8464193120468";"km/h"
"1635.055477";"Distance travelled (total)";"1006.85891119022";"km"
"1635.0567159";"Fuel used";"0.0270518149808812";"l"
"1635.0570183";"Instant engine power (based on fuel consumption)";"0";"hp"
"1635.0678314";"Average fuel consumption (total)";"3.89683134278824";"l/100km"
"1635.0683714";"Average fuel consumption";"4.20090036738737";"l/100km"
"1635.0686403";"Fuel used (total)";"39.235593628917";"l"
"1635.0689295";"Fuel used price";"0.0348968413253368";"€"
"1635.0720293";"Distance to empty";"0";"km"
"1635.0731967";"Average fuel consumption km/l.";"23.8044207799653";"km/l."
"1635.0736951";"Fuel used price (total)";"50.6139157813029";"€"
"1635.1348114";"Absolute pedal position D";"7";"%"
"1635.1348114";"Engine fuel rate";"0";"l/h"
"1635.1348114";"Engine RPM";"1383";"rpm"
"1635.1348114";"Vehicle speed";"35";"km/h"
"1635.1390015";"Calculated instant fuel consumption";"0";"l/100km"
"1635.1393449";"Distance travelled";"0.644839256944445";"km"
"1635.1398787";"Vehicle acceleration";"-0.454423586401829";"m_sec2"
"1635.142401";"Calculated instant fuel rate";"0";"l/h"
"1635.1476118";"Average speed";"40.836169533528";"km/h"
"1635.1478807";"Distance travelled (total)";"1006.8597976605";"km"
"1635.1489597";"Fuel used";"0.0270518149808812";"l"
"1635.1493588";"Instant engine power (based on fuel consumption)";"0";"hp"
"1635.1646965";"Average fuel consumption (total)";"3.89682791189829";"l/100km"
"1635.1649846";"Average fuel consumption";"4.19512532612633";"l/100km"
"1635.1651077";"Fuel used (total)";"39.235593628917";"l"
"1635.1652441";"Fuel used price";"0.0348968413253368";"€"
"1635.1671122";"Distance to empty";"0";"km"
"1635.1677239";"Average fuel consumption km/l.";"23.837190125697";"km/l."
"1635.1680358";"Fuel used price (total)";"50.6139157813029";"€"
"1635.200631";"Absolute pedal position D";"7";"%"
"1635.200631";"Engine fuel rate";"0";"l/h"
"1635.200631";"Engine RPM";"1380";"rpm"
"1635.200631";"Vehicle speed";"35";"km/h"
"1635.2027063";"Calculated instant fuel consumption";"0";"l/100km"
"1635.2028482";"Distance travelled";"0.645456654027778";"km"
"1635.2032067";"Vehicle acceleration";"-0.454423586401829";"m_sec2"
"1635.2050507";"Calculated instant fuel rate";"0";"l/h"
"1635.2073851";"Average speed";"40.8323648130923";"km/h"
"1635.2075195";"Distance travelled (total)";"1006.86041505758";"km"
"1635.2080352";"Fuel used";"0.0270518149808812";"l"
"1635.2081794";"Instant engine power (based on fuel consumption)";"0";"hp"
"1635.2146724";"Average fuel consumption (total)";"3.89682552240104";"l/100km"
"1635.2149569";"Average fuel consumption";"4.19111257310193";"l/100km"
"1635.2150843";"Fuel used (total)";"39.235593628917";"l"
"1635.2152198";"Fuel used price";"0.0348968413253368";"€"
"1635.2163289";"Distance to empty";"0";"km"
"1635.2165415";"Average fuel consumption km/l.";"23.860012885788";"km/l."
"1635.2167505";"Fuel used price (total)";"50.6139157813029";"€"
"1635.2612993";"Absolute pedal position D";"7";"%"
"1635.2612993";"Engine fuel rate";"0";"l/h"
"1635.2612993";"Engine RPM";"1377";"rpm"
"1635.2612993";"Vehicle speed";"35";"km/h"
"1635.2652735";"Calculated instant fuel consumption";"0";"l/100km"
"1635.2655429";"Distance travelled";"0.646066108055556";"km"
"1635.2661046";"Vehicle acceleration";"-0.454423586401829";"m_sec2"
"1635.2688498";"Calculated instant fuel rate";"0";"l/h"
"1635.2725604";"Average speed";"40.8241310835856";"km/h"
"1635.2729163";"Distance travelled (total)";"1006.86102451161";"km"
"1635.2739801";"Fuel used";"0.0270518149808812";"l"
"1635.2742597";"Instant engine power (based on fuel consumption)";"0";"hp"
"1635.2814434";"Average fuel consumption (total)";"3.89682316364849";"l/100km"
"1635.2822043";"Average fuel consumption";"4.18715896772518";"l/100km"
"1635.2823738";"Fuel used (total)";"39.235593628917";"l"
"1635.2825237";"Fuel used price";"0.0348968413253368";"€"
"1635.2835094";"Distance to empty";"0";"km"
"1635.2836991";"Average fuel consumption km/l.";"23.8825420221216";"km/l."
"1635.2839069";"Fuel used price (total)";"50.6139157813029";"€"
"1635.3435093";"Absolute pedal position D";"7";"%"
"1635.3435093";"Engine fuel rate";"0";"l/h"
"1635.3435093";"Engine RPM";"1371";"rpm"
"1635.3435093";"Vehicle speed";"35";"km/h"
"1635.3476436";"Calculated instant fuel consumption";"0";"l/100km"
"1635.34791";"Distance travelled";"0.646866843888889";"km"
"1635.3483795";"Vehicle acceleration";"-0.454423586401829";"m_sec2"
"1635.351087";"Calculated instant fuel rate";"0";"l/h"
"1635.3557511";"Average speed";"40.8151294333961";"km/h"
"1635.3561788";"Distance travelled (total)";"1006.86182524745";"km"
"1635.3574292";"Fuel used";"0.0270518149808812";"l"
"1635.3578968";"Instant engine power (based on fuel consumption)";"0";"hp"
"1635.3680213";"Average fuel consumption (total)";"3.89682006458776";"l/100km"
"1635.3684714";"Average fuel consumption";"4.18197581719428";"l/100km"
"1635.3687296";"Fuel used (total)";"39.235593628917";"l"
"1635.3690133";"Fuel used price";"0.0348968413253368";"€"
"1635.3704661";"Distance to empty";"0";"km"
"1635.3708293";"Average fuel consumption km/l.";"23.9121421001164";"km/l."
"1635.3712543";"Fuel used price (total)";"50.6139157813029";"€"
"1635.41279";"Absolute pedal position D";"7";"%"
"1635.41279";"Engine fuel rate";"0";"l/h"
"1635.41279";"Engine RPM";"1371";"rpm"
"1635.41279";"Vehicle speed";"35";"km/h"
"1635.4180656";"Calculated instant fuel consumption";"0";"l/100km"
"1635.4183453";"Distance travelled";"0.647551577083333";"km"
"1635.4188193";"Vehicle acceleration";"0";"m_sec2"
"1635.4214847";"Calculated instant fuel rate";"0";"l/h"
"1635.4240829";"Average speed";"40.8094514356404";"km/h"
"1635.4243559";"Distance travelled (total)";"1006.86250998064";"km"
"1635.425505";"Fuel used";"0.0270518149808812";"l"
"1635.4258121";"Instant engine power (based on fuel consumption)";"0";"hp"
"1635.4266328";"Average fuel consumption (total)";"3.89681741449202";"l/100km"
"1635.4269837";"Average fuel consumption";"4.17755371745469";"l/100km"
"1635.4272384";"Fuel used (total)";"39.235593628917";"l"
"1635.4275209";"Fuel used price";"0.0348968413253368";"€"
"1635.4289269";"Distance to empty";"0";"km"
"1635.4293815";"Average fuel consumption km/l.";"23.9374540133809";"km/l."
"1635.4298142";"Fuel used price (total)";"50.6139157813029";"€"
"1635.5178698";"Absolute pedal position D";"7";"%"
"1635.5178698";"Engine fuel rate";"0";"l/h"
"1635.5178698";"Engine RPM";"1365";"rpm"
"1635.5178698";"Vehicle speed";"35";"km/h"
"1635.5222074";"Calculated instant fuel consumption";"0";"l/100km"
"1635.5224786";"Distance travelled";"0.648563935555556";"km"
"1635.5230355";"Vehicle acceleration";"0";"m_sec2"
"1635.5256559";"Calculated instant fuel rate";"0";"l/h"
"1635.5302281";"Average speed";"40.7974560385483";"km/h"
"1635.5305342";"Distance travelled (total)";"1006.86352233911";"km"
"1635.5319611";"Fuel used";"0.0270518149808812";"l"
"1635.5322762";"Instant engine power (based on fuel consumption)";"0";"hp"
"1635.5493591";"Average fuel consumption (total)";"3.89681349640775";"l/100km"
"1635.5496237";"Average fuel consumption";"4.17103287707616";"l/100km"
"1635.549748";"Fuel used (total)";"39.235593628917";"l"
"1635.5499047";"Fuel used price";"0.0348968413253368";"€"
"1635.5505973";"Distance to empty";"0";"km"
"1635.5507661";"Average fuel consumption km/l.";"23.9748769542423";"km/l."
"1635.5509606";"Fuel used price (total)";"50.6139157813029";"€"
"1635.6060391";"Absolute pedal position D";"7";"%"
"1635.6060391";"Engine fuel rate";"0";"l/h"
"1635.6060391";"Engine RPM";"1359";"rpm"
"1635.6060391";"Vehicle speed";"35";"km/h"
"1635.6111958";"Calculated instant fuel consumption";"0";"l/100km"
"1635.6114853";"Distance travelled";"0.649429219166667";"km"
"1635.6119646";"Vehicle acceleration";"0";"m_sec2"
"1635.6147163";"Calculated instant fuel rate";"0";"l/h"
"1635.6199912";"Average speed";"40.7879066534486";"km/h"
"1635.6204243";"Distance travelled (total)";"1006.86438762272";"km"
"1635.6215542";"Fuel used";"0.0270518149808812";"l"
"1635.62184";"Instant engine power (based on fuel consumption)";"0";"hp"
"1635.6368733";"Average fuel consumption (total)";"3.89681014754678";"l/100km"
"1635.6374011";"Average fuel consumption";"4.1654754948651";"l/100km"
"1635.6386264";"Fuel used (total)";"39.235593628917";"l"
"1635.6389858";"Fuel used price";"0.0348968413253368";"€"
"1635.6405453";"Distance to empty";"0";"km"
"1635.6421011";"Average fuel consumption km/l.";"24.0068631116119";"km/l."
"1635.6427157";"Fuel used price (total)";"50.6139157813029";"€"
"1635.6808633";"Absolute pedal position D";"7";"%"
"1635.6808633";"Engine fuel rate";"0";"l/h"
"1635.6808633";"Engine RPM";"1359";"rpm"
"1635.6808633";"Vehicle speed";"34";"km/h"
"1635.6834742";"Calculated instant fuel consumption";"0";"l/100km"
"1635.6836059";"Distance travelled";"0.650110361944444";"km"
"1635.6838423";"Vehicle acceleration";"-1.04785819879882";"m_sec2"
"1635.6853399";"Calculated instant fuel rate";"0";"l/h"
"1635.6868308";"Average speed";"40.7830739627445";"km/h"
"1635.6869598";"Distance travelled (total)";"1006.8650687655";"km"
"1635.6882439";"Fuel used";"0.0270518149808812";"l"
"1635.6886958";"Instant engine power (based on fuel consumption)";"0";"hp"
"1635.6897222";"Average fuel consumption (total)";"3.89680751136029";"l/100km"
"1635.6998951";"Average fuel consumption";"4.16111118425658";"l/100km"
"1635.7002168";"Fuel used (total)";"39.235593628917";"l"
"1635.7004346";"Fuel used price";"0.0348968413253368";"€"
"1635.7020945";"Distance to empty";"0";"km"
"1635.702374";"Average fuel consumption km/l.";"24.0320423011878";"km/l."
"1635.7027362";"Fuel used price (total)";"50.6139157813029";"€"
"1635.7406612";"Absolute pedal position D";"7";"%"
"1635.7406612";"Engine fuel rate";"0";"l/h"
"1635.7406612";"Engine RPM";"1350";"rpm"
"1635.7406612";"Vehicle speed";"34";"km/h"
"1635.743904";"Calculated instant fuel consumption";"0";"l/100km"
"1635.7440877";"Distance travelled";"0.650681537388889";"km"
"1635.7444314";"Vehicle acceleration";"-1.04785819879882";"m_sec2"
"1635.7462862";"Calculated instant fuel rate";"0";"l/h"
"1635.7504";"Average speed";"40.773758637224";"km/h"
"1635.7505969";"Distance travelled (total)";"1006.86563994095";"km"
"1635.7512781";"Fuel used";"0.0270518149808812";"l"
"1635.7514616";"Instant engine power (based on fuel consumption)";"0";"hp"
"1635.7669547";"Average fuel consumption (total)";"3.8968053007766";"l/100km"
"1635.7672898";"Average fuel consumption";"4.15745851487305";"l/100km"
"1635.7674554";"Fuel used (total)";"39.235593628917";"l"
"1635.7676733";"Fuel used price";"0.0348968413253368";"€"
"1635.7694743";"Distance to empty";"0";"km"
"1635.7697997";"Average fuel consumption km/l.";"24.0531564277205";"km/l."
"1635.7700946";"Fuel used price (total)";"50.6139157813029";"€"
"1635.8109447";"Absolute pedal position D";"7";"%"
"1635.8109447";"Engine fuel rate";"0";"l/h"
"1635.8109447";"Engine RPM";"1349";"rpm"
"1635.8109447";"Vehicle speed";"34";"km/h"
"1635.8136873";"Calculated instant fuel consumption";"0";"l/100km"
"1635.8138603";"Distance travelled";"0.651340470611111";"km"
"1635.81418";"Vehicle acceleration";"-1.04785819879882";"m_sec2"
"1635.8163995";"Calculated instant fuel rate";"0";"l/h"
"1635.8203183";"Average speed";"40.7654710195326";"km/h"
"1635.8205787";"Distance travelled (total)";"1006.86629887417";"km"
"1635.821642";"Fuel used";"0.0270518149808812";"l"
"1635.821926";"Instant engine power (based on fuel consumption)";"0";"hp"
"1635.8382084";"Average fuel consumption (total)";"3.89680275055273";"l/100km"
"1635.838796";"Average fuel consumption";"4.15325259238079";"l/100km"
"1635.8390955";"Fuel used (total)";"39.235593628917";"l"
"1635.8396241";"Fuel used price";"0.0348968413253368";"€"
"1635.842351";"Distance to empty";"0";"km"
"1635.8430783";"Average fuel consumption km/l.";"24.0775146167251";"km/l."
"1635.8436497";"Fuel used price (total)";"50.6139157813029";"€"
"1635.8903134";"Absolute pedal position D";"7";"%"
"1635.8903134";"Engine fuel rate";"0";"l/h"
"1635.8903134";"Engine RPM";"1345";"rpm"
"1635.8903134";"Vehicle speed";"34";"km/h"
"1635.892488";"Calculated instant fuel consumption";"0";"l/100km"
"1635.8926615";"Distance travelled";"0.652084688111111";"km"
"1635.8929651";"Vehicle acceleration";"-1.04785819879882";"m_sec2"
"1635.8943334";"Calculated instant fuel rate";"0";"l/h"
"1635.8973027";"Average speed";"40.7575007048993";"km/h"
"1635.8975661";"Distance travelled (total)";"1006.86704309167";"km"
"1635.8986715";"Fuel used";"0.0270518149808812";"l"
"1635.8989593";"Instant engine power (based on fuel consumption)";"0";"hp"
"1635.9218491";"Average fuel consumption (total)";"3.896799870263";"l/100km"
"1635.9223275";"Average fuel consumption";"4.14851252821808";"l/100km"
"1635.9227863";"Fuel used (total)";"39.235593628917";"l"
"1635.9231353";"Fuel used price";"0.0348968413253368";"€"
"1635.926238";"Distance to empty";"0";"km"
"1635.9268987";"Average fuel consumption km/l.";"24.1050254325623";"km/l."
"1635.9273217";"Fuel used price (total)";"50.6139157813029";"€"
"1636.0289561";"Absolute pedal position D";"7";"%"
"1636.0289561";"Engine fuel rate";"0";"l/h"
"1636.0289561";"Engine RPM";"1337";"rpm"
"1636.0289561";"Vehicle speed";"34";"km/h"
"1636.0338789";"Calculated instant fuel consumption";"0";"l/100km"
"1636.034162";"Distance travelled";"0.653420999555556";"km"
"1636.0346555";"Vehicle acceleration";"-1.04785819879882";"m_sec2"
"1636.0375331";"Calculated instant fuel rate";"0";"l/h"
"1636.0420894";"Average speed";"40.738628687241";"km/h"
"1636.0423509";"Distance travelled (total)";"1006.86837940311";"km"
"1636.0436404";"Fuel used";"0.0270518149808812";"l"
"1636.0439276";"Instant engine power (based on fuel consumption)";"0";"hp"
"1636.0577058";"Average fuel consumption (total)";"3.89679469844673";"l/100km"
"1636.0580705";"Average fuel consumption";"4.14002840424188";"l/100km"
"1636.0581944";"Fuel used (total)";"39.235593628917";"l"
"1636.0584174";"Fuel used price";"0.0348968413253368";"€"
"1636.0591529";"Distance to empty";"0";"km"
"1636.0593935";"Average fuel consumption km/l.";"24.1544236502193";"km/l."
"1636.0596212";"Fuel used price (total)";"50.6139157813029";"€"
"1636.1091247";"Absolute pedal position D";"7";"%"
"1636.1091247";"Engine fuel rate";"0";"l/h"
"1636.1091247";"Engine RPM";"1333";"rpm"
"1636.1091247";"Vehicle speed";"34";"km/h"
"1636.11368";"Calculated instant fuel consumption";"0";"l/100km"
"1636.1139485";"Distance travelled";"0.654174487722222";"km"
"1636.1155988";"Vehicle acceleration";"-1.04785819879882";"m_sec2"
"1636.1189078";"Calculated instant fuel rate";"0";"l/h"
"1636.1231738";"Average speed";"40.7284039364025";"km/h"
"1636.1234506";"Distance travelled (total)";"1006.86913289128";"km"
"1636.1245557";"Fuel used";"0.0270518149808812";"l"
"1636.1248379";"Instant engine power (based on fuel consumption)";"0";"hp"
"1636.1388778";"Average fuel consumption (total)";"3.89679178228951";"l/100km"
"1636.1392035";"Average fuel consumption";"4.13525985629205";"l/100km"
"1636.1397958";"Fuel used (total)";"39.235593628917";"l"
"1636.1401463";"Fuel used price";"0.0348968413253368";"€"
"1636.1412038";"Distance to empty";"0";"km"
"1636.1415346";"Average fuel consumption km/l.";"24.1822771664141";"km/l."
"1636.1417633";"Fuel used price (total)";"50.6139157813029";"€"
"1636.1773475";"Absolute pedal position D";"7";"%"
"1636.1773475";"Engine fuel rate";"0";"l/h"
"1636.1773475";"Engine RPM";"1328";"rpm"
"1636.1773475";"Vehicle speed";"34";"km/h"
"1636.1819215";"Calculated instant fuel consumption";"0";"l/100km"
"1636.1821806";"Distance travelled";"0.654818851944444";"km"
"1636.1829037";"Vehicle acceleration";"-1.04785819879882";"m_sec2"
"1636.1855627";"Calculated instant fuel rate";"0";"l/h"
"1636.1915223";"Average speed";"40.7203861809634";"km/h"
"1636.1917781";"Distance travelled (total)";"1006.8697772555";"km"
"1636.1929983";"Fuel used";"0.0270518149808812";"l"
"1636.1932919";"Instant engine power (based on fuel consumption)";"0";"hp"
"1636.2014663";"Average fuel consumption (total)";"3.8967892884683";"l/100km"
"1636.201742";"Average fuel consumption";"4.13119061868065";"l/100km"
"1636.2018624";"Fuel used (total)";"39.235593628917";"l"
"1636.2020301";"Fuel used price";"0.0348968413253368";"€"
"1636.2028555";"Distance to empty";"0";"km"
"1636.2030378";"Average fuel consumption km/l.";"24.2060967963604";"km/l."
"1636.2033089";"Fuel used price (total)";"50.6139157813029";"€"
"1636.243828";"Absolute pedal position D";"7";"%"
"1636.243828";"Engine fuel rate";"0";"l/h"
"1636.243828";"Engine RPM";"1326";"rpm"
"1636.243828";"Vehicle speed";"34";"km/h"
"1636.248118";"Calculated instant fuel consumption";"0";"l/100km"
"1636.2483815";"Distance travelled";"0.655444028833333";"km"
"1636.2488659";"Vehicle acceleration";"0";"m_sec2"
"1636.2518159";"Calculated instant fuel rate";"0";"l/h"
"1636.2581561";"Average speed";"40.7124051481107";"km/h"
"1636.2584105";"Distance travelled (total)";"1006.87040243239";"km"
"1636.2595945";"Fuel used";"0.0270518149808812";"l"
"1636.2598787";"Instant engine power (based on fuel consumption)";"0";"hp"
"1636.2728943";"Average fuel consumption (total)";"3.89678686890904";"l/100km"
"1636.2733848";"Average fuel consumption";"4.12725019846965";"l/100km"
"1636.2736434";"Fuel used (total)";"39.235593628917";"l"
"1636.2740067";"Fuel used price";"0.0348968413253368";"€"
"1636.2778074";"Distance to empty";"0";"km"
"1636.2782224";"Average fuel consumption km/l.";"24.2292071454934";"km/l."
"1636.2785651";"Fuel used price (total)";"50.6139157813029";"€"
"1636.3106355";"Absolute pedal position D";"7";"%"
"1636.3106355";"Engine fuel rate";"0";"l/h"
"1636.3106355";"Engine RPM";"1321";"rpm"
"1636.3106355";"Vehicle speed";"34";"km/h"
"1636.3135957";"Calculated instant fuel consumption";"0";"l/100km"
"1636.3137272";"Distance travelled";"0.656061181722222";"km"
"1636.3139764";"Vehicle acceleration";"0";"m_sec2"
"1636.3153349";"Calculated instant fuel rate";"0";"l/h"
"1636.317871";"Average speed";"40.7087469295693";"km/h"
"1636.3179971";"Distance travelled (total)";"1006.87101958528";"km"
"1636.3185357";"Fuel used";"0.0270518149808812";"l"
"1636.3186685";"Instant engine power (based on fuel consumption)";"0";"hp"
"1636.3351241";"Average fuel consumption (total)";"3.89678448040721";"l/100km"
"1636.3353831";"Average fuel consumption";"4.12336771852096";"l/100km"
"1636.335505";"Fuel used (total)";"39.235593628917";"l"
"1636.3356685";"Fuel used price";"0.0348968413253368";"€"
"1636.3374332";"Distance to empty";"0";"km"
"1636.3377863";"Average fuel consumption km/l.";"24.252020878669";"km/l."
"1636.3380529";"Fuel used price (total)";"50.6139157813029";"€"
"1636.3797767";"Absolute pedal position D";"7";"%"
"1636.3797767";"Engine fuel rate";"0";"l/h"
"1636.3797767";"Engine RPM";"1313";"rpm"
"1636.3797767";"Vehicle speed";"33";"km/h"
"1636.3827334";"Calculated instant fuel consumption";"0";"l/100km"
"1636.382901";"Distance travelled";"0.656695242805555";"km"
"1636.3832119";"Vehicle acceleration";"-2.06675280892374";"m_sec2"
"1636.3850491";"Calculated instant fuel rate";"0";"l/h"
"1636.3879444";"Average speed";"40.6989445883536";"km/h"
"1636.3881104";"Distance travelled (total)";"1006.87165364636";"km"
"1636.3890929";"Fuel used";"0.0270518149808812";"l"
"1636.3893356";"Instant engine power (based on fuel consumption)";"0";"hp"
"1636.4155414";"Average fuel consumption (total)";"3.89678202647043";"l/100km"
"1636.4161143";"Average fuel consumption";"4.11938646994145";"l/100km"
"1636.4163963";"Fuel used (total)";"39.235593628917";"l"
"1636.4166551";"Fuel used price";"0.0348968413253368";"€"
"1636.4179473";"Distance to empty";"0";"km"
"1636.4181783";"Average fuel consumption km/l.";"24.2754596417901";"km/l."
"1636.4183853";"Fuel used price (total)";"50.6139157813029";"€"
"1636.4458132";"Absolute pedal position D";"7";"%"
"1636.4458132";"Engine fuel rate";"0";"l/h"
"1636.4458132";"Engine RPM";"1311";"rpm"
"1636.4458132";"Vehicle speed";"33";"km/h"
"1636.4489582";"Calculated instant fuel consumption";"0";"l/100km"
"1636.449111";"Distance travelled";"0.657302147638889";"km"
"1636.4494076";"Vehicle acceleration";"-2.06675280892374";"m_sec2"
"1636.450722";"Calculated instant fuel rate";"0";"l/h"
"1636.4522696";"Average speed";"40.6914744221125";"km/h"
"1636.4523944";"Distance travelled (total)";"1006.8722605512";"km"
"1636.4529517";"Fuel used";"0.0270518149808812";"l"
"1636.4530887";"Instant engine power (based on fuel consumption)";"0";"hp"
"1636.4704157";"Average fuel consumption (total)";"3.89677967763638";"l/100km"
"1636.4707709";"Average fuel consumption";"4.11558292910722";"l/100km"
"1636.4709357";"Fuel used (total)";"39.235593628917";"l"
"1636.4711492";"Fuel used price";"0.0348968413253368";"€"
"1636.4729409";"Distance to empty";"0";"km"
"1636.4732935";"Average fuel consumption km/l.";"24.2978945443563";"km/l."
"1636.4735618";"Fuel used price (total)";"50.6139157813029";"€"
"1636.5216693";"Absolute pedal position D";"7";"%"
"1636.5216693";"Engine fuel rate";"0";"l/h"
"1636.5216693";"Engine RPM";"1303";"rpm"
"1636.5216693";"Vehicle speed";"33";"km/h"
"1636.5260842";"Calculated instant fuel consumption";"0";"l/100km"
"1636.5263517";"Distance travelled";"0.658010111305556";"km"
"1636.5268419";"Vehicle acceleration";"-2.06675280892374";"m_sec2"
"1636.5295648";"Calculated instant fuel rate";"0";"l/h"
"1636.5347461";"Average speed";"40.6776747134919";"km/h"
"1636.5350099";"Distance travelled (total)";"1006.87296851486";"km"
"1636.5363932";"Fuel used";"0.0270518149808812";"l"
"1636.5367571";"Instant engine power (based on fuel consumption)";"0";"hp"
"1636.5571668";"Average fuel consumption (total)";"3.89677693768952";"l/100km"
"1636.5578428";"Average fuel consumption";"4.11115490721075";"l/100km"
"1636.5582027";"Fuel used (total)";"39.235593628917";"l"
"1636.5586152";"Fuel used price";"0.0348968413253368";"€"
"1636.561433";"Distance to empty";"0";"km"
"1636.5636544";"Average fuel consumption km/l.";"24.3240651974961";"km/l."
"1636.5641717";"Fuel used price (total)";"50.6139157813029";"€"
"1636.6041519";"Absolute pedal position D";"7";"%"
"1636.6041519";"Engine fuel rate";"0";"l/h"
"1636.6041519";"Engine RPM";"1299";"rpm"
"1636.6041519";"Vehicle speed";"33";"km/h"
"1636.6074893";"Calculated instant fuel consumption";"0";"l/100km"
"1636.6076246";"Distance travelled";"0.658755114722222";"km"
"1636.6078761";"Vehicle acceleration";"-2.06675280892374";"m_sec2"
"1636.6091831";"Calculated instant fuel rate";"0";"l/h"
"1636.6124344";"Average speed";"40.6694238601327";"km/h"
"1636.6125663";"Distance travelled (total)";"1006.87371351828";"km"
"1636.6132228";"Fuel used";"0.0270518149808812";"l"
"1636.6133674";"Instant engine power (based on fuel consumption)";"0";"hp"
"1636.6363846";"Average fuel consumption (total)";"3.89677405439632";"l/100km"
"1636.6366743";"Average fuel consumption";"4.10650549442613";"l/100km"
"1636.636796";"Fuel used (total)";"39.235593628917";"l"
"1636.6369721";"Fuel used price";"0.0348968413253368";"€"
"1636.6376953";"Distance to empty";"0";"km"
"1636.6379089";"Average fuel consumption km/l.";"24.3516050656045";"km/l."
"1636.6381454";"Fuel used price (total)";"50.6139157813029";"€"
"1636.6708082";"Absolute pedal position D";"7";"%"
"1636.6708082";"Engine fuel rate";"0";"l/h"
"1636.6708082";"Engine RPM";"1303";"rpm"
"1636.6708082";"Vehicle speed";"33";"km/h"
"1636.67407";"Calculated instant fuel consumption";"0";"l/100km"
"1636.6742005";"Distance travelled";"0.659365359888889";"km"
"1636.674467";"Vehicle acceleration";"-2.06675280892374";"m_sec2"
"1636.6765279";"Calculated instant fuel rate";"0";"l/h"
"1636.67997";"Average speed";"40.6600081360602";"km/h"
"1636.6802007";"Distance travelled (total)";"1006.87432376345";"km"
"1636.6808633";"Fuel used";"0.0270518149808812";"l"
"1636.6810101";"Instant engine power (based on fuel consumption)";"0";"hp"
"1636.702566";"Average fuel consumption (total)";"3.89677169264424";"l/100km"
"1636.7028992";"Average fuel consumption";"4.10270490785864";"l/100km"
"1636.7030181";"Fuel used (total)";"39.235593628917";"l"
"1636.7031873";"Fuel used price";"0.0348968413253368";"€"
"1636.7053702";"Distance to empty";"0";"km"
"1636.7061379";"Average fuel consumption km/l.";"24.3741634472546";"km/l."
"1636.7064464";"Fuel used price (total)";"50.6139157813029";"€"
"1636.7685953";"Absolute pedal position D";"7";"%"
"1636.7685953";"Engine fuel rate";"0";"l/h"
"1636.7685953";"Engine RPM";"1293";"rpm"
"1636.7685953";"Vehicle speed";"33";"km/h"
"1636.7730623";"Calculated instant fuel consumption";"0";"l/100km"
"1636.7733209";"Distance travelled";"0.660273903972222";"km"
"1636.7738043";"Vehicle acceleration";"-2.06675280892374";"m_sec2"
"1636.7770563";"Calculated instant fuel rate";"0";"l/h"
"1636.7820612";"Average speed";"40.6449972152798";"km/h"
"1636.7823312";"Distance travelled (total)";"1006.87523230753";"km"
"1636.7837801";"Fuel used";"0.0270518149808812";"l"
"1636.7840871";"Instant engine power (based on fuel consumption)";"0";"hp"
"1636.8069517";"Average fuel consumption (total)";"3.89676817643016";"l/100km"
"1636.8074406";"Average fuel consumption";"4.09705954122023";"l/100km"
"1636.8077005";"Fuel used (total)";"39.235593628917";"l"
"1636.8080423";"Fuel used price";"0.0348968413253368";"€"
"1636.81097";"Distance to empty";"0";"km"
"1636.8114347";"Average fuel consumption km/l.";"24.40774877541";"km/l."
"1636.8118607";"Fuel used price (total)";"50.6139157813029";"€"
"1636.8378277";"Absolute pedal position D";"7";"%"
"1636.8378277";"Engine fuel rate";"0";"l/h"
"1636.8378277";"Engine RPM";"1288";"rpm"
"1636.8378277";"Vehicle speed";"33";"km/h"
"1636.8421522";"Calculated instant fuel consumption";"0";"l/100km"
"1636.8424095";"Distance travelled";"0.660907168472222";"km"
"1636.8429826";"Vehicle acceleration";"-2.06675280892374";"m_sec2"
"1636.8456879";"Calculated instant fuel rate";"0";"l/h"
"1636.8503076";"Average speed";"40.6365574563202";"km/h"
"1636.8505622";"Distance travelled (total)";"1006.87586557203";"km"
"1636.851631";"Fuel used";"0.0270518149808812";"l"
"1636.851912";"Instant engine power (based on fuel consumption)";"0";"hp"
"1636.8701318";"Average fuel consumption (total)";"3.89676572559681";"l/100km"
"1636.8704314";"Average fuel consumption";"4.09313384259627";"l/100km"
"1636.8705593";"Fuel used (total)";"39.235593628917";"l"
"1636.8707329";"Fuel used price";"0.0348968413253368";"€"
"1636.8715005";"Distance to empty";"0";"km"
"1636.8716811";"Average fuel consumption km/l.";"24.4311580919548";"km/l."
"1636.8718822";"Fuel used price (total)";"50.6139157813029";"€"
"1636.9254644";"Absolute pedal position D";"7";"%"
"1636.9254644";"Engine fuel rate";"0";"l/h"
"1636.9254644";"Engine RPM";"1279";"rpm"
"1636.9254644";"Vehicle speed";"32";"km/h"
"1636.9279194";"Calculated instant fuel consumption";"0";"l/100km"
"1636.9280236";"Distance travelled";"0.661668182694444";"km"
"1636.9282181";"Vehicle acceleration";"-0.509644720549568";"m_sec2"
"1636.9299058";"Calculated instant fuel rate";"0";"l/h"
"1636.9326266";"Average speed";"40.6262080312576";"km/h"
"1636.932877";"Distance travelled (total)";"1006.87662658625";"km"
"1636.9337638";"Fuel used";"0.0270518149808812";"l"
"1636.9339469";"Instant engine power (based on fuel consumption)";"0";"hp"
"1636.9575818";"Average fuel consumption (total)";"3.89676278035599";"l/100km"
"1636.9578803";"Average fuel consumption";"4.0884261459756";"l/100km"
"1636.9580085";"Fuel used (total)";"39.235593628917";"l"
"1636.9581846";"Fuel used price";"0.0348968413253368";"€"
"1636.959705";"Distance to empty";"0";"km"
"1636.9601366";"Average fuel consumption km/l.";"24.4592898170446";"km/l."
"1636.9603508";"Fuel used price (total)";"50.6139157813029";"€"
"1637.0090192";"Absolute pedal position D";"7";"%"
"1637.0090192";"Engine fuel rate";"0";"l/h"
"1637.0090192";"Engine RPM";"1270";"rpm"
"1637.0090192";"Vehicle speed";"32";"km/h"
"1637.0107495";"Calculated instant fuel consumption";"0";"l/100km"
"1637.010858";"Distance travelled";"0.662404476027778";"km"
"1637.0110533";"Vehicle acceleration";"-0.509644720549568";"m_sec2"
"1637.0120674";"Calculated instant fuel rate";"0";"l/h"
"1637.0139437";"Average speed";"40.6150498143463";"km/h"
"1637.0140588";"Distance travelled (total)";"1006.87736287958";"km"
"1637.0144784";"Fuel used";"0.0270518149808812";"l"
"1637.0145859";"Instant engine power (based on fuel consumption)";"0";"hp"
"1637.0355044";"Average fuel consumption (total)";"3.89675993079301";"l/100km"
"1637.0357096";"Average fuel consumption";"4.08388167047151";"l/100km"
"1637.0358036";"Fuel used (total)";"39.235593628917";"l"
"1637.0359803";"Fuel used price";"0.0348968413253368";"€"
"1637.037271";"Distance to empty";"0";"km"
"1637.0374635";"Average fuel consumption km/l.";"24.486507707373";"km/l."
"1637.0376062";"Fuel used price (total)";"50.6139157813029";"€"
"1637.0689519";"Absolute pedal position D";"7";"%"
"1637.0689519";"Engine fuel rate";"0";"l/h"
"1637.0689519";"Engine RPM";"1268";"rpm"
"1637.0689519";"Vehicle speed";"32";"km/h"
"1637.0706378";"Calculated instant fuel consumption";"0";"l/100km"
"1637.0707286";"Distance travelled";"0.662936643138889";"km"
"1637.0709183";"Vehicle acceleration";"-0.509644720549568";"m_sec2"
"1637.0718175";"Calculated instant fuel rate";"0";"l/h"
"1637.0740387";"Average speed";"40.606113786353";"km/h"
"1637.0741236";"Distance travelled (total)";"1006.8778950467";"km"
"1637.0744952";"Fuel used";"0.0270518149808812";"l"
"1637.0745882";"Instant engine power (based on fuel consumption)";"0";"hp"
"1637.0852678";"Average fuel consumption (total)";"3.89675787123099";"l/100km"
"1637.0854524";"Average fuel consumption";"4.08060336698174";"l/100km"
"1637.085535";"Fuel used (total)";"39.235593628917";"l"
"1637.0856498";"Fuel used price";"0.0348968413253368";"€"
"1637.0862039";"Distance to empty";"0";"km"
"1637.0863232";"Average fuel consumption km/l.";"24.5061798480958";"km/l."
"1637.0864614";"Fuel used price (total)";"50.6139157813029";"€"
"1637.1285403";"Absolute pedal position D";"7";"%"
"1637.1285403";"Engine fuel rate";"0";"l/h"
"1637.1285403";"Engine RPM";"1264";"rpm"
"1637.1285403";"Vehicle speed";"32";"km/h"
"1637.1325291";"Calculated instant fuel consumption";"0";"l/100km"
"1637.1328848";"Distance travelled";"0.663489055583333";"km"
"1637.1333843";"Vehicle acceleration";"-0.509644720549568";"m_sec2"
"1637.1365211";"Calculated instant fuel rate";"0";"l/h"
"1637.1403036";"Average speed";"40.5942466249081";"km/h"
"1637.1405538";"Distance travelled (total)";"1006.87844745914";"km"
"1637.1417966";"Fuel used";"0.0270518149808812";"l"
"1637.1420794";"Instant engine power (based on fuel consumption)";"0";"hp"
"1637.1593454";"Average fuel consumption (total)";"3.89675573331897";"l/100km"
"1637.1598656";"Average fuel consumption";"4.07720590916116";"l/100km"
"1637.1601298";"Fuel used (total)";"39.235593628917";"l"
"1637.1604918";"Fuel used price";"0.0348968413253368";"€"
"1637.1630992";"Distance to empty";"0";"km"
"1637.1635709";"Average fuel consumption km/l.";"24.526600379762";"km/l."
"1637.1640796";"Fuel used price (total)";"50.6139157813029";"€"
"1637.2033896";"Absolute pedal position D";"7";"%"
"1637.2033896";"Engine fuel rate";"0";"l/h"
"1637.2033896";"Engine RPM";"1257";"rpm"
"1637.2033896";"Vehicle speed";"32";"km/h"
"1637.2062678";"Calculated instant fuel consumption";"0";"l/100km"
"1637.2063947";"Distance travelled";"0.664142487583333";"km"
"1637.2066663";"Vehicle acceleration";"-0.509644720549568";"m_sec2"
"1637.2080029";"Calculated instant fuel rate";"0";"l/h"
"1637.2119451";"Average speed";"40.5847670759495";"km/h"
"1637.2121068";"Distance travelled (total)";"1006.87910089114";"km"
"1637.2127079";"Fuel used";"0.0270518149808812";"l"
"1637.2128504";"Instant engine power (based on fuel consumption)";"0";"hp"
"1637.2206829";"Average fuel consumption (total)";"3.89675320445041";"l/100km"
"1637.2209659";"Average fuel consumption";"4.07319445550258";"l/100km"
"1637.2210859";"Fuel used (total)";"39.235593628917";"l"
"1637.2212708";"Fuel used price";"0.0348968413253368";"€"
"1637.2232182";"Distance to empty";"0";"km"
"1637.2234261";"Average fuel consumption km/l.";"24.5507552100557";"km/l."
"1637.2236301";"Fuel used price (total)";"50.6139157813029";"€"
"1637.331842";"Absolute pedal position D";"7";"%"
"1637.331842";"Engine fuel rate";"0";"l/h"
"1637.331842";"Engine RPM";"1255";"rpm"
"1637.331842";"Vehicle speed";"32";"km/h"
"1637.3365714";"Calculated instant fuel consumption";"0";"l/100km"
"1637.3368557";"Distance travelled";"0.665302057361111";"km"
"1637.3373602";"Vehicle acceleration";"-0.509644720549568";"m_sec2"
"1637.340472";"Calculated instant fuel rate";"0";"l/h"
"1637.3453229";"Average speed";"40.5638306673792";"km/h"
"1637.3455745";"Distance travelled (total)";"1006.88026046092";"km"
"1637.3467154";"Fuel used";"0.0270518149808812";"l"
"1637.3469981";"Instant engine power (based on fuel consumption)";"0";"hp"
"1637.3578576";"Average fuel consumption (total)";"3.89674871676958";"l/100km"
"1637.3583598";"Average fuel consumption";"4.06609519414098";"l/100km"
"1637.3584844";"Fuel used (total)";"39.235593628917";"l"
"1637.3586524";"Fuel used price";"0.0348968413253368";"€"
"1637.3594288";"Distance to empty";"0";"km"
"1637.3596059";"Average fuel consumption km/l.";"24.5936199782274";"km/l."
"1637.3598065";"Fuel used price (total)";"50.6139157813029";"€"
"1637.4209604";"Absolute pedal position D";"7";"%"
"1637.4209604";"Engine fuel rate";"0";"l/h"
"1637.4209604";"Engine RPM";"1248";"rpm"
"1637.4209604";"Vehicle speed";"32";"km/h"
"1637.4248638";"Calculated instant fuel consumption";"0";"l/100km"
"1637.4251216";"Distance travelled";"0.66608660225";"km"
"1637.4256058";"Vehicle acceleration";"-0.509644720549568";"m_sec2"
"1637.4283625";"Calculated instant fuel rate";"0";"l/h"
"1637.4325412";"Average speed";"40.5517625107382";"km/h"
"1637.4328865";"Distance travelled (total)";"1006.88104500581";"km"
"1637.4339741";"Fuel used";"0.0270518149808812";"l"
"1637.43426";"Instant engine power (based on fuel consumption)";"0";"hp"
"1637.4600776";"Average fuel consumption (total)";"3.89674568048808";"l/100km"
"1637.4605505";"Average fuel consumption";"4.06130597575478";"l/100km"
"1637.460807";"Fuel used (total)";"39.235593628917";"l"
"1637.4611498";"Fuel used price";"0.0348968413253368";"€"
"1637.4653389";"Distance to empty";"0";"km"
"1637.4660994";"Average fuel consumption km/l.";"24.6226215402092";"km/l."
"1637.466558";"Fuel used price (total)";"50.6139157813029";"€"
"1637.5035157";"Absolute pedal position D";"7";"%"
"1637.5035157";"Engine fuel rate";"0";"l/h"
"1637.5035157";"Engine RPM";"1251";"rpm"
"1637.5035157";"Vehicle speed";"32";"km/h"
"1637.5075992";"Calculated instant fuel consumption";"0";"l/100km"
"1637.5078748";"Distance travelled";"0.666822129361111";"km"
"1637.5085615";"Vehicle acceleration";"0";"m_sec2"
"1637.5113755";"Calculated instant fuel rate";"0";"l/h"
"1637.5162767";"Average speed";"40.5391330153926";"km/h"
"1637.5168854";"Distance travelled (total)";"1006.88178053292";"km"
"1637.5182044";"Fuel used";"0.0270518149808812";"l"
"1637.5185462";"Instant engine power (based on fuel consumption)";"0";"hp"
"1637.5300607";"Average fuel consumption (total)";"3.89674283391548";"l/100km"
"1637.5305154";"Average fuel consumption";"4.05682621942974";"l/100km"
"1637.5307679";"Fuel used (total)";"39.235593628917";"l"
"1637.53111";"Fuel used price";"0.0348968413253368";"€"
"1637.538267";"Distance to empty";"0";"km"
"1637.5386592";"Average fuel consumption km/l.";"24.6498111062931";"km/l."
"1637.5389654";"Fuel used price (total)";"50.6139157813029";"€"
"1637.5707049";"Absolute pedal position D";"7";"%"
"1637.5707049";"Engine fuel rate";"0";"l/h"
"1637.5707049";"Engine RPM";"1239";"rpm"
"1637.5707049";"Vehicle speed";"31";"km/h"
"1637.5734253";"Calculated instant fuel consumption";"0";"l/100km"
"1637.5735584";"Distance travelled";"0.667387750194444";"km"
"1637.5738";"Vehicle acceleration";"-4.25341506695726";"m_sec2"
"1637.5751367";"Calculated instant fuel rate";"0";"l/h"
"1637.5781467";"Average speed";"40.5311861861735";"km/h"
"1637.578429";"Distance travelled (total)";"1006.88234615375";"km"
"1637.5803996";"Fuel used";"0.0270518149808812";"l"
"1637.5806936";"Instant engine power (based on fuel consumption)";"0";"hp"
"1637.599149";"Average fuel consumption (total)";"3.8967406449021";"l/100km"
"1637.599464";"Average fuel consumption";"4.05338800015428";"l/100km"
"1637.5995851";"Fuel used (total)";"39.235593628917";"l"
"1637.5997519";"Fuel used price";"0.0348968413253368";"€"
"1637.6009399";"Distance to empty";"0";"km"
"1637.6012797";"Average fuel consumption km/l.";"24.670719900536";"km/l."
"1637.6015733";"Fuel used price (total)";"50.6139157813029";"€"
"1637.6379717";"Absolute pedal position D";"8";"%"
"1637.6379717";"Engine fuel rate";"0";"l/h"
"1637.6379717";"Engine RPM";"1229";"rpm"
"1637.6379717";"Vehicle speed";"31";"km/h"
"1637.6402138";"Calculated instant fuel consumption";"0";"l/100km"
"1637.6403488";"Distance travelled";"0.667962861333333";"km"
"1637.6405937";"Vehicle acceleration";"-4.25341506695726";"m_sec2"
"1637.6418789";"Calculated instant fuel rate";"0";"l/h"
"1637.6442084";"Average speed";"40.5208960428559";"km/h"
"1637.6443305";"Distance travelled (total)";"1006.88292126489";"km"
"1637.6451615";"Fuel used";"0.0270518149808812";"l"
"1637.6452993";"Instant engine power (based on fuel consumption)";"0";"hp"
"1637.659547";"Average fuel consumption (total)";"3.89673841916273";"l/100km"
"1637.6598396";"Average fuel consumption";"4.04989806272801";"l/100km"
"1637.6599627";"Fuel used (total)";"39.235593628917";"l"
"1637.6601425";"Fuel used price";"0.0348968413253368";"€"
"1637.6609376";"Distance to empty";"0";"km"
"1637.661114";"Average fuel consumption km/l.";"24.6919795143288";"km/l."
"1637.6613089";"Fuel used price (total)";"50.6139157813029";"€"
"1637.7215792";"Absolute pedal position D";"10";"%"
"1637.7215792";"Engine fuel rate";"0";"l/h"
"1637.7215792";"Engine RPM";"1227";"rpm"
"1637.7215792";"Vehicle speed";"31";"km/h"
"1637.7263452";"Calculated instant fuel consumption";"0";"l/100km"
"1637.7266191";"Distance travelled";"0.668705673";"km"
"1637.7271257";"Vehicle acceleration";"-4.25341506695726";"m_sec2"
"1637.7300263";"Calculated instant fuel rate";"0";"l/h"
"1637.735066";"Average speed";"40.5039960332897";"km/h"
"1637.7353329";"Distance travelled (total)";"1006.88366407656";"km"
"1637.7373976";"Fuel used";"0.0270518149808812";"l"
"1637.7377764";"Instant engine power (based on fuel consumption)";"0";"hp"
"1637.7543846";"Average fuel consumption (total)";"3.89673554440881";"l/100km"
"1637.7570115";"Average fuel consumption";"4.04539935477431";"l/100km"
"1637.7572998";"Fuel used (total)";"39.235593628917";"l"
"1637.7576038";"Fuel used price";"0.0348968413253368";"€"
"1637.7586997";"Distance to empty";"0";"km"
"1637.7590686";"Average fuel consumption km/l.";"24.7194383619955";"km/l."
"1637.7597473";"Fuel used price (total)";"50.6139157813029";"€"
"1637.8117661";"Absolute pedal position D";"12";"%"
"1637.8117661";"Engine fuel rate";"0";"l/h"
"1637.8117661";"Engine RPM";"1221";"rpm"
"1637.8117661";"Vehicle speed";"31";"km/h"
"1637.8140544";"Calculated instant fuel consumption";"0";"l/100km"
"1637.8141837";"Distance travelled";"0.669459704083333";"km"
"1637.8144277";"Vehicle acceleration";"-4.25341506695726";"m_sec2"
"1637.8157379";"Calculated instant fuel rate";"0";"l/h"
"1637.8202399";"Average speed";"40.4916381750361";"km/h"
"1637.8204921";"Distance travelled (total)";"1006.88441810764";"km"
"1637.8219578";"Fuel used";"0.0270518149808812";"l"
"1637.8222426";"Instant engine power (based on fuel consumption)";"0";"hp"
"1637.8516676";"Average fuel consumption (total)";"3.89673262623899";"l/100km"
"1637.8521373";"Average fuel consumption";"4.04084290897273";"l/100km"
"1637.8523924";"Fuel used (total)";"39.235593628917";"l"
"1637.8528198";"Fuel used price";"0.0348968413253368";"€"
"1637.855422";"Distance to empty";"0";"km"
"1637.8560599";"Average fuel consumption km/l.";"24.7473119477001";"km/l."
"1637.8565327";"Fuel used price (total)";"50.6139157813029";"€"
"1637.8854443";"Absolute pedal position D";"12";"%"
"1637.8854443";"Engine fuel rate";"0.300000004470348";"l/h"
"1637.8854443";"Engine RPM";"1215";"rpm"
"1637.8854443";"Vehicle speed";"31";"km/h"
"1637.8887827";"Calculated instant fuel consumption";"0";"l/100km"
"1637.8889061";"Distance travelled";"0.670103122";"km"
"1637.8891479";"Vehicle acceleration";"-4.25341506695726";"m_sec2"
"1637.8905728";"Calculated instant fuel rate";"0.300000004470348";"l/h"
"1637.8929851";"Average speed";"40.4810332955602";"km/h"
"1637.89311";"Distance travelled (total)";"1006.88506152556";"km"
"1637.8936644";"Fuel used";"0.0270577905559703";"l"
"1637.8938017";"Instant engine power (based on fuel consumption)";"0.976976014558077";"hp"
"1637.907358";"Average fuel consumption (total)";"3.89673013615578";"l/100km"
"1637.9076822";"Average fuel consumption";"4.03785472230202";"l/100km"
"1637.9078728";"Fuel used (total)";"39.2355996044921";"l"
"1637.9080971";"Fuel used price";"0.0349045498172017";"€"
"1637.9100717";"Distance to empty";"0";"km"
"1637.9104208";"Average fuel consumption km/l.";"24.7656260260372";"km/l."
"1637.9106992";"Fuel used price (total)";"50.6139234897948";"€"
"1637.9533214";"Absolute pedal position D";"12";"%"
"1637.9533214";"Engine fuel rate";"0.300000004470348";"l/h"
"1637.9533214";"Engine RPM";"1223";"rpm"
"1637.9533214";"Vehicle speed";"31";"km/h"
"1637.9578493";"Calculated instant fuel consumption";"0.967741949904349";"l/100km"
"1637.958116";"Distance travelled";"0.670699031555556";"km"
"1637.9587581";"Vehicle acceleration";"-4.25341506695726";"m_sec2"
"1637.9619955";"Calculated instant fuel rate";"0.300000004470348";"l/h"
"1637.9641103";"Calculated instant fuel consumption km/l.";"103.333331793547";"km/l."
"1637.9656401";"Average speed";"40.4677356712848";"km/h"
"1637.9659007";"Distance travelled (total)";"1006.88565743511";"km"
"1637.9679386";"Fuel used";"0.0270639791477292";"l"
"1637.9682669";"Instant engine power (based on fuel consumption)";"0.976976014558077";"hp"
"1637.9790119";"Average fuel consumption (total)";"3.89672842340796";"l/100km"
"1637.9798026";"Average fuel consumption";"4.03518983544073";"l/100km"
"1637.980118";"Fuel used (total)";"39.2356057930838";"l"
"1637.9803313";"Fuel used price";"0.0349125331005706";"€"
"1637.9907558";"Distance to empty";"0";"km"
"1637.9910384";"Average fuel consumption km/l.";"24.7819815369549";"km/l."
"1637.9912451";"Fuel used price (total)";"50.6139314730782";"€"
"1638.0438062";"Absolute pedal position D";"14";"%"
"1638.0438062";"Engine fuel rate";"0.400000005960464";"l/h"
"1638.0438062";"Engine RPM";"1206";"rpm"
"1638.0438062";"Vehicle speed";"31";"km/h"
"1638.0491468";"Calculated instant fuel consumption";"0.967741949904349";"l/100km"
"1638.0494891";"Distance travelled";"0.671485811555556";"km"
"1638.0499855";"Vehicle acceleration";"-4.25341506695726";"m_sec2"
"1638.0526731";"Calculated instant fuel rate";"0.400000005960464";"l/h"
"1638.0546781";"Calculated instant fuel consumption km/l.";"103.333331793547";"km/l."
"1638.0561954";"Average speed";"40.4539086984486";"km/h"
"1638.0564558";"Distance travelled (total)";"1006.88644421511";"km"
"1638.0584681";"Fuel used";"0.0270740372589902";"l"
"1638.0587532";"Instant engine power (based on fuel consumption)";"1.30263468607744";"hp"
"1638.0853356";"Average fuel consumption (total)";"3.89672599313508";"l/100km"
"1638.0865366";"Average fuel consumption";"4.03195969193612";"l/100km"
"1638.0869642";"Fuel used (total)";"39.2356158511951";"l"
"1638.087425";"Fuel used price";"0.0349255080640973";"€"
"1638.0888953";"Distance to empty";"0";"km"
"1638.0892352";"Average fuel consumption km/l.";"24.8018352465177";"km/l."
"1638.0897184";"Fuel used price (total)";"50.6139444480417";"€"
"1638.1485066";"Absolute pedal position D";"15";"%"
"1638.1485066";"Engine fuel rate";"0.500000007450581";"l/h"
"1638.1485066";"Engine RPM";"1207";"rpm"
"1638.1485066";"Vehicle speed";"30";"km/h"
"1638.1527679";"Calculated instant fuel consumption";"1.33333335320155";"l/100km"
"1638.1530388";"Distance travelled";"0.672348677388889";"km"
"1638.1535312";"Vehicle acceleration";"-0.479208118168888";"m_sec2"
"1638.1564039";"Calculated instant fuel rate";"0.500000007450581";"l/h"
"1638.1594135";"Calculated instant fuel consumption km/l.";"74.9999988824129";"km/l."
"1638.1608113";"Average speed";"40.4350061635081";"km/h"
"1638.1619988";"Distance travelled (total)";"1006.88730708095";"km"
"1638.1639457";"Fuel used";"0.0270886864675418";"l"
"1638.1642118";"Instant engine power (based on fuel consumption)";"1.6282933575968";"hp"
"1638.1858253";"Average fuel consumption (total)";"3.89672365271369";"l/100km"
"1638.1863024";"Average fuel consumption";"4.02896404477845";"l/100km"
"1638.1864804";"Fuel used (total)";"39.2356305004037";"l"
"1638.1866465";"Fuel used price";"0.0349444055431289";"€"
"1638.2085361";"Distance to empty";"0";"km"
"1638.2088246";"Average fuel consumption km/l.";"24.8202761028856";"km/l."
"1638.2090293";"Fuel used price (total)";"50.6139633455207";"€"
"1638.2532534";"Absolute pedal position D";"17";"%"
"1638.2532534";"Engine fuel rate";"0.500000007450581";"l/h"
"1638.2532534";"Engine RPM";"1207";"rpm"
"1638.2532534";"Vehicle speed";"30";"km/h"
"1638.2569631";"Calculated instant fuel consumption";"1.66666669150194";"l/100km"
"1638.2574225";"Distance travelled";"0.673218497388889";"km"
"1638.2579479";"Vehicle acceleration";"-0.479208118168888";"m_sec2"
"1638.2607971";"Calculated instant fuel rate";"0.500000007450581";"l/h"
"1638.2630855";"Calculated instant fuel consumption km/l.";"59.9999991059303";"km/l."
"1638.2645597";"Average speed";"40.4172881387194";"km/h"
"1638.2648152";"Distance travelled (total)";"1006.88817690095";"km"
"1638.2669424";"Fuel used";"0.027102990703866";"l"
"1638.2672387";"Instant engine power (based on fuel consumption)";"1.6282933575968";"hp"
"1638.2693638";"Average fuel consumption (total)";"3.89672174135217";"l/100km"
"1638.3024894";"Average fuel consumption";"4.02588324726464";"l/100km"
"1638.3033002";"Fuel used (total)";"39.23564480464";"l"
"1638.3036752";"Fuel used price";"0.0349628580079872";"€"
"1638.3073408";"Distance to empty";"0";"km"
"1638.3107854";"Average fuel consumption km/l.";"24.8392697597339";"km/l."
"1638.311411";"Fuel used price (total)";"50.6139817979856";"€"
"1638.3213374";"Absolute pedal position D";"18";"%"
"1638.3213374";"Engine fuel rate";"0.700000010430813";"l/h"
"1638.3213374";"Engine RPM";"1205";"rpm"
"1638.3213374";"Vehicle speed";"30";"km/h"
"1638.3239851";"Calculated instant fuel consumption";"1.66666669150194";"l/100km"
"1638.3241155";"Distance travelled";"0.673774272388889";"km"
"1638.3243666";"Vehicle acceleration";"-0.479208118168888";"m_sec2"
"1638.3256682";"Calculated instant fuel rate";"0.700000010430813";"l/h"
"1638.3274035";"Calculated instant fuel consumption km/l.";"59.9999991059303";"km/l."
"1638.3280857";"Average speed";"40.4077758285678";"km/h"
"1638.3282031";"Distance travelled (total)";"1006.88873267595";"km"
"1638.3289524";"Fuel used";"0.0271150483401568";"l"
"1638.3290765";"Instant engine power (based on fuel consumption)";"2.27961070063551";"hp"
"1638.3441397";"Average fuel consumption (total)";"3.89672101110575";"l/100km"
"1638.3443956";"Average fuel consumption";"4.02435199017314";"l/100km"
"1638.3445148";"Fuel used (total)";"39.2356568622763";"l"
"1638.344686";"Fuel used price";"0.0349784123588023";"€"
"1638.3453955";"Distance to empty";"0";"km"
"1638.3455542";"Average fuel consumption km/l.";"24.8487210473102";"km/l."
"1638.345743";"Fuel used price (total)";"50.6139973523364";"€"
"1638.4185918";"Absolute pedal position D";"18";"%"
"1638.4185918";"Engine fuel rate";"0.750000011175871";"l/h"
"1638.4185918";"Engine RPM";"1214";"rpm"
"1638.4185918";"Vehicle speed";"30";"km/h"
"1638.4231069";"Calculated instant fuel consumption";"2.33333336810271";"l/100km"
"1638.423373";"Distance travelled";"0.674601349888889";"km"
"1638.4238845";"Vehicle acceleration";"-0.479208118168888";"m_sec2"
"1638.4278989";"Calculated instant fuel rate";"0.750000011175871";"l/h"
"1638.43149";"Calculated instant fuel consumption km/l.";"42.8571422185217";"km/l."
"1638.4332294";"Average speed";"40.3866890956889";"km/h"
"1638.4334859";"Distance travelled (total)";"1006.88955975345";"km"
"1638.4345891";"Fuel used";"0.0271370540696514";"l"
"1638.4348522";"Instant engine power (based on fuel consumption)";"2.44244003639519";"hp"
"1638.4444647";"Average fuel consumption (total)";"3.89671900778113";"l/100km"
"1638.4447645";"Average fuel consumption";"4.02268007233028";"l/100km"
"1638.4457992";"Fuel used (total)";"39.2356788680058";"l"
"1638.4471149";"Fuel used price";"0.0350067997498503";"€"
"1638.4593422";"Distance to empty";"0";"km"
"1638.4596256";"Average fuel consumption km/l.";"24.8590487441054";"km/l."
"1638.4598318";"Fuel used price (total)";"50.6140257397274";"€"
"1638.524049";"Absolute pedal position D";"19";"%"
"1638.524049";"Engine fuel rate";"0.850000012665987";"l/h"
"1638.524049";"Engine RPM";"1218";"rpm"
"1638.524049";"Vehicle speed";"30";"km/h"
"1638.5298403";"Calculated instant fuel consumption";"2.5000000372529";"l/100km"
"1638.5301071";"Distance travelled";"0.675490754888889";"km"
"1638.5306073";"Vehicle acceleration";"-0.479208118168888";"m_sec2"
"1638.5334375";"Calculated instant fuel rate";"0.850000012665987";"l/h"
"1638.5371609";"Calculated instant fuel consumption km/l.";"39.9999994039536";"km/l."
"1638.538462";"Average speed";"40.3692728024562";"km/h"
"1638.5386045";"Distance travelled (total)";"1006.89044915845";"km"
"1638.5398248";"Fuel used";"0.0271619007977994";"l"
"1638.540039";"Instant engine power (based on fuel consumption)";"2.76809870791455";"hp"
"1638.5629337";"Average fuel consumption (total)";"3.89671775125077";"l/100km"
"1638.5634521";"Average fuel consumption";"4.0210618133874";"l/100km"
"1638.5648345";"Fuel used (total)";"39.2357037147339";"l"
"1638.5650955";"Fuel used price";"0.0350388520291613";"€"
"1638.580385";"Distance to empty";"0";"km"
"1638.5806746";"Average fuel consumption km/l.";"24.8690531608014";"km/l."
"1638.5808777";"Fuel used price (total)";"50.6140577920067";"€"
"1638.6054484";"Absolute pedal position D";"20";"%"
"1638.6054484";"Engine fuel rate";"1.20000001788139";"l/h"
"1638.6054484";"Engine RPM";"1182";"rpm"
"1638.6054484";"Vehicle speed";"30";"km/h"
"1638.6078968";"Calculated instant fuel consumption";"2.83333337555329";"l/100km"
"1638.6080249";"Distance travelled";"0.676140082388889";"km"
"1638.6082656";"Vehicle acceleration";"-0.479208118168888";"m_sec2"
"1638.6096241";"Calculated instant fuel rate";"1.20000001788139";"l/h"
"1638.6110954";"Calculated instant fuel consumption km/l.";"35.2941171211355";"km/l."
"1638.6118005";"Average speed";"40.3589079062283";"km/h"
"1638.61192";"Distance travelled (total)";"1006.89109848595";"km"
"1638.612738";"Fuel used";"0.0271862050648282";"l"
"1638.612867";"Instant engine power (based on fuel consumption)";"3.90790405823231";"hp"
"1638.6290129";"Average fuel consumption (total)";"3.89671770598949";"l/100km"
"1638.629189";"Average fuel consumption";"4.02079476915138";"l/100km"
"1638.6294309";"Fuel used (total)";"39.235728019001";"l"
"1638.6296007";"Fuel used price";"0.0350702045336284";"€"
"1638.6437136";"Distance to empty";"0";"km"
"1638.6442633";"Average fuel consumption km/l.";"24.8707048584591";"km/l."
"1638.6445751";"Fuel used price (total)";"50.6140891445112";"€"
"1638.6671163";"Absolute pedal position D";"20";"%"
"1638.6671163";"Engine fuel rate";"1.20000001788139";"l/h"
"1638.6671163";"Engine RPM";"1197";"rpm"
"1638.6671163";"Vehicle speed";"30";"km/h"
"1638.6707368";"Calculated instant fuel consumption";"4.00000005960464";"l/100km"
"1638.670907";"Distance travelled";"0.676664059055556";"km"
"1638.6712416";"Vehicle acceleration";"0";"m_sec2"
"1638.673096";"Calculated instant fuel rate";"1.20000001788139";"l/h"
"1638.6743009";"Calculated instant fuel consumption km/l.";"24.999999627471";"km/l."
"1638.6752549";"Average speed";"40.3477514646448";"km/h"
"1638.6754474";"Distance travelled (total)";"1006.89162246261";"km"
"1638.6764075";"Fuel used";"0.0272074266984778";"l"
"1638.6765815";"Instant engine power (based on fuel consumption)";"3.90790405823231";"hp"
"1638.695413";"Average fuel consumption (total)";"3.89671809196703";"l/100km"
"1638.6956596";"Average fuel consumption";"4.02081746981688";"l/100km"
"1638.6958929";"Fuel used (total)";"39.2357492406346";"l"
"1638.6961995";"Fuel used price";"0.0350975804410364";"€"
"1638.7116795";"Distance to empty";"0";"km"
"1638.7120503";"Average fuel consumption km/l.";"24.8705644438404";"km/l."
"1638.7123175";"Fuel used price (total)";"50.6141165204186";"€"
"1638.7344866";"Absolute pedal position D";"20";"%"
"1638.7344866";"Engine fuel rate";"1.30000001937151";"l/h"
"1638.7344866";"Engine RPM";"1191";"rpm"
"1638.7344866";"Vehicle speed";"30";"km/h"
"1638.7373011";"Calculated instant fuel consumption";"4.00000005960464";"l/100km"
"1638.7374522";"Distance travelled";"0.677218576555556";"km"
"1638.7377145";"Vehicle acceleration";"0";"m_sec2"
"1638.739682";"Calculated instant fuel rate";"1.30000001937151";"l/h"
"1638.7413883";"Calculated instant fuel consumption km/l.";"24.999999627471";"km/l."
"1638.7421317";"Average speed";"40.3361210783707";"km/h"
"1638.7422505";"Distance travelled (total)";"1006.89217698011";"km"
"1638.7428458";"Fuel used";"0.0272314177293909";"l"
"1638.742968";"Instant engine power (based on fuel consumption)";"4.23356272975167";"hp"
"1638.7601599";"Average fuel consumption (total)";"3.89671805359648";"l/100km"
"1638.7604777";"Average fuel consumption";"4.02106774269163";"l/100km"
"1638.7606396";"Fuel used (total)";"39.2357732316655";"l"
"1638.7608631";"Fuel used price";"0.0351285288709142";"€"
"1638.7618248";"Distance to empty";"0";"km"
"1638.7620445";"Average fuel consumption km/l.";"24.8690164898992";"km/l."
"1638.7623063";"Fuel used price (total)";"50.6141474688485";"€"
"1638.8475661";"Absolute pedal position D";"21";"%"
"1638.8475661";"Engine fuel rate";"1.5500000230968";"l/h"
"1638.8475661";"Engine RPM";"1192";"rpm"
"1638.8475661";"Vehicle speed";"30";"km/h"
"1638.8521173";"Calculated instant fuel consumption";"4.33333339790503";"l/100km"
"1638.8523885";"Distance travelled";"0.678176323222222";"km"
"1638.8529853";"Vehicle acceleration";"0";"m_sec2"
"1638.8563393";"Calculated instant fuel rate";"1.5500000230968";"l/h"
"1638.8599096";"Calculated instant fuel consumption km/l.";"23.0769227330501";"km/l."
"1638.8627114";"Average speed";"40.3128792927821";"km/h"
"1638.8630065";"Distance travelled (total)";"1006.89313472678";"km"
"1638.8647022";"Fuel used";"0.0272838795037837";"l"
"1638.8649644";"Instant engine power (based on fuel consumption)";"5.04770940855006";"hp"
"1638.8901448";"Average fuel consumption (total)";"3.89671672975625";"l/100km"
"1638.8905335";"Average fuel consumption";"4.0231247493498";"l/100km"
"1638.8909565";"Fuel used (total)";"39.2358256934399";"l"
"1638.891307";"Fuel used price";"0.035196204559881";"€"
"1638.9131416";"Distance to empty";"0";"km"
"1638.9134435";"Average fuel consumption km/l.";"24.8563010670155";"km/l."
"1638.9136472";"Fuel used price (total)";"50.6142151445375";"€"
"1638.9437638";"Absolute pedal position D";"21";"%"
"1638.9437638";"Engine fuel rate";"1.70000002533197";"l/h"
"1638.9437638";"Engine RPM";"1195";"rpm"
"1638.9437638";"Vehicle speed";"30";"km/h"
"1638.9469819";"Calculated instant fuel consumption";"5.166666743656";"l/100km"
"1638.9471503";"Distance travelled";"0.678965994888889";"km"
"1638.947483";"Vehicle acceleration";"0";"m_sec2"
"1638.9492922";"Calculated instant fuel rate";"1.70000002533197";"l/h"
"1638.9504445";"Calculated instant fuel consumption km/l.";"19.3548384212679";"km/l."
"1638.9513511";"Average speed";"40.3007343397656";"km/h"
"1638.9515161";"Distance travelled (total)";"1006.89392439845";"km"
"1638.9522159";"Fuel used";"0.0273252051821773";"l"
"1638.9523816";"Instant engine power (based on fuel consumption)";"5.5361974158291";"hp"
"1638.9634489";"Average fuel consumption (total)";"3.896718883956";"l/100km"
"1638.9636824";"Average fuel consumption";"4.02453221337675";"l/100km"
"1638.9639161";"Fuel used (total)";"39.2358670191183";"l"
"1638.964293";"Fuel used price";"0.0352495146850087";"€"
"1638.9816922";"Distance to empty";"0";"km"
"1638.982051";"Average fuel consumption km/l.";"24.8476082928644";"km/l."
"1638.9823285";"Fuel used price (total)";"50.6142684546626";"€"
"1639.0256192";"Absolute pedal position D";"21";"%"
"1639.0256192";"Engine fuel rate";"2.20000003278255";"l/h"
"1639.0256192";"Engine RPM";"1199";"rpm"
"1639.0256192";"Vehicle speed";"30";"km/h"
"1639.0289696";"Calculated instant fuel consumption";"5.66666675110658";"l/100km"
"1639.0291416";"Distance travelled";"0.679649224888889";"km"
"1639.0295485";"Vehicle acceleration";"0";"m_sec2"
"1639.0315108";"Calculated instant fuel rate";"2.20000003278255";"l/h"
"1639.0339158";"Calculated instant fuel consumption km/l.";"17.6470585605677";"km/l."
"1639.0349081";"Average speed";"40.2857697288765";"km/h"
"1639.0350697";"Distance travelled (total)";"1006.89460762845";"km"
"1639.0357745";"Fuel used";"0.0273762664496048";"l"
"1639.0360661";"Instant engine power (based on fuel consumption)";"7.1644907734259";"hp"
"1639.0476929";"Average fuel consumption (total)";"3.89672034410147";"l/100km"
"1639.0479333";"Average fuel consumption";"4.02799936306561";"l/100km"
"1639.0482173";"Fuel used (total)";"39.2359180803857";"l"
"1639.0484415";"Fuel used price";"0.0353153837199902";"€"
"1639.068531";"Distance to empty";"0";"km"
"1639.0691139";"Average fuel consumption km/l.";"24.8262204102963";"km/l."
"1639.0695193";"Fuel used price (total)";"50.6143343236976";"€"
"1639.0930205";"Absolute pedal position D";"21";"%"
"1639.0930205";"Engine fuel rate";"2.45000003650784";"l/h"
"1639.0930205";"Engine RPM";"1202";"rpm"
"1639.0930205";"Vehicle speed";"30";"km/h"
"1639.0952022";"Calculated instant fuel consumption";"7.33333344260852";"l/100km"
"1639.0953313";"Distance travelled";"0.680200790722222";"km"
"1639.0955758";"Vehicle acceleration";"0";"m_sec2"
"1639.0970207";"Calculated instant fuel rate";"2.45000003650784";"l/h"
"1639.0986209";"Calculated instant fuel consumption km/l.";"13.636363433166";"km/l."
"1639.0994078";"Average speed";"40.2756701645662";"km/h"
"1639.0995312";"Distance travelled (total)";"1006.89515919428";"km"
"1639.1000817";"Fuel used";"0.027420028486368";"l"
"1639.1002128";"Instant engine power (based on fuel consumption)";"7.9786374522243";"hp"
"1639.1111071";"Average fuel consumption (total)";"3.89672328068222";"l/100km"
"1639.1112805";"Average fuel consumption";"4.03116680550372";"l/100km"
"1639.1114546";"Fuel used (total)";"39.2359618424225";"l"
"1639.1116221";"Fuel used price";"0.0353718367474148";"€"
"1639.1294878";"Distance to empty";"0";"km"
"1639.1297854";"Average fuel consumption km/l.";"24.8067134963184";"km/l."
"1639.1299872";"Fuel used price (total)";"50.614390776725";"€"
"1639.1606805";"Absolute pedal position D";"21";"%"
"1639.1606805";"Engine fuel rate";"2.95000004395843";"l/h"
"1639.1606805";"Engine RPM";"1208";"rpm"
"1639.1606805";"Vehicle speed";"30";"km/h"
"1639.1629774";"Calculated instant fuel consumption";"8.16666678835948";"l/100km"
"1639.1631068";"Distance travelled";"0.680765556555556";"km"
"1639.1633556";"Vehicle acceleration";"0";"m_sec2"
"1639.1646829";"Calculated instant fuel rate";"2.95000004395843";"l/h"
"1639.1671514";"Calculated instant fuel consumption km/l.";"12.2448977767205";"km/l."
"1639.1679588";"Average speed";"40.2637166946194";"km/h"
"1639.1680789";"Distance travelled (total)";"1006.89572396011";"km"
"1639.1686035";"Fuel used";"0.0274761760010936";"l"
"1639.1687502";"Instant engine power (based on fuel consumption)";"9.60693080982109";"hp"
"1639.1789339";"Average fuel consumption (total)";"3.89672544125104";"l/100km"
"1639.1791051";"Average fuel consumption";"4.03607023541464";"l/100km"
"1639.1793375";"Fuel used (total)";"39.2360179899372";"l"
"1639.1795077";"Fuel used price";"0.0354442670414108";"€"
"1639.1951713";"Distance to empty";"0";"km"
"1639.1955027";"Average fuel consumption km/l.";"24.7765757698036";"km/l."
"1639.1961238";"Fuel used price (total)";"50.614463207019";"€"
"1639.2360234";"Absolute pedal position D";"21";"%"
"1639.2360234";"Engine fuel rate";"3.50000005215406";"l/h"
"1639.2360234";"Engine RPM";"1218";"rpm"
"1639.2360234";"Vehicle speed";"30";"km/h"
"1639.2387877";"Calculated instant fuel consumption";"9.83333347986142";"l/100km"
"1639.2389578";"Distance travelled";"0.681397630722222";"km"
"1639.2392336";"Vehicle acceleration";"0";"m_sec2"
"1639.2406762";"Calculated instant fuel rate";"3.50000005215406";"l/h"
"1639.2431435";"Calculated instant fuel consumption km/l.";"10.1694913738865";"km/l."
"1639.2441216";"Average speed";"40.2507365659024";"km/h"
"1639.2442429";"Distance travelled (total)";"1006.89635603428";"km"
"1639.2447885";"Fuel used";"0.0275502415438639";"l"
"1639.2449113";"Instant engine power (based on fuel consumption)";"11.3980535031776";"hp"
"1639.2649445";"Average fuel consumption (total)";"3.89672857139643";"l/100km"
"1639.2652044";"Average fuel consumption";"4.04319596982794";"l/100km"
"1639.2655206";"Fuel used (total)";"39.23609205548";"l"
"1639.2657524";"Fuel used price";"0.0355398115915845";"€"
"1639.2827939";"Distance to empty";"0";"km"
"1639.2833499";"Average fuel consumption km/l.";"24.7329094969037";"km/l."
"1639.2836358";"Fuel used price (total)";"50.6145587515692";"€"
"1639.303807";"Absolute pedal position D";"21";"%"
"1639.303807";"Engine fuel rate";"3.55000005289912";"l/h"
"1639.303807";"Engine RPM";"1209";"rpm"
"1639.303807";"Vehicle speed";"31";"km/h"
"1639.307612";"Calculated instant fuel consumption";"11.2903227488841";"l/100km"
"1639.3077851";"Distance travelled";"0.681990259444445";"km"
"1639.3081577";"Vehicle acceleration";"4.03266133064919";"m_sec2"
"1639.3102346";"Calculated instant fuel rate";"3.55000005289912";"l/h"
"1639.3140723";"Calculated instant fuel consumption km/l.";"8.85714272516115";"km/l."
"1639.3153464";"Average speed";"40.2388953681997";"km/h"
"1639.3155441";"Distance travelled (total)";"1006.896948663";"km"
"1639.3168831";"Fuel used";"0.0276213293088121";"l"
"1639.3173165";"Instant engine power (based on fuel consumption)";"11.5608828389372";"hp"
"1639.3346482";"Average fuel consumption (total)";"3.89673363372282";"l/100km"
"1639.3348771";"Average fuel consumption";"4.05010613074044";"l/100km"
"1639.3351051";"Fuel used (total)";"39.2361631432449";"l"
"1639.3353294";"Fuel used price";"0.0356315148083676";"€"
"1639.3553151";"Distance to empty";"0";"km"
"1639.3556986";"Average fuel consumption km/l.";"24.6907110016196";"km/l."
"1639.3561344";"Fuel used price (total)";"50.614650454786";"€"
"1639.4462357";"Absolute pedal position D";"21";"%"
"1639.4462357";"Engine fuel rate";"3.60000005364418";"l/h"
"1639.4462357";"Engine RPM";"1216";"rpm"
"1639.4462357";"Vehicle speed";"31";"km/h"
"1639.4510263";"Calculated instant fuel consumption";"11.4516130738681";"l/100km"
"1639.4512914";"Distance travelled";"0.683225947";"km"
"1639.451815";"Vehicle acceleration";"4.03266133064919";"m_sec2"
"1639.4549254";"Calculated instant fuel rate";"3.60000005364418";"l/h"
"1639.4582432";"Calculated instant fuel consumption km/l.";"8.73239423607437";"km/l."
"1639.4598309";"Average speed";"40.2164411227056";"km/h"
"1639.4601037";"Distance travelled (total)";"1006.89818435056";"km"
"1639.4612431";"Fuel used";"0.0277656821109631";"l"
"1639.4615046";"Instant engine power (based on fuel consumption)";"11.7237121746969";"hp"
"1639.4851927";"Average fuel consumption (total)";"3.89673591164056";"l/100km"
"1639.4864298";"Average fuel consumption";"4.06390919912811";"l/100km"
"1639.4866986";"Fuel used (total)";"39.2363074960471";"l"
"1639.4870591";"Fuel used price";"0.0358177299231424";"€"
"1639.5087401";"Distance to empty";"0";"km"
"1639.5104832";"Average fuel consumption km/l.";"24.6068489968857";"km/l."
"1639.5112953";"Fuel used price (total)";"50.6148366699007";"€"
"1639.5218028";"Absolute pedal position D";"21";"%"
"1639.5218028";"Engine fuel rate";"3.55000005289912";"l/h"
"1639.5218028";"Engine RPM";"1223";"rpm"
"1639.5218028";"Vehicle speed";"31";"km/h"
"1639.5284709";"Calculated instant fuel consumption";"11.6129033988522";"l/100km"
"1639.528609";"Distance travelled";"0.683891727111111";"km"
"1639.5288727";"Vehicle acceleration";"4.03266133064919";"m_sec2"
"1639.5304647";"Calculated instant fuel rate";"3.55000005289912";"l/h"
"1639.5327456";"Calculated instant fuel consumption km/l.";"8.61111098279556";"km/l."
"1639.5334875";"Average speed";"40.2071554460317";"km/h"
"1639.5336067";"Distance travelled (total)";"1006.89885013067";"km"
"1639.5344373";"Fuel used";"0.0278378572606497";"l"
"1639.5345782";"Instant engine power (based on fuel consumption)";"11.5608828389372";"hp"
"1639.545826";"Average fuel consumption (total)";"3.89674767142254";"l/100km"
"1639.5460535";"Average fuel consumption";"4.07050650813428";"l/100km"
"1639.5462254";"Fuel used (total)";"39.2363796711968";"l"
"1639.5463946";"Fuel used price";"0.0359108358662382";"€"
"1639.5630816";"Distance to empty";"0";"km"
"1639.5638422";"Average fuel consumption km/l.";"24.5669672312685";"km/l."
"1639.5641284";"Fuel used price (total)";"50.6149297758438";"€"
"1639.5892158";"Absolute pedal position D";"21";"%"
"1639.5892158";"Engine fuel rate";"3.55000005289912";"l/h"
"1639.5892158";"Engine RPM";"1238";"rpm"
"1639.5892158";"Vehicle speed";"31";"km/h"
"1639.5920043";"Calculated instant fuel consumption";"11.4516130738681";"l/100km"
"1639.5921963";"Distance travelled";"0.684439255138889";"km"
"1639.5925379";"Vehicle acceleration";"4.03266133064919";"m_sec2"
"1639.5943969";"Calculated instant fuel rate";"3.55000005289912";"l/h"
"1639.5969527";"Calculated instant fuel consumption km/l.";"8.73239423607437";"km/l."
"1639.5979605";"Average speed";"40.1970361166093";"km/h"
"1639.5981229";"Distance travelled (total)";"1006.8993976587";"km"
"1639.5988256";"Fuel used";"0.0279013496032625";"l"
"1639.5989898";"Instant engine power (based on fuel consumption)";"11.5608828389372";"hp"
"1639.6135192";"Average fuel consumption (total)";"3.89675272052319";"l/100km"
"1639.6137484";"Average fuel consumption";"4.07652679091305";"l/100km"
"1639.6139799";"Fuel used (total)";"39.2364431635394";"l"
"1639.6142074";"Fuel used price";"0.0359927409882086";"€"
"1639.6312254";"Distance to empty";"0";"km"
"1639.6316221";"Average fuel consumption km/l.";"24.530686324179";"km/l."
"1639.631894";"Fuel used price (total)";"50.6150116809658";"€"
"1639.7166671";"Absolute pedal position D";"21";"%"
"1639.7166671";"Engine fuel rate";"3.55000005289912";"l/h"
"1639.7166671";"Engine RPM";"1242";"rpm"
"1639.7166671";"Vehicle speed";"31";"km/h"
"1639.7213804";"Calculated instant fuel consumption";"11.4516130738681";"l/100km"
"1639.7216415";"Distance travelled";"0.685553861861111";"km"
"1639.7221502";"Vehicle acceleration";"4.03266133064919";"m_sec2"
"1639.7256557";"Calculated instant fuel rate";"3.55000005289912";"l/h"
"1639.7307055";"Calculated instant fuel consumption km/l.";"8.73239423607437";"km/l."
"1639.7325509";"Average speed";"40.1743313533319";"km/h"
"1639.7329248";"Distance travelled (total)";"1006.90051226542";"km"
"1639.7341019";"Fuel used";"0.0280347387844168";"l"
"1639.7343642";"Instant engine power (based on fuel consumption)";"11.5608828389372";"hp"
"1639.7466578";"Average fuel consumption (total)";"3.89675471266388";"l/100km"
"1639.7469679";"Average fuel consumption";"4.08935611686431";"l/100km"
"1639.7470958";"Fuel used (total)";"39.2365765527205";"l"
"1639.7472643";"Fuel used price";"0.0361648130318977";"€"
"1639.7482031";"Distance to empty";"0";"km"
"1639.7483662";"Average fuel consumption km/l.";"24.453727467658";"km/l."
"1639.7485709";"Fuel used price (total)";"50.6151837530095";"€"
"1639.8071536";"Absolute pedal position D";"21";"%"
"1639.8071536";"Engine fuel rate";"3.55000005289912";"l/h"
"1639.8071536";"Engine RPM";"1251";"rpm"
"1639.8071536";"Vehicle speed";"32";"km/h"
"1639.8119339";"Calculated instant fuel consumption";"11.0937501653098";"l/100km"
"1639.8122094";"Distance travelled";"0.686358860972222";"km"
"1639.8128252";"Vehicle acceleration";"0.48432323190055";"m_sec2"
"1639.81568";"Calculated instant fuel rate";"3.55000005289912";"l/h"
"1639.8186658";"Calculated instant fuel consumption km/l.";"9.01408437272193";"km/l."
"1639.8201611";"Average speed";"40.1642136301036";"km/h"
"1639.8204238";"Distance travelled (total)";"1006.90131726453";"km"
"1639.8222811";"Fuel used";"0.0281216873579347";"l"
"1639.8225591";"Instant engine power (based on fuel consumption)";"11.5608828389372";"hp"
"1639.8409995";"Average fuel consumption (total)";"3.89676484477302";"l/100km"
"1639.8411883";"Average fuel consumption";"4.09722798917472";"l/100km"
"1639.8414398";"Fuel used (total)";"39.2366635012941";"l"
"1639.8416234";"Fuel used price";"0.0362769766917358";"€"
"1639.8590227";"Distance to empty";"0";"km"
"1639.8593716";"Average fuel consumption km/l.";"24.4067453078544";"km/l."
"1639.8595849";"Fuel used price (total)";"50.6152959166693";"€"
"1639.8745527";"Absolute pedal position D";"21";"%"
"1639.8745527";"Engine fuel rate";"3.60000005364418";"l/h"
"1639.8745527";"Engine RPM";"1265";"rpm"
"1639.8745527";"Vehicle speed";"32";"km/h"
"1639.877596";"Calculated instant fuel consumption";"11.0937501653098";"l/100km"
"1639.8777195";"Distance travelled";"0.686941178305556";"km"
"1639.8780102";"Vehicle acceleration";"0";"m_sec2"
"1639.8794619";"Calculated instant fuel rate";"3.60000005364418";"l/h"
"1639.8815109";"Calculated instant fuel consumption km/l.";"9.01408437272193";"km/l."
"1639.8822749";"Average speed";"40.1576982592391";"km/h"
"1639.8823964";"Distance travelled (total)";"1006.90189958186";"km"
"1639.8829972";"Fuel used";"0.0281824048588395";"l"
"1639.8831197";"Instant engine power (based on fuel consumption)";"11.7237121746969";"hp"
"1639.8963943";"Average fuel consumption (total)";"3.89677122643109";"l/100km"
"1639.8966695";"Average fuel consumption";"4.10259360610113";"l/100km"
"1639.896795";"Fuel used (total)";"39.236724218795";"l"
"1639.8969803";"Fuel used price";"0.0363553022679029";"€"
"1639.8977737";"Distance to empty";"0";"km"
"1639.8979329";"Average fuel consumption km/l.";"24.3748247087613";"km/l."
"1639.8981445";"Fuel used price (total)";"50.6153742422455";"€"
"1640.0103379";"Absolute pedal position D";"21";"%"
"1640.0103379";"Engine fuel rate";"3.65000005438924";"l/h"
"1640.0103379";"Engine RPM";"1269";"rpm"
"1640.0103379";"Vehicle speed";"32";"km/h"
"1640.0152189";"Calculated instant fuel consumption";"11.2500001676381";"l/100km"
"1640.0154863";"Distance travelled";"0.688165698305556";"km"
"1640.0161749";"Vehicle acceleration";"0";"m_sec2"
"1640.0190514";"Calculated instant fuel rate";"3.65000005438924";"l/h"
"1640.0219282";"Calculated instant fuel consumption km/l.";"8.88888875643412";"km/l."
"1640.0239511";"Average speed";"40.1369914335577";"km/h"
"1640.0242344";"Distance travelled (total)";"1006.90312410186";"km"
"1640.0255016";"Fuel used";"0.0283268797693256";"l"
"1640.0258665";"Instant engine power (based on fuel consumption)";"11.8865415104566";"hp"
"1640.0379807";"Average fuel consumption (total)";"3.89677251759382";"l/100km"
"1640.0381882";"Average fuel consumption";"4.11628766721065";"l/100km"
"1640.0384571";"Fuel used (total)";"39.2368686937054";"l"
"1640.0386291";"Fuel used price";"0.0365416749024301";"€"
"1640.052993";"Distance to empty";"0";"km"
"1640.053294";"Average fuel consumption km/l.";"24.2937345697619";"km/l."
"1640.0535023";"Fuel used price (total)";"50.61556061488";"€"
"1640.083502";"Absolute pedal position D";"21";"%"
"1640.083502";"Engine fuel rate";"3.7000000551343";"l/h"
"1640.083502";"Engine RPM";"1282";"rpm"
"1640.083502";"Vehicle speed";"32";"km/h"
"1640.0867201";"Calculated instant fuel consumption";"11.4062501699664";"l/100km"
"1640.0868911";"Distance travelled";"0.688800394305556";"km"
"1640.0872225";"Vehicle acceleration";"0";"m_sec2"
"1640.0890453";"Calculated instant fuel rate";"3.7000000551343";"l/h"
"1640.0914555";"Calculated instant fuel consumption km/l.";"8.76712315703092";"km/l."
"1640.0926948";"Average speed";"40.1293434489533";"km/h"
"1640.0928682";"Distance travelled (total)";"1006.90375879786";"km"
"1640.0936126";"Fuel used";"0.0283968815092576";"l"
"1640.0938432";"Instant engine power (based on fuel consumption)";"12.0493708462163";"hp"
"1640.1163525";"Average fuel consumption (total)";"3.89678440971858";"l/100km"
"1640.1165876";"Average fuel consumption";"4.12265755711235";"l/100km"
"1640.1168197";"Fuel used (total)";"39.2369386954454";"l"
"1640.1170489";"Fuel used price";"0.0366319771469423";"€"
"1640.1336726";"Distance to empty";"0";"km"
"1640.1340543";"Average fuel consumption km/l.";"24.2561984871825";"km/l."
"1640.1343332";"Fuel used price (total)";"50.6156509171245";"€"
"1640.144693";"Absolute pedal position D";"21";"%"
"1640.144693";"Engine fuel rate";"3.7000000551343";"l/h"
"1640.144693";"Engine RPM";"1282";"rpm"
"1640.144693";"Vehicle speed";"33";"km/h"
"1640.1470794";"Calculated instant fuel consumption";"11.2121213791948";"l/100km"
"1640.1472131";"Distance travelled";"0.689353333138889";"km"
"1640.1474794";"Vehicle acceleration";"1.03086066969657";"m_sec2"
"1640.1492112";"Calculated instant fuel rate";"3.7000000551343";"l/h"
"1640.1505017";"Calculated instant fuel consumption km/l.";"8.91891878601667";"km/l."
"1640.1513479";"Average speed";"40.1233913587464";"km/h"
"1640.1514733";"Distance travelled (total)";"1006.9043117367";"km"
"1640.152553";"Fuel used";"0.0284574571907158";"l"
"1640.1527859";"Instant engine power (based on fuel consumption)";"12.0493708462163";"hp"
"1640.1537393";"Average fuel consumption (total)";"3.89678922198377";"l/100km"
"1640.1685825";"Average fuel consumption";"4.12813804223419";"l/100km"
"1640.1688825";"Fuel used (total)";"39.2369992711268";"l"
"1640.1690594";"Fuel used price";"0.0367101197760234";"€"
"1640.1705271";"Distance to empty";"0";"km"
"1640.1711607";"Average fuel consumption km/l.";"24.2239961398866";"km/l."
"1640.171413";"Fuel used price (total)";"50.6157290597536";"€"
"1640.7951671";"Absolute pedal position D";"21";"%"
"1640.7951671";"Engine fuel rate";"3.80000005662441";"l/h"
"1640.7951671";"Engine RPM";"1322";"rpm"
"1640.7951671";"Vehicle speed";"33";"km/h"
"1640.7995024";"Calculated instant fuel consumption";"11.2121213791948";"l/100km"
"1640.7997805";"Distance travelled";"0.695335125805556";"km"
"1640.8002993";"Vehicle acceleration";"0";"m_sec2"
"1640.8032342";"Calculated instant fuel rate";"3.80000005662441";"l/h"
"1640.8060638";"Calculated instant fuel consumption km/l.";"8.91891878601667";"km/l."
"1640.8075177";"Average speed";"40.046753935153";"km/h"
"1640.8077841";"Distance travelled (total)";"1006.91029352936";"km"
"1640.8088738";"Fuel used";"0.029150231401039";"l"
"1640.8092313";"Instant engine power (based on fuel consumption)";"12.3750295177356";"hp"
"1640.818791";"Average fuel consumption (total)";"3.89677208816643";"l/100km"
"1640.8190754";"Average fuel consumption";"4.19225641265685";"l/100km"
"1640.8192167";"Fuel used (total)";"39.2376920453372";"l"
"1640.8194559";"Fuel used price";"0.0376037985073403";"€"
"1640.8210965";"Distance to empty";"0";"km"
"1640.8213825";"Average fuel consumption km/l.";"23.853502781483";"km/l."
"1640.8215946";"Fuel used price (total)";"50.6166227384849";"€"
"1642.1980195";"Engine RPM";"1451";"rpm"
"1642.5878719";"Vehicle speed";"37";"km/h"
"1642.5890789";"Calculated instant fuel consumption";"10.2702704233092";"l/100km"
"1642.5895864";"Distance travelled";"0.713730268833333";"km"
"1642.5901851";"Vehicle acceleration";"0.620771652685958";"m_sec2"
"1642.5920637";"Calculated instant fuel consumption km/l.";"9.73684196017291";"km/l."
"1642.5935255";"Average speed";"39.9642911683241";"km/h"
"1642.5939064";"Distance travelled (total)";"1006.92868867239";"km"
"1642.5982107";"Average fuel consumption (total)";"3.89676970045129";"l/100km"
"1642.6178046";"Distance to empty";"0";"km"
"1642.9702061";"Absolute pedal position D";"7";"%"
"1643.6077475";"Engine fuel rate";"0";"l/h"
"1643.6099673";"Calculated instant fuel rate";"0";"l/h"
"1643.6105621";"Fuel used";"0.029150231401039";"l"
"1643.6109568";"Instant engine power (based on fuel consumption)";"0";"hp"
"1643.6113996";"Average fuel consumption";"4.08420837309984";"l/100km"
"1643.6117617";"Fuel used (total)";"39.2376920453372";"l"
"1643.6121213";"Fuel used price";"0.0376037985073403";"€"
"1643.6135576";"Average fuel consumption km/l.";"24.4845489908493";"km/l."
"1643.6140773";"Fuel used price (total)";"50.6166227384849";"€"
"1643.9899626";"Engine RPM";"1393";"rpm"
"1644.3731253";"Vehicle speed";"35";"km/h"
"1644.3743827";"Calculated instant fuel consumption";"0";"l/100km"
"1644.3747924";"Distance travelled";"0.731086389666667";"km"
"1644.3754328";"Vehicle acceleration";"-0.155394243898849";"m_sec2"
"1644.378654";"Average speed";"39.8302164902975";"km/h"
"1644.3790203";"Distance travelled (total)";"1006.94604479322";"km"
"1644.3834062";"Average fuel consumption (total)";"3.8967025341854";"l/100km"
"1644.402139";"Distance to empty";"0";"km"
"1644.8833675";"Absolute pedal position D";"7";"%"
"1645.2660181";"Engine fuel rate";"0";"l/h"
"1645.2675394";"Calculated instant fuel rate";"0";"l/h"
"1645.2681412";"Fuel used";"0.029150231401039";"l"
"1645.2686135";"Instant engine power (based on fuel consumption)";"0";"hp"
"1645.2696911";"Average fuel consumption";"3.98724854039887";"l/100km"
"1645.2702452";"Fuel used (total)";"39.2376920453372";"l"
"1645.2707717";"Fuel used price";"0.0376037985073403";"€"
"1645.2721961";"Average fuel consumption km/l.";"25.0799514970783";"km/l."
"1645.273694";"Fuel used price (total)";"50.6166227384849";"€"
"1645.7755938";"Engine RPM";"1309";"rpm"
"1646.5407482";"Vehicle speed";"33";"km/h"
"1646.5421671";"Calculated instant fuel consumption";"0";"l/100km"
"1646.5428075";"Distance travelled";"0.750959811916667";"km"
"1646.5433996";"Vehicle acceleration";"-0.256258590748932";"m_sec2"
"1646.5480601";"Average speed";"39.6124408138814";"km/h"
"1646.5488207";"Distance travelled (total)";"1006.96591821547";"km"
"1646.5532147";"Average fuel consumption (total)";"3.89662562908519";"l/100km"
"1646.573438";"Distance to empty";"0";"km"
"1646.9242128";"Absolute pedal position D";"7";"%"
"1647.3076685";"Engine fuel rate";"0";"l/h"
"1647.3093532";"Calculated instant fuel rate";"0";"l/h"
"1647.309994";"Fuel used";"0.029150231401039";"l"
"1647.3103951";"Instant engine power (based on fuel consumption)";"0";"hp"
"1647.3114626";"Average fuel consumption";"3.88172987934456";"l/100km"
"1647.3119699";"Fuel used (total)";"39.2376920453372";"l"
"1647.3123528";"Fuel used price";"0.0376037985073403";"€"
"1647.3137835";"Average fuel consumption km/l.";"25.7617101416869";"km/l."
"1647.3156192";"Fuel used price (total)";"50.6166227384849";"€"
"1647.8153266";"Engine RPM";"1141";"rpm"
"1648.2053575";"Vehicle speed";"27";"km/h"
"1648.2068284";"Calculated instant fuel consumption";"0";"l/100km"
"1648.2074188";"Distance travelled";"0.763444359166667";"km"
"1648.2080035";"Vehicle acceleration";"-1.00122890836212";"m_sec2"
"1648.2112981";"Average speed";"39.3128975140654";"km/h"
"1648.2116663";"Distance travelled (total)";"1006.97840276272";"km"
"1648.2153754";"Average fuel consumption (total)";"3.89657731860838";"l/100km"
"1648.2279424";"Distance to empty";"0";"km"
"1648.6047108";"Absolute pedal position D";"7";"%"
"1648.6661921";"Engine fuel rate";"0.500000007450581";"l/h"
"1648.6693329";"Calculated instant fuel rate";"0.500000007450581";"l/h"
"1648.6702779";"Fuel used";"0.0293391591538542";"l"
"1648.6706626";"Instant engine power (based on fuel consumption)";"1.6282933575968";"hp"
"1648.6711241";"Average fuel consumption";"3.84299900858253";"l/100km"
"1648.671487";"Fuel used (total)";"39.23788097309";"l"
"1648.6718497";"Fuel used price";"0.0378475153084719";"€"
"1648.6732574";"Average fuel consumption km/l.";"26.021344209736";"km/l."
"1648.6737833";"Fuel used price (total)";"50.6168664552861";"€"
"1648.771196";"Engine RPM";"830";"rpm"
"1648.9125719";"Vehicle speed";"21";"km/h"
"1648.9142502";"Calculated instant fuel consumption";"2.38095241643134";"l/100km"
"1648.9153625";"Distance travelled";"0.767573986416667";"km"
"1648.9161684";"Vehicle acceleration";"-2.35354036015757";"m_sec2"
"1648.919835";"Calculated instant fuel consumption km/l.";"41.9999993741512";"km/l."
"1648.9212802";"Average speed";"39.1281889104721";"km/h"
"1648.9216584";"Distance travelled (total)";"1006.98253238997";"km"
"1648.9257149";"Average fuel consumption (total)";"3.89658010054681";"l/100km"
"1648.9594695";"Distance to empty";"0";"km"
"1648.964894";"Absolute pedal position D";"7";"%"
"1649.0429292";"Engine fuel rate";"0.500000007450581";"l/h"
"1649.044101";"Calculated instant fuel rate";"0.500000007450581";"l/h"
"1649.0446324";"Fuel used";"0.0293911521407401";"l"
"1649.0450498";"Instant engine power (based on fuel consumption)";"1.6282933575968";"hp"
"1649.0460649";"Average fuel consumption";"3.82909695493322";"l/100km"
"1649.0466213";"Fuel used (total)";"39.2379329660769";"l"
"1649.0470318";"Fuel used price";"0.0379145862615547";"€"
"1649.048306";"Average fuel consumption km/l.";"26.115818214309";"km/l."
"1649.0500263";"Fuel used price (total)";"50.6169335262391";"€"
"1649.1091764";"Engine RPM";"828";"rpm"
"1649.1894552";"Vehicle speed";"19";"km/h"
"1649.1906744";"Calculated instant fuel consumption";"2.631578986582";"l/100km"
"1649.1912725";"Distance travelled";"0.769030180194444";"km"
"1649.1915476";"Vehicle acceleration";"-2.01683573800658";"m_sec2"
"1649.192771";"Calculated instant fuel consumption km/l.";"37.9999994337559";"km/l."
"1649.1944751";"Average speed";"39.0513447154894";"km/h"
"1649.194691";"Distance travelled (total)";"1006.98398858375";"km"
"1649.1979177";"Average fuel consumption (total)";"3.89657962896333";"l/100km"
"1649.2161193";"Distance to empty";"0";"km"
"1649.2422711";"Absolute pedal position D";"7";"%"
"1649.3013923";"Engine fuel rate";"0.500000007450581";"l/h"
"1649.3038781";"Calculated instant fuel rate";"0.500000007450581";"l/h"
"1649.3058328";"Fuel used";"0.0294274280301695";"l"
"1649.3064969";"Instant engine power (based on fuel consumption)";"1.6282933575968";"hp"
"1649.3070329";"Average fuel consumption";"3.82656348060735";"l/100km"
"1649.3080111";"Fuel used (total)";"39.2379692419663";"l"
"1649.3085047";"Fuel used price";"0.0379613821589187";"€"
"1649.3101463";"Average fuel consumption km/l.";"26.1331088604149";"km/l."
"1649.3106769";"Fuel used price (total)";"50.6169803221365";"€"
"1649.3555631";"Engine RPM";"828";"rpm"
"1649.4451286";"Vehicle speed";"18";"km/h"
"1649.4466605";"Calculated instant fuel consumption";"2.77777781916989";"l/100km"
"1649.4470863";"Distance travelled";"0.770309214694444";"km"
"1649.447745";"Vehicle acceleration";"-1.08452718085402";"m_sec2"
"1649.4495028";"Calculated instant fuel consumption km/l.";"35.9999994635582";"km/l."
"1649.4507556";"Average speed";"38.9753985869472";"km/h"
"1649.4511326";"Distance travelled (total)";"1006.98526761825";"km"
"1649.4565258";"Average fuel consumption (total)";"3.89657828210069";"l/100km"
"1649.4899331";"Distance to empty";"0";"km"
"1649.5050441";"Absolute pedal position D";"7";"%"
"1649.5578196";"Engine fuel rate";"0.550000008195639";"l/h"
"1649.5594197";"Calculated instant fuel rate";"0.550000008195639";"l/h"
"1649.5601452";"Fuel used";"0.0294662812071374";"l"
"1649.5605385";"Instant engine power (based on fuel consumption)";"1.79112269335647";"hp"
"1649.5623068";"Average fuel consumption";"3.82525363127399";"l/100km"
"1649.5628224";"Fuel used (total)";"39.2380080951433";"l"
"1649.5634847";"Fuel used price";"0.0380115027572072";"€"
"1649.5648197";"Average fuel consumption km/l.";"26.1420574004384";"km/l."
"1649.5653475";"Fuel used price (total)";"50.6170304427348";"€"
"1649.6180162";"Engine RPM";"828";"rpm"
"1649.6767081";"Vehicle speed";"19";"km/h"
"1649.6787877";"Calculated instant fuel consumption";"2.8947368852402";"l/100km"
"1649.6792075";"Distance travelled";"0.771534274";"km"
"1649.6800189";"Vehicle acceleration";"1.19593649481538";"m_sec2"
"1649.6840673";"Calculated instant fuel consumption km/l.";"34.5454540306872";"km/l."
"1649.68544";"Average speed";"38.9090521263159";"km/h"
"1649.6858133";"Distance travelled (total)";"1006.98649267756";"km"
"1649.6901527";"Average fuel consumption (total)";"3.89657740004141";"l/100km"
"1649.7257695";"Distance to empty";"0";"km"
"1649.730233";"Absolute pedal position D";"7";"%"
"1649.7819943";"Engine fuel rate";"0.500000007450581";"l/h"
"1649.7845668";"Calculated instant fuel rate";"0.500000007450581";"l/h"
"1649.7860804";"Fuel used";"0.0294976601659383";"l"
"1649.7866485";"Instant engine power (based on fuel consumption)";"1.6282933575968";"hp"
"1649.7871729";"Average fuel consumption";"3.82324689388177";"l/100km"
"1649.7875484";"Fuel used (total)";"39.2380394741021";"l"
"1649.7879282";"Fuel used price";"0.0380519816140604";"€"
"1649.7904916";"Average fuel consumption km/l.";"26.1557787858344";"km/l."
"1649.7911134";"Fuel used price (total)";"50.6170709215916";"€"
"1649.8345727";"Engine RPM";"826";"rpm"
"1649.9257588";"Vehicle speed";"18";"km/h"
"1649.9291345";"Calculated instant fuel consumption";"2.77777781916989";"l/100km"
"1649.9296237";"Distance travelled";"0.772786326";"km"
"1649.9301497";"Vehicle acceleration";"-0.575819806174447";"m_sec2"
"1649.9327074";"Calculated instant fuel consumption km/l.";"35.9999994635582";"km/l."
"1649.9344672";"Average speed";"38.8367125217725";"km/h"
"1649.9348418";"Distance travelled (total)";"1006.98774472956";"km"
"1649.9409844";"Average fuel consumption (total)";"3.89657567129976";"l/100km"
"1649.9643632";"Distance to empty";"0";"km"
"1649.9832789";"Absolute pedal position D";"7";"%"
"1650.0438446";"Engine fuel rate";"0.500000007450581";"l/h"
"1650.0453822";"Calculated instant fuel rate";"0.500000007450581";"l/h"
"1650.0469397";"Fuel used";"0.0295338897637004";"l"
"1650.0474178";"Instant engine power (based on fuel consumption)";"1.6282933575968";"hp"
"1650.0479893";"Average fuel consumption";"3.82174072832914";"l/100km"
"1650.0483688";"Fuel used (total)";"39.2380757036998";"l"
"1650.0487393";"Fuel used price";"0.0380987177951735";"€"
"1650.0508996";"Average fuel consumption km/l.";"26.1660868982392";"km/l."
"1650.0516938";"Fuel used price (total)";"50.6171176577728";"€"
"1650.1308769";"Engine RPM";"822";"rpm"
"1650.1871452";"Vehicle speed";"17";"km/h"
"1650.1881589";"Calculated instant fuel consumption";"2.94117651441518";"l/100km"
"1650.1886484";"Distance travelled";"0.774009498666667";"km"
"1650.1889425";"Vehicle acceleration";"-1.07306038969261";"m_sec2"
"1650.1908946";"Calculated instant fuel consumption km/l.";"33.9999994933605";"km/l."
"1650.1918336";"Average speed";"38.758894276732";"km/h"
"1650.192037";"Distance travelled (total)";"1006.98896790222";"km"
"1650.1945369";"Average fuel consumption (total)";"3.8965745360092";"l/100km"
"1650.2169385";"Distance to empty";"0";"km"
"1650.2319597";"Absolute pedal position D";"7";"%"
"1650.2839765";"Engine fuel rate";"0.550000008195639";"l/h"
"1650.285554";"Calculated instant fuel rate";"0.550000008195639";"l/h"
"1650.2865112";"Fuel used";"0.0295704901711902";"l"
"1650.2869716";"Instant engine power (based on fuel consumption)";"1.79112269335647";"hp"
"1650.288401";"Average fuel consumption";"3.82042988130369";"l/100km"
"1650.2888938";"Fuel used (total)";"39.2381123041073";"l"
"1650.2900501";"Fuel used price";"0.0381459323208354";"€"
"1650.2914437";"Average fuel consumption km/l.";"26.1750648766981";"km/l."
"1650.2938233";"Fuel used price (total)";"50.6171648722984";"€"
"1650.397102";"Engine RPM";"823";"rpm"
"1650.4552583";"Vehicle speed";"17";"km/h"
"1650.4562548";"Calculated instant fuel consumption";"3.2352941658567";"l/100km"
"1650.4565502";"Distance travelled";"0.775274578222222";"km"
"1650.4568866";"Vehicle acceleration";"-1.07306038969261";"m_sec2"
"1650.4577372";"Calculated instant fuel consumption km/l.";"30.9090904485096";"km/l."
"1650.4594374";"Average speed";"38.678273563259";"km/h"
"1650.4596743";"Distance travelled (total)";"1006.99023298178";"km"
"1650.4614146";"Average fuel consumption (total)";"3.89657327538522";"l/100km"
"1650.4812943";"Distance to empty";"0";"km"
"1650.5024421";"Absolute pedal position D";"7";"%"
"1650.5556126";"Engine fuel rate";"0.550000008195639";"l/h"
"1650.5577557";"Calculated instant fuel rate";"0.550000008195639";"l/h"
"1650.5584372";"Fuel used";"0.0296120331537537";"l"
"1650.5588369";"Instant engine power (based on fuel consumption)";"1.79112269335647";"hp"
"1650.5601743";"Average fuel consumption";"3.81955425671984";"l/100km"
"1650.560738";"Fuel used (total)";"39.2381538470899";"l"
"1650.5611336";"Fuel used price";"0.0381995227683423";"€"
"1650.5625077";"Average fuel consumption km/l.";"26.181065453925";"km/l."
"1650.5645959";"Fuel used price (total)";"50.6172184627459";"€"
"1650.6139661";"Engine RPM";"826";"rpm"
"1650.6741977";"Vehicle speed";"17";"km/h"
"1650.6757967";"Calculated instant fuel consumption";"3.2352941658567";"l/100km"
"1650.6763507";"Distance travelled";"0.77631250425";"km"
"1650.6766315";"Vehicle acceleration";"-1.07306038969261";"m_sec2"
"1650.677438";"Calculated instant fuel consumption km/l.";"30.9090904485096";"km/l."
"1650.6780223";"Average speed";"38.6130712303859";"km/h"
"1650.6781975";"Distance travelled (total)";"1006.99127090781";"km"
"1650.6789167";"Average fuel consumption (total)";"3.89657338456534";"l/100km"
"1650.6791534";"Distance to empty";"0";"km"
"1650.7261902";"Absolute pedal position D";"11";"%"
"1650.7933342";"Engine fuel rate";"0.750000011175871";"l/h"
"1650.7951566";"Calculated instant fuel rate";"0.750000011175871";"l/h"
"1650.7955289";"Fuel used";"0.0296614279461564";"l"
"1650.7957174";"Instant engine power (based on fuel consumption)";"2.44244003639519";"hp"
"1650.7961322";"Average fuel consumption";"3.82081027727519";"l/100km"
"1650.79632";"Fuel used (total)";"39.2382032418823";"l"
"1650.7964946";"Fuel used price";"0.0382632420505417";"€"
"1650.7979175";"Average fuel consumption km/l.";"26.1724589139545";"km/l."
"1650.7981903";"Fuel used price (total)";"50.6172821820281";"€"
"1650.8470291";"Engine RPM";"867";"rpm"
"1650.8996812";"Vehicle speed";"16";"km/h"
"1650.9013536";"Calculated instant fuel consumption";"4.68750006984919";"l/100km"
"1650.9019308";"Distance travelled";"0.777315050916667";"km"
"1650.9024823";"Vehicle acceleration";"-0.389335144831895";"m_sec2"
"1650.9049597";"Calculated instant fuel consumption km/l.";"21.3333330154419";"km/l."
"1650.9071449";"Average speed";"38.5409778956426";"km/h"
"1650.9075246";"Distance travelled (total)";"1006.99227345447";"km"
"1650.9122872";"Average fuel consumption (total)";"3.89657441037518";"l/100km"
"1650.9449968";"Distance to empty";"0";"km"
"1650.9666026";"Absolute pedal position D";"12";"%"
"1651.018488";"Engine fuel rate";"0.850000012665987";"l/h"
"1651.0195132";"Calculated instant fuel rate";"0.850000012665987";"l/h"
"1651.0199533";"Fuel used";"0.0297144121066681";"l"
"1651.020172";"Instant engine power (based on fuel consumption)";"2.76809870791455";"hp"
"1651.0205432";"Average fuel consumption";"3.82269866917239";"l/100km"
"1651.0207332";"Fuel used (total)";"39.2382562260428";"l"
"1651.0209181";"Fuel used price";"0.0383315916176019";"€"
"1651.0219765";"Average fuel consumption km/l.";"26.1595298647094";"km/l."
"1651.0222982";"Fuel used price (total)";"50.6173505315952";"€"
"1651.0886468";"Engine RPM";"1034";"rpm"
"1651.1458642";"Vehicle speed";"16";"km/h"
"1651.1475736";"Calculated instant fuel consumption";"5.31250007916242";"l/100km"
"1651.1478657";"Distance travelled";"0.778408094027778";"km"
"1651.1481379";"Vehicle acceleration";"-0.389335144831895";"m_sec2"
"1651.1491615";"Calculated instant fuel consumption km/l.";"18.8235291312723";"km/l."
"1651.149825";"Average speed";"38.4665607244856";"km/h"
"1651.1500055";"Distance travelled (total)";"1006.99336649758";"km"
"1651.1524124";"Average fuel consumption (total)";"3.89657544244974";"l/100km"
"1651.1652839";"Distance to empty";"0";"km"
"1651.1983845";"Absolute pedal position D";"14";"%"
"1651.2514014";"Engine fuel rate";"1.30000001937151";"l/h"
"1651.2530348";"Calculated instant fuel rate";"1.30000001937151";"l/h"
"1651.2535108";"Fuel used";"0.0297987556023694";"l"
"1651.2537676";"Instant engine power (based on fuel consumption)";"4.23356272975167";"hp"
"1651.2558371";"Average fuel consumption";"3.8281662062607";"l/100km"
"1651.2563709";"Fuel used (total)";"39.2383405695385";"l"
"1651.2566107";"Fuel used price";"0.0384403947270565";"€"
"1651.2574751";"Average fuel consumption km/l.";"26.1221677983722";"km/l."
"1651.2578181";"Fuel used price (total)";"50.6174593347046";"€"
"1651.3430658";"Engine RPM";"1079";"rpm"
"1651.3955594";"Vehicle speed";"16";"km/h"
"1651.3971543";"Calculated instant fuel consumption";"8.12500012107193";"l/100km"
"1651.3975305";"Distance travelled";"0.779517693583333";"km"
"1651.3980855";"Vehicle acceleration";"-0.389335144831895";"m_sec2"
"1651.3990276";"Calculated instant fuel consumption km/l.";"12.3076921242934";"km/l."
"1651.3997207";"Average speed";"38.3897090131032";"km/h"
"1651.3999152";"Distance travelled (total)";"1006.99447609714";"km"
"1651.4021734";"Average fuel consumption (total)";"3.89657952460837";"l/100km"
"1651.4170535";"Distance to empty";"0";"km"
"1651.4548988";"Absolute pedal position D";"15";"%"
"1651.508668";"Engine fuel rate";"1.45000002160668";"l/h"
"1651.5104223";"Calculated instant fuel rate";"1.45000002160668";"l/h"
"1651.5111873";"Fuel used";"0.0299025348830825";"l"
"1651.5118154";"Instant engine power (based on fuel consumption)";"4.72205073703071";"hp"
"1651.5137087";"Average fuel consumption";"3.83603029530026";"l/100km"
"1651.5141147";"Fuel used (total)";"39.2384443488192";"l"
"1651.5145027";"Fuel used price";"0.0385742699991764";"€"
"1651.5166615";"Average fuel consumption km/l.";"26.0686158090346";"km/l."
"1651.51761";"Fuel used price (total)";"50.6175932099768";"€"
"1651.6130683";"Engine RPM";"1079";"rpm"
"1651.6719882";"Vehicle speed";"16";"km/h"
"1651.6737432";"Calculated instant fuel consumption";"9.06250013504177";"l/100km"
"1651.6742254";"Distance travelled";"0.780747418472222";"km"
"1651.6750654";"Vehicle acceleration";"0";"m_sec2"
"1651.6768599";"Calculated instant fuel consumption km/l.";"11.0344825941941";"km/l."
"1651.6795836";"Average speed";"38.3036783290966";"km/h"
"1651.6800723";"Distance travelled (total)";"1006.99570582203";"km"
"1651.6834364";"Average fuel consumption (total)";"3.89658507200765";"l/100km"
"1651.7049078";"Distance to empty";"0";"km"
"1651.7247668";"Absolute pedal position D";"16";"%"
"1651.7774014";"Engine fuel rate";"1.65000002458692";"l/h"
"1651.7789042";"Calculated instant fuel rate";"1.65000002458692";"l/h"
"1651.7796081";"Fuel used";"0.0300255628724158";"l"
"1651.7803928";"Instant engine power (based on fuel consumption)";"5.37336808006942";"hp"
"1651.7809842";"Average fuel consumption";"3.8457460328425";"l/100km"
"1651.7813939";"Fuel used (total)";"39.2385673768085";"l"
"1651.7819604";"Fuel used price";"0.0387329761054163";"€"
"1651.7837716";"Average fuel consumption km/l.";"26.0027571103251";"km/l."
"1651.7846374";"Fuel used price (total)";"50.617751916083";"€"
"1651.8366737";"Engine RPM";"1096";"rpm"
"1651.8900684";"Vehicle speed";"17";"km/h"
"1651.8915263";"Calculated instant fuel consumption";"9.70588249757009";"l/100km"
"1651.8917749";"Distance travelled";"0.781774736027778";"km"
"1651.8921897";"Vehicle acceleration";"1.27936854462617";"m_sec2"
"1651.8931646";"Calculated instant fuel consumption km/l.";"10.3030301495032";"km/l."
"1651.8937809";"Average speed";"38.2423891751116";"km/h"
"1651.8939624";"Distance travelled (total)";"1006.99673313958";"km"
"1651.8984854";"Average fuel consumption (total)";"3.89659331410855";"l/100km"
"1651.9303026";"Distance to empty";"0";"km"
"1651.9416342";"Absolute pedal position D";"18";"%"
"1651.9931541";"Engine fuel rate";"1.90000002831221";"l/h"
"1651.9941185";"Calculated instant fuel rate";"1.90000002831221";"l/h"
"1651.9945185";"Fuel used";"0.0301389876491059";"l"
"1651.9947259";"Instant engine power (based on fuel consumption)";"6.18751475886782";"hp"
"1651.9957208";"Average fuel consumption";"3.85520102660813";"l/100km"
"1651.9961369";"Fuel used (total)";"39.2386808015852";"l"
"1651.9963488";"Fuel used price";"0.0388792940673466";"€"
"1651.9976558";"Average fuel consumption km/l.";"25.938984584672";"km/l."
"1651.9985686";"Fuel used price (total)";"50.6178982340449";"€"
"1652.0461091";"Engine RPM";"1128";"rpm"
"1652.1073365";"Vehicle speed";"17";"km/h"
"1652.1086398";"Calculated instant fuel consumption";"11.1764707547777";"l/100km"
"1652.1091476";"Distance travelled";"0.782801198861111";"km"
"1652.1095188";"Vehicle acceleration";"1.27936854462617";"m_sec2"
"1652.1103372";"Calculated instant fuel consumption km/l.";"8.94736828772646";"km/l."
"1652.1117229";"Average speed";"38.1795478918089";"km/h"
"1652.1119879";"Distance travelled (total)";"1006.99775960242";"km"
"1652.1145656";"Average fuel consumption (total)";"3.89660060585214";"l/100km"
"1652.1355748";"Distance to empty";"0";"km"
"1652.1596734";"Absolute pedal position D";"18";"%"
"1652.2118024";"Engine fuel rate";"2.35000003501773";"l/h"
"1652.2138241";"Calculated instant fuel rate";"2.35000003501773";"l/h"
"1652.2164389";"Fuel used";"0.0302838449804311";"l"
"1652.2171126";"Instant engine power (based on fuel consumption)";"7.65297878070494";"hp"
"1652.2176452";"Average fuel consumption";"3.86865081766492";"l/100km"
"1652.218037";"Fuel used (total)";"39.2388256589166";"l"
"1652.2184145";"Fuel used price";"0.0390661600247562";"€"
"1652.2200563";"Average fuel consumption km/l.";"25.8488048451887";"km/l."
"1652.2206042";"Fuel used price (total)";"50.6180851000023";"€"
"1652.2895014";"Engine RPM";"1157";"rpm"
"1652.3540619";"Vehicle speed";"18";"km/h"
"1652.3558048";"Calculated instant fuel consumption";"13.0555557500985";"l/100km"
"1652.3565393";"Distance travelled";"0.784038113861111";"km"
"1652.3571107";"Vehicle acceleration";"0.407267144602806";"m_sec2"
"1652.3600812";"Calculated instant fuel consumption km/l.";"7.65957435394855";"km/l."
"1652.3615305";"Average speed";"38.1109218021318";"km/h"
"1652.3619193";"Distance travelled (total)";"1006.99899651742";"km"
"1652.3674069";"Average fuel consumption (total)";"3.89661020463965";"l/100km"
"1652.3843963";"Distance to empty";"0";"km"
"1652.4210401";"Absolute pedal position D";"19";"%"
"1652.482495";"Engine fuel rate";"2.60000003874302";"l/h"
"1652.4839922";"Calculated instant fuel rate";"2.60000003874302";"l/h"
"1652.4844026";"Fuel used";"0.0304773740333149";"l"
"1652.484661";"Instant engine power (based on fuel consumption)";"8.46712545950333";"hp"
"1652.4849717";"Average fuel consumption";"3.88723118104866";"l/100km"
"1652.4852144";"Fuel used (total)";"39.2390191879694";"l"
"1652.485458";"Fuel used price";"0.0393158125029763";"€"
"1652.4863868";"Average fuel consumption km/l.";"25.7252515588802";"km/l."
"1652.4867387";"Fuel used price (total)";"50.6183347524806";"€"
"1652.5339223";"Engine RPM";"1201";"rpm"
"1652.5934163";"Vehicle speed";"19";"km/h"
"1652.5943474";"Calculated instant fuel consumption";"13.6842107302264";"l/100km"
"1652.5950055";"Distance travelled";"0.785296673861111";"km"
"1652.595321";"Vehicle acceleration";"0.301828367592664";"m_sec2"
"1652.5971592";"Calculated instant fuel consumption km/l.";"7.30769219879921";"km/l."
"1652.5979686";"Average speed";"38.0505866257896";"km/h"
"1652.598166";"Distance travelled (total)";"1007.00025507742";"km"
"1652.601189";"Average fuel consumption (total)";"3.89662455298512";"l/100km"
"1652.6320311";"Distance to empty";"0";"km"
"1652.661694";"Absolute pedal position D";"20";"%"
"1652.7202424";"Engine fuel rate";"2.90000004321337";"l/h"
"1652.7210027";"Calculated instant fuel rate";"2.90000004321337";"l/h"
"1652.7212677";"Fuel used";"0.0306681804222693";"l"
"1652.7214559";"Instant engine power (based on fuel consumption)";"9.44410147406141";"hp"
"1652.7220119";"Average fuel consumption";"3.90529865248013";"l/100km"
"1652.7221563";"Fuel used (total)";"39.2392099943584";"l"
"1652.7223264";"Fuel used price";"0.0395619527447274";"€"
"1652.7228795";"Average fuel consumption km/l.";"25.6062362699183";"km/l."
"1652.7235138";"Fuel used price (total)";"50.6185808927223";"€"
"1652.7747163";"Engine RPM";"1245";"rpm"
"1652.8727454";"Vehicle speed";"19";"km/h"
"1652.8744638";"Calculated instant fuel consumption";"15.2631581221756";"l/100km"
"1652.8747823";"Distance travelled";"0.786773192888889";"km"
"1652.875198";"Vehicle acceleration";"0";"m_sec2"
"1652.8764619";"Calculated instant fuel consumption km/l.";"6.55172404030274";"km/l."
"1652.8784052";"Average speed";"37.9788445232595";"km/h"
"1652.8787678";"Distance travelled (total)";"1007.00173159645";"km"
"1652.8823222";"Average fuel consumption (total)";"3.89663778751907";"l/100km"
"1652.9094757";"Distance to empty";"0";"km"
"1652.9250882";"Absolute pedal position D";"20";"%"
"1652.9908511";"Engine fuel rate";"3.20000004768372";"l/h"
"1652.9924472";"Calculated instant fuel rate";"3.20000004768372";"l/h"
"1652.9929383";"Fuel used";"0.030909657670312";"l"
"1652.993197";"Instant engine power (based on fuel consumption)";"10.4210774886195";"hp"
"1652.9941477";"Average fuel consumption";"3.92866177313659";"l/100km"
"1652.9944117";"Fuel used (total)";"39.2394514716064";"l"
"1652.9951859";"Fuel used price";"0.0398734583947025";"€"
"1652.9967127";"Average fuel consumption km/l.";"25.4539600949565";"km/l."
"1652.9984184";"Fuel used price (total)";"50.6188923983723";"€"
"1653.0829037";"Engine RPM";"1296";"rpm"
"1653.140724";"Vehicle speed";"20";"km/h"
"1653.1421749";"Calculated instant fuel consumption";"16.0000002384186";"l/100km"
"1653.1424779";"Distance travelled";"0.788260410111111";"km"
"1653.1434214";"Vehicle acceleration";"1.0356109317433";"m_sec2"
"1653.1445839";"Calculated instant fuel consumption km/l.";"6.24999990686774";"km/l."
"1653.1465095";"Average speed";"37.9143059073442";"km/h"
"1653.1467777";"Distance travelled (total)";"1007.00321881367";"km"
"1653.1509773";"Average fuel consumption (total)";"3.89665601246377";"l/100km"
"1653.1830126";"Distance to empty";"0";"km"
"1653.240359";"Absolute pedal position D";"20";"%"
"1653.2922754";"Engine fuel rate";"3.20000004768372";"l/h"
"1653.2935302";"Calculated instant fuel rate";"3.20000004768372";"l/h"
"1653.2941315";"Fuel used";"0.0311773805187458";"l"
"1653.2944184";"Instant engine power (based on fuel consumption)";"10.4210774886195";"hp"
"1653.295324";"Average fuel consumption";"3.95521329231176";"l/100km"
"1653.2956483";"Fuel used (total)";"39.2397191944549";"l"
"1653.2961081";"Fuel used price";"0.0402188208691821";"€"
"1653.2972148";"Average fuel consumption km/l.";"25.283086551712";"km/l."
"1653.2982158";"Fuel used price (total)";"50.6192377608468";"€"
"1653.347698";"Engine RPM";"1351";"rpm"
"1653.4181848";"Vehicle speed";"21";"km/h"
"1653.4190646";"Calculated instant fuel consumption";"15.2380954651606";"l/100km"
"1653.4192374";"Distance travelled";"0.789874837611111";"km"
"1653.4195169";"Vehicle acceleration";"0.510257919049826";"m_sec2"
"1653.4203163";"Calculated instant fuel consumption km/l.";"6.56249990221113";"km/l."
"1653.4217783";"Average speed";"37.8527167321902";"km/h"
"1653.42194";"Distance travelled (total)";"1007.00483324117";"km"
"1653.4237558";"Average fuel consumption (total)";"3.89667635140907";"l/100km"
"1653.4437104";"Distance to empty";"0";"km"
"1653.4707459";"Absolute pedal position D";"20";"%"
"1653.5241009";"Engine fuel rate";"3.20000004768372";"l/h"
"1653.5265634";"Calculated instant fuel rate";"3.20000004768372";"l/h"
"1653.5270217";"Fuel used";"0.0313843879884972";"l"
"1653.5272944";"Instant engine power (based on fuel consumption)";"10.4210774886195";"hp"
"1653.5276355";"Average fuel consumption";"3.97333684959705";"l/100km"
"1653.5278886";"Fuel used (total)";"39.2399262019246";"l"
"1653.5281363";"Fuel used price";"0.0404858605051613";"€"
"1653.5290961";"Average fuel consumption km/l.";"25.1677629622923";"km/l."
"1653.529581";"Fuel used price (total)";"50.6195048004828";"€"
"1653.5778631";"Engine RPM";"1410";"rpm"
"1653.6357194";"Vehicle speed";"22";"km/h"
"1653.6370807";"Calculated instant fuel consumption";"14.5454547621987";"l/100km"
"1653.6374123";"Distance travelled";"0.791208081611111";"km"
"1653.6379526";"Vehicle acceleration";"0.364204628807741";"m_sec2"
"1653.6391049";"Calculated instant fuel consumption km/l.";"6.87499989755452";"km/l."
"1653.6420373";"Average speed";"37.8057815741091";"km/h"
"1653.6423253";"Distance travelled (total)";"1007.00616648517";"km"
"1653.6454803";"Average fuel consumption (total)";"3.89669174905719";"l/100km"
"1653.6679939";"Distance to empty";"0";"km"
"1653.6830579";"Absolute pedal position D";"20";"%"
"1653.8180488";"Engine fuel rate";"3.20000004768372";"l/h"
"1653.8194158";"Calculated instant fuel rate";"3.20000004768372";"l/h"
"1653.819824";"Fuel used";"0.0316446532368199";"l"
"1653.8202524";"Instant engine power (based on fuel consumption)";"10.4210774886195";"hp"
"1653.8207448";"Average fuel consumption";"3.99953614887033";"l/100km"
"1653.8210969";"Fuel used (total)";"39.2401864671729";"l"
"1653.8214912";"Fuel used price";"0.0408216026754976";"€"
"1653.8232323";"Average fuel consumption km/l.";"25.0028994057836";"km/l."
"1653.8236814";"Fuel used price (total)";"50.6198405426531";"€"
"1653.8770052";"Engine RPM";"1468";"rpm"
"1653.9282865";"Vehicle speed";"23";"km/h"
"1653.9291174";"Calculated instant fuel consumption";"13.9130436855814";"l/100km"
"1653.9293474";"Distance travelled";"0.79307320975";"km"
"1653.9295766";"Vehicle acceleration";"0.263437804336524";"m_sec2"
"1653.9302349";"Calculated instant fuel consumption km/l.";"7.18749989289791";"km/l."
"1653.9307009";"Average speed";"37.7502289305391";"km/h"
"1653.930817";"Distance travelled (total)";"1007.00803161331";"km"
"1653.9333677";"Average fuel consumption (total)";"3.89671037720594";"l/100km"
"1653.9455294";"Distance to empty";"0";"km"
"1653.9885868";"Absolute pedal position D";"18";"%"
"1654.0418937";"Engine fuel rate";"2.75000004097819";"l/h"
"1654.0439342";"Calculated instant fuel rate";"2.75000004097819";"l/h"
"1654.0451581";"Fuel used";"0.0318167765032736";"l"
"1654.045445";"Instant engine power (based on fuel consumption)";"8.95561346678237";"hp"
"1654.045775";"Average fuel consumption";"4.01183347415091";"l/100km"
"1654.0461287";"Fuel used (total)";"39.2403585904394";"l"
"1654.0463708";"Fuel used price";"0.0410436416892229";"€"
"1654.0472795";"Average fuel consumption km/l.";"24.9262589397893";"km/l."
"1654.0478245";"Fuel used price (total)";"50.6200625816668";"€"
"1654.087232";"Engine RPM";"1491";"rpm"
"1654.1401623";"Vehicle speed";"23";"km/h"
"1654.1414683";"Calculated instant fuel consumption";"11.9565219172965";"l/100km"
"1654.1418056";"Distance travelled";"0.794430541972222";"km"
"1654.1422248";"Vehicle acceleration";"0";"m_sec2"
"1654.1434517";"Calculated instant fuel consumption km/l.";"8.36363623900847";"km/l."
"1654.1451376";"Average speed";"37.7079672132189";"km/h"
"1654.1454353";"Distance travelled (total)";"1007.00938894553";"km"
"1654.1495828";"Average fuel consumption (total)";"3.89672221740944";"l/100km"
"1654.1628687";"Distance to empty";"0";"km"
"1654.1981884";"Absolute pedal position D";"7";"%"
"1654.2503972";"Engine fuel rate";"1.20000001788139";"l/h"
"1654.251198";"Calculated instant fuel rate";"1.20000001788139";"l/h"
"1654.2516512";"Fuel used";"0.0318856076709659";"l"
"1654.2517864";"Instant engine power (based on fuel consumption)";"3.90790405823231";"hp"
"1654.2519628";"Average fuel consumption";"4.01364323076099";"l/100km"
"1654.2520806";"Fuel used (total)";"39.2404274216071";"l"
"1654.2521965";"Fuel used price";"0.041132433895546";"€"
"1654.2527761";"Average fuel consumption km/l.";"24.9150196593433";"km/l."
"1654.2529853";"Fuel used price (total)";"50.6201513738731";"€"
"1654.2968695";"Engine RPM";"1474";"rpm"
"1654.3640388";"Vehicle speed";"24";"km/h"
"1654.3661267";"Calculated instant fuel consumption";"5.00000007450581";"l/100km"
"1654.3664543";"Distance travelled";"0.795928162638889";"km"
"1654.3668645";"Vehicle acceleration";"1.23646931627204";"m_sec2"
"1654.3680024";"Calculated instant fuel consumption km/l.";"19.9999997019768";"km/l."
"1654.3688955";"Average speed";"37.6679121297194";"km/h"
"1654.3691417";"Distance travelled (total)";"1007.0108865662";"km"
"1654.372458";"Average fuel consumption (total)";"3.89672325742306";"l/100km"
"1654.4047018";"Distance to empty";"0";"km"
"1654.4460511";"Absolute pedal position D";"7";"%"
"1654.507696";"Engine fuel rate";"0";"l/h"
"1654.5093536";"Calculated instant fuel rate";"0";"l/h"
"1654.5103087";"Fuel used";"0.0318856076709659";"l"
"1654.5107594";"Instant engine power (based on fuel consumption)";"0";"hp"
"1654.5119053";"Average fuel consumption";"4.00609114838324";"l/100km"
"1654.512233";"Fuel used (total)";"39.2404274216071";"l"
"1654.5127116";"Fuel used price";"0.041132433895546";"€"
"1654.5137198";"Average fuel consumption km/l.";"24.9619882064734";"km/l."
"1654.5157588";"Fuel used price (total)";"50.6201513738731";"€"
"1654.5613633";"Engine RPM";"1280";"rpm"
"1654.6184228";"Vehicle speed";"23";"km/h"
"1654.6204862";"Calculated instant fuel consumption";"0";"l/100km"
"1654.6210191";"Distance travelled";"0.797554515";"km"
"1654.6214646";"Vehicle acceleration";"-0.579625066048276";"m_sec2"
"1654.62365";"Average speed";"37.6188935400564";"km/h"
"1654.6238971";"Distance travelled (total)";"1007.01251291856";"km"
"1654.6272909";"Average fuel consumption (total)";"3.89671696410993";"l/100km"
"1654.6547973";"Distance to empty";"0";"km"
"1654.6725121";"Absolute pedal position D";"7";"%"
"1654.7689519";"Engine fuel rate";"0";"l/h"
"1654.7695857";"Calculated instant fuel rate";"0";"l/h"
"1654.7697906";"Fuel used";"0.0318856076709659";"l"
"1654.769937";"Instant engine power (based on fuel consumption)";"0";"hp"
"1654.7703544";"Average fuel consumption";"3.99792203182072";"l/100km"
"1654.7704666";"Fuel used (total)";"39.2404274216071";"l"
"1654.7706045";"Fuel used price";"0.041132433895546";"€"
"1654.7711535";"Average fuel consumption km/l.";"25.0129940514268";"km/l."
"1654.7713314";"Fuel used price (total)";"50.6201513738731";"€"
"1654.8372892";"Engine RPM";"1066";"rpm"
"1654.8900011";"Vehicle speed";"23";"km/h"
"1654.8916127";"Calculated instant fuel consumption";"0";"l/100km"
"1654.8920002";"Distance travelled";"0.799285749916667";"km"
"1654.8928421";"Vehicle acceleration";"-0.579625066048276";"m_sec2"
"1654.8965598";"Average speed";"37.5662167447515";"km/h"
"1654.8968484";"Distance travelled (total)";"1007.01424415347";"km"
"1654.8981315";"Average fuel consumption (total)";"3.89671026496689";"l/100km"
"1654.8985474";"Distance to empty";"0";"km"
"1654.9340206";"Absolute pedal position D";"8";"%"
"1655.0017227";"Engine fuel rate";"0.25000000372529";"l/h"
"1655.003479";"Calculated instant fuel rate";"0.25000000372529";"l/h"
"1655.0047453";"Fuel used";"0.0319019232545424";"l"
"1655.0051187";"Instant engine power (based on fuel consumption)";"0.814146678798398";"hp"
"1655.0055271";"Average fuel consumption";"3.99130389324074";"l/100km"
"1655.0058714";"Fuel used (total)";"39.2404437371907";"l"
"1655.0062454";"Fuel used price";"0.0411534809983597";"€"
"1655.0085899";"Average fuel consumption km/l.";"25.0544690844888";"km/l."
"1655.0097878";"Fuel used price (total)";"50.6201724209759";"€"
"1655.0540441";"Engine RPM";"913";"rpm"
"1655.1384058";"Vehicle speed";"23";"km/h"
"1655.1409191";"Calculated instant fuel consumption";"1.08695653793604";"l/100km"
"1655.1414817";"Distance travelled";"0.800879616694444";"km"
"1655.1419972";"Vehicle acceleration";"0";"m_sec2"
"1655.1450808";"Calculated instant fuel consumption km/l.";"91.9999986290932";"km/l."
"1655.1462397";"Average speed";"37.5188418820164";"km/h"
"1655.1466174";"Distance travelled (total)";"1007.01583802025";"km"
"1655.149565";"Average fuel consumption (total)";"3.89670571759186";"l/100km"
"1655.1652028";"Distance to empty";"0";"km"
"1655.2437087";"Absolute pedal position D";"14";"%"
"1655.3015309";"Engine fuel rate";"1.05000001564622";"l/h"
"1655.3033647";"Calculated instant fuel rate";"1.05000001564622";"l/h"
"1655.304533";"Fuel used";"0.0319893595850119";"l"
"1655.3050999";"Instant engine power (based on fuel consumption)";"3.41941605095327";"hp"
"1655.3057358";"Average fuel consumption";"3.99427815594122";"l/100km"
"1655.3062371";"Fuel used (total)";"39.2405311735211";"l"
"1655.306586";"Fuel used price";"0.0412662738646654";"€"
"1655.3090154";"Average fuel consumption km/l.";"25.035812754116";"km/l."
"1655.3096421";"Fuel used price (total)";"50.6202852138423";"€"
"1655.3555139";"Engine RPM";"864";"rpm"
"1655.4203891";"Vehicle speed";"23";"km/h"
"1655.421155";"Calculated instant fuel consumption";"4.56521745933139";"l/100km"
"1655.421363";"Distance travelled";"0.80266774275";"km"
"1655.4216662";"Vehicle acceleration";"0";"m_sec2"
"1655.4223928";"Calculated instant fuel consumption km/l.";"21.9047615783555";"km/l."
"1655.4233929";"Average speed";"37.4674568538747";"km/h"
"1655.4236573";"Distance travelled (total)";"1007.01762614631";"km"
"1655.4255103";"Average fuel consumption (total)";"3.8967074810486";"l/100km"
"1655.4497534";"Distance to empty";"0";"km"
"1655.4677664";"Absolute pedal position D";"14";"%"
"1655.5187916";"Engine fuel rate";"1.05000001564622";"l/h"
"1655.5205801";"Calculated instant fuel rate";"1.05000001564622";"l/h"
"1655.5212746";"Fuel used";"0.0320525742234539";"l"
"1655.5216383";"Instant engine power (based on fuel consumption)";"3.41941605095327";"hp"
"1655.5227519";"Average fuel consumption";"3.99325555473793";"l/100km"
"1655.5231749";"Fuel used (total)";"39.2405943881596";"l"
"1655.5235347";"Fuel used price";"0.0413478207482555";"€"
"1655.5246451";"Average fuel consumption km/l.";"25.0422239772137";"km/l."
"1655.5263722";"Fuel used price (total)";"50.6203667607258";"€"
"1655.5745839";"Engine RPM";"903";"rpm"
"1655.6308299";"Vehicle speed";"23";"km/h"
"1655.631793";"Calculated instant fuel consumption";"4.56521745933139";"l/100km"
"1655.6320181";"Distance travelled";"0.804013567305556";"km"
"1655.6322924";"Vehicle acceleration";"0";"m_sec2"
"1655.6330749";"Calculated instant fuel consumption km/l.";"21.9047615783555";"km/l."
"1655.6345221";"Average speed";"37.4278157619962";"km/h"
"1655.6346902";"Distance travelled (total)";"1007.01897197086";"km"
"1655.6361068";"Average fuel consumption (total)";"3.89670855071984";"l/100km"
"1655.6363913";"Distance to empty";"0";"km"
"1655.6837462";"Absolute pedal position D";"14";"%"
"1655.7294329";"Engine fuel rate";"1.20000001788139";"l/h"
"1655.7304189";"Calculated instant fuel rate";"1.20000001788139";"l/h"
"1655.7307139";"Fuel used";"0.0321223882911609";"l"
"1655.7309663";"Instant engine power (based on fuel consumption)";"3.90790405823231";"hp"
"1655.731189";"Average fuel consumption";"3.99525450780772";"l/100km"
"1655.731353";"Fuel used (total)";"39.2406642022273";"l"
"1655.7315162";"Fuel used price";"0.0414378808955976";"€"
"1655.7328969";"Average fuel consumption km/l.";"25.0296945550215";"km/l."
"1655.7335129";"Fuel used price (total)";"50.6204568208732";"€"
"1655.7825105";"Engine RPM";"909";"rpm"
"1655.8415636";"Vehicle speed";"23";"km/h"
"1655.8435523";"Calculated instant fuel consumption";"5.21739138209301";"l/100km"
"1655.8440777";"Distance travelled";"0.805368365694444";"km"
"1655.8446352";"Vehicle acceleration";"0";"m_sec2"
"1655.8460788";"Calculated instant fuel consumption km/l.";"19.1666663810611";"km/l."
"1655.8471846";"Average speed";"37.3880964545654";"km/h"
"1655.8475445";"Distance travelled (total)";"1007.02032676925";"km"
"1655.8517146";"Average fuel consumption (total)";"3.89671024100578";"l/100km"
"1655.8685104";"Distance to empty";"0";"km"
"1655.8948053";"Absolute pedal position D";"14";"%"
"1655.9536845";"Engine fuel rate";"1.25000001862645";"l/h"
"1655.9553101";"Calculated instant fuel rate";"1.25000001862645";"l/h"
"1655.9561987";"Fuel used";"0.032200678674272";"l"
"1655.9567555";"Instant engine power (based on fuel consumption)";"4.07073339399199";"hp"
"1655.9589621";"Average fuel consumption";"3.99825471745545";"l/100km"
"1655.9594271";"Fuel used (total)";"39.2407424926104";"l"
"1655.9597756";"Fuel used price";"0.0415388754898108";"€"
"1655.9608883";"Average fuel consumption km/l.";"25.0109127773734";"km/l."
"1655.9613793";"Fuel used price (total)";"50.6205578154674";"€"
"1656.0071903";"Engine RPM";"919";"rpm"
"1656.096258";"Vehicle speed";"23";"km/h"
"1656.0974705";"Calculated instant fuel consumption";"5.43478268968022";"l/100km"
"1656.0979427";"Distance travelled";"0.806990247111111";"km"
"1656.0986126";"Vehicle acceleration";"0";"m_sec2"
"1656.1000788";"Calculated instant fuel consumption km/l.";"18.3999997258186";"km/l."
"1656.101763";"Average speed";"37.3408054783629";"km/h"
"1656.1022622";"Distance travelled (total)";"1007.02194865067";"km"
"1656.1062888";"Average fuel consumption (total)";"3.89671173951968";"l/100km"
"1656.1186509";"Distance to empty";"0";"km"
"1656.1482334";"Absolute pedal position D";"14";"%"
"1656.2483437";"Engine fuel rate";"1.25000001862645";"l/h"
"1656.2502029";"Calculated instant fuel rate";"1.25000001862645";"l/h"
"1656.2508266";"Fuel used";"0.0323029785369075";"l"
"1656.2520991";"Instant engine power (based on fuel consumption)";"4.07073339399199";"hp"
"1656.253521";"Average fuel consumption";"4.00289577879617";"l/100km"
"1656.2543592";"Fuel used (total)";"39.240844792473";"l"
"1656.2547158";"Fuel used price";"0.0416708423126106";"€"
"1656.2575322";"Average fuel consumption km/l.";"24.9819144754436";"km/l."
"1656.2580039";"Fuel used price (total)";"50.6206897822902";"€"
"1656.3163119";"Engine RPM";"915";"rpm"
"1656.405625";"Vehicle speed";"23";"km/h"
"1656.4073381";"Calculated instant fuel consumption";"5.43478268968022";"l/100km"
"1656.4077903";"Distance travelled";"0.808969765111111";"km"
"1656.4083899";"Vehicle acceleration";"0";"m_sec2"
"1656.4101874";"Calculated instant fuel consumption km/l.";"18.3999997258186";"km/l."
"1656.4114318";"Average speed";"37.2840037746792";"km/h"
"1656.4118273";"Distance travelled (total)";"1007.02392816867";"km"
"1656.4144899";"Average fuel consumption (total)";"3.89671423834336";"l/100km"
"1656.4162369";"Distance to empty";"0";"km"
"1656.4786245";"Absolute pedal position D";"14";"%"
"1656.5323695";"Engine fuel rate";"1.25000001862645";"l/h"
"1656.534112";"Calculated instant fuel rate";"1.25000001862645";"l/h"
"1656.5347547";"Fuel used";"0.0324015613855987";"l"
"1656.5351233";"Instant engine power (based on fuel consumption)";"4.07073339399199";"hp"
"1656.5365734";"Average fuel consumption";"4.00528706794726";"l/100km"
"1656.5369715";"Fuel used (total)";"39.2409433753217";"l"
"1656.5379365";"Fuel used price";"0.0417980141874223";"€"
"1656.5394023";"Average fuel consumption km/l.";"24.9669994443746";"km/l."
"1656.5412089";"Fuel used price (total)";"50.620816954165";"€"
"1656.5861236";"Engine RPM";"924";"rpm"
"1656.6683525";"Vehicle speed";"23";"km/h"
"1656.6704572";"Calculated instant fuel consumption";"5.43478268968022";"l/100km"
"1656.6708329";"Distance travelled";"0.81065030675";"km"
"1656.6713207";"Vehicle acceleration";"0";"m_sec2"
"1656.6742239";"Calculated instant fuel consumption km/l.";"18.3999997258186";"km/l."
"1656.6754036";"Average speed";"37.2356140764588";"km/h"
"1656.6757414";"Distance travelled (total)";"1007.02560871031";"km"
"1656.6770557";"Average fuel consumption (total)";"3.8967175249473";"l/100km"
"1656.6774808";"Distance to empty";"0";"km"
"1656.7273359";"Absolute pedal position D";"14";"%"
"1656.7816801";"Engine fuel rate";"1.30000001937151";"l/h"
"1656.7836854";"Calculated instant fuel rate";"1.30000001937151";"l/h"
"1656.7844984";"Fuel used";"0.0324917452758314";"l"
"1656.7848878";"Instant engine power (based on fuel consumption)";"4.23356272975167";"hp"
"1656.786217";"Average fuel consumption";"4.00810867587221";"l/100km"
"1656.7866987";"Fuel used (total)";"39.241033559212";"l"
"1656.7870613";"Fuel used price";"0.0419143514058225";"€"
"1656.7884466";"Average fuel consumption km/l.";"24.9494233033087";"km/l."
"1656.7906833";"Fuel used price (total)";"50.6209332913834";"€"
"1656.8390179";"Engine RPM";"937";"rpm"
"1656.9229045";"Vehicle speed";"24";"km/h"
"1656.9249768";"Calculated instant fuel consumption";"5.41666674738129";"l/100km"
"1656.9256587";"Distance travelled";"0.812349113416666";"km"
"1656.9263104";"Vehicle acceleration";"0.536318870315094";"m_sec2"
"1656.9277296";"Calculated instant fuel consumption km/l.";"18.4615381864401";"km/l."
"1656.9288441";"Average speed";"37.1933718677364";"km/h"
"1656.9295811";"Distance travelled (total)";"1007.02730751697";"km"
"1656.9334232";"Average fuel consumption (total)";"3.8967199068284";"l/100km"
"1656.9633439";"Distance to empty";"0";"km"
"1656.9837661";"Absolute pedal position D";"14";"%"
"1657.0883969";"Engine fuel rate";"1.30000001937151";"l/h"
"1657.0897017";"Calculated instant fuel rate";"1.30000001937151";"l/h"
"1657.090355";"Fuel used";"0.032602191905255";"l"
"1657.0907751";"Instant engine power (based on fuel consumption)";"4.23356272975167";"hp"
"1657.0916978";"Average fuel consumption";"4.01332276564359";"l/100km"
"1657.0921293";"Fuel used (total)";"39.2411440058414";"l"
"1657.0926644";"Fuel used price";"0.0420568275577789";"€"
"1657.0938122";"Average fuel consumption km/l.";"24.9170091316998";"km/l."
"1657.0955357";"Fuel used price (total)";"50.6210757675354";"€"
"1657.1623505";"Engine RPM";"952";"rpm"
"1657.2078852";"Vehicle speed";"24";"km/h"
"1657.2097477";"Calculated instant fuel consumption";"5.41666674738129";"l/100km"
"1657.2102061";"Distance travelled";"0.814246059416667";"km"
"1657.2111604";"Vehicle acceleration";"0";"m_sec2"
"1657.2130291";"Calculated instant fuel consumption km/l.";"18.4615381864401";"km/l."
"1657.2145978";"Average speed";"37.1452384954318";"km/h"
"1657.2150066";"Distance travelled (total)";"1007.02920446297";"km"
"1657.2166109";"Average fuel consumption (total)";"3.89672353412708";"l/100km"
"1657.2168965";"Distance to empty";"0";"km"
"1657.2594857";"Absolute pedal position D";"15";"%"
"1657.317948";"Engine fuel rate";"1.30000001937151";"l/h"
"1657.3191045";"Calculated instant fuel rate";"1.30000001937151";"l/h"
"1657.3195007";"Fuel used";"0.032684938856488";"l"
"1657.3196955";"Instant engine power (based on fuel consumption)";"4.23356272975167";"hp"
"1657.3201967";"Average fuel consumption";"4.01413534379323";"l/100km"
"1657.3203709";"Fuel used (total)";"39.2412267527926";"l"
"1657.3205423";"Fuel used price";"0.0421635711248695";"€"
"1657.3211807";"Average fuel consumption km/l.";"24.9119652018268";"km/l."
"1657.3214264";"Fuel used price (total)";"50.6211825111025";"€"
"1657.3715493";"Engine RPM";"956";"rpm"
"1657.4555291";"Vehicle speed";"24";"km/h"
"1657.458655";"Calculated instant fuel consumption";"5.41666674738129";"l/100km"
"1657.4590511";"Distance travelled";"0.815904988083333";"km"
"1657.4596532";"Vehicle acceleration";"0";"m_sec2"
"1657.4619238";"Calculated instant fuel consumption km/l.";"18.4615381864401";"km/l."
"1657.4633224";"Average speed";"37.1039631738179";"km/h"
"1657.4636708";"Distance travelled (total)";"1007.03086339164";"km"
"1657.4665874";"Average fuel consumption (total)";"3.89672533179666";"l/100km"
"1657.4670858";"Distance to empty";"0";"km"
"1657.514914";"Absolute pedal position D";"14";"%"
"1657.6136141";"Engine fuel rate";"1.30000001937151";"l/h"
"1657.6158829";"Calculated instant fuel rate";"1.30000001937151";"l/h"
"1657.6170434";"Fuel used";"0.0327923811497557";"l"
"1657.6174366";"Instant engine power (based on fuel consumption)";"4.23356272975167";"hp"
"1657.6186933";"Average fuel consumption";"4.01914213403564";"l/100km"
"1657.619434";"Fuel used (total)";"39.2413341950859";"l"
"1657.6200149";"Fuel used price";"0.0423021716831848";"€"
"1657.6212166";"Average fuel consumption km/l.";"24.8809314687236";"km/l."
"1657.6223825";"Fuel used price (total)";"50.6213211116608";"€"
"1657.6728888";"Engine RPM";"952";"rpm"
"1657.7231282";"Vehicle speed";"24";"km/h"
"1657.7240814";"Calculated instant fuel consumption";"5.41666674738129";"l/100km"
"1657.724298";"Distance travelled";"0.817673305416667";"km"
"1657.7245734";"Vehicle acceleration";"0";"m_sec2"
"1657.7253133";"Calculated instant fuel consumption km/l.";"18.4615381864401";"km/l."
"1657.7263646";"Average speed";"37.0612152797079";"km/h"
"1657.7265691";"Distance travelled (total)";"1007.03263170897";"km"
"1657.7281218";"Average fuel consumption (total)";"3.89672915846747";"l/100km"
"1657.7283955";"Distance to empty";"0";"km"
"1657.7761835";"Absolute pedal position D";"14";"%"
"1657.8289904";"Engine fuel rate";"1.30000001937151";"l/h"
"1657.8304602";"Calculated instant fuel rate";"1.30000001937151";"l/h"
"1657.8335974";"Fuel used";"0.0328705796536987";"l"
"1657.8340277";"Instant engine power (based on fuel consumption)";"4.23356272975167";"hp"
"1657.8344739";"Average fuel consumption";"4.02001379229919";"l/100km"
"1657.8348142";"Fuel used (total)";"39.2414123935898";"l"
"1657.8351564";"Fuel used price";"0.0424030477532713";"€"
"1657.8363967";"Average fuel consumption km/l.";"24.8755365445665";"km/l."
"1657.8368949";"Fuel used price (total)";"50.6214219877309";"€"
"1657.8815317";"Engine RPM";"963";"rpm"
"1657.935146";"Vehicle speed";"24";"km/h"
"1657.936853";"Calculated instant fuel consumption";"5.41666674738129";"l/100km"
"1657.9374252";"Distance travelled";"0.819094100083333";"km"
"1657.9379685";"Vehicle acceleration";"0";"m_sec2"
"1657.9402575";"Calculated instant fuel consumption km/l.";"18.4615381864401";"km/l."
"1657.9415832";"Average speed";"37.0253078194433";"km/h"
"1657.9419272";"Distance travelled (total)";"1007.03405250364";"km"
"1657.9443836";"Average fuel consumption (total)";"3.8967314259165";"l/100km"
"1657.9448511";"Distance to empty";"0";"km"
"1657.9866513";"Absolute pedal position D";"14";"%"
"1658.0387003";"Engine fuel rate";"1.30000001937151";"l/h"
"1658.0405379";"Calculated instant fuel rate";"1.30000001937151";"l/h"
"1658.0410756";"Fuel used";"0.0329455008575929";"l"
"1658.0414418";"Instant engine power (based on fuel consumption)";"4.23356272975167";"hp"
"1658.0418688";"Average fuel consumption";"4.02218754282824";"l/100km"
"1658.0422006";"Fuel used (total)";"39.2414873147937";"l"
"1658.0425366";"Fuel used price";"0.0424996961062948";"€"
"1658.0439215";"Average fuel consumption km/l.";"24.8620928127295";"km/l."
"1658.0446396";"Fuel used price (total)";"50.6215186360839";"€"
"1658.0952414";"Engine RPM";"975";"rpm"
"1658.1523768";"Vehicle speed";"25";"km/h"
"1658.1540939";"Calculated instant fuel consumption";"5.20000007748604";"l/100km"
"1658.1545562";"Distance travelled";"0.820601917444444";"km"
"1658.1550611";"Vehicle acceleration";"0.645349482558785";"m_sec2"
"1658.1566521";"Calculated instant fuel consumption km/l.";"19.2307689442084";"km/l."
"1658.158545";"Average speed";"36.9926956051078";"km/h"
"1658.1590785";"Distance travelled (total)";"1007.035560321";"km"
"1658.1642053";"Average fuel consumption (total)";"3.89673303118364";"l/100km"
"1658.1808069";"Distance to empty";"0";"km"
"1658.2434596";"Absolute pedal position D";"14";"%"
"1658.3192317";"Engine fuel rate";"1.30000001937151";"l/h"
"1658.3209924";"Calculated instant fuel rate";"1.30000001937151";"l/h"
"1658.3220566";"Fuel used";"0.0330469640535493";"l"
"1658.3224308";"Instant engine power (based on fuel consumption)";"4.23356272975167";"hp"
"1658.3242672";"Average fuel consumption";"4.02716144710771";"l/100km"
"1658.3247642";"Fuel used (total)";"39.2415887779897";"l"
"1658.3253124";"Fuel used price";"0.0426305836290785";"€"
"1658.326624";"Average fuel consumption km/l.";"24.8313859062739";"km/l."
"1658.3275977";"Fuel used price (total)";"50.6216495236067";"€"
"1658.4013748";"Engine RPM";"975";"rpm"
"1658.5054957";"Vehicle speed";"25";"km/h"
"1658.5076532";"Calculated instant fuel consumption";"5.20000007748604";"l/100km"
"1658.5082104";"Distance travelled";"0.823057798";"km"
"1658.5089052";"Vehicle acceleration";"0";"m_sec2"
"1658.5105615";"Calculated instant fuel consumption km/l.";"19.2307689442084";"km/l."
"1658.5117023";"Average speed";"36.9400394951902";"km/h"
"1658.5120456";"Distance travelled (total)";"1007.03801620156";"km"
"1658.5143428";"Average fuel consumption (total)";"3.89673360356394";"l/100km"
"1658.5169097";"Distance to empty";"0";"km"
"1658.5637178";"Absolute pedal position D";"14";"%"
"1658.6171474";"Engine fuel rate";"1.30000001937151";"l/h"
"1658.6187262";"Calculated instant fuel rate";"1.30000001937151";"l/h"
"1658.6198077";"Fuel used";"0.0331544824690403";"l"
"1658.6202318";"Instant engine power (based on fuel consumption)";"4.23356272975167";"hp"
"1658.6221918";"Average fuel consumption";"4.02820829224928";"l/100km"
"1658.6227265";"Fuel used (total)";"39.2416962964052";"l"
"1658.6231333";"Fuel used price";"0.042769282385062";"€"
"1658.6243215";"Average fuel consumption km/l.";"24.8249327604065";"km/l."
"1658.6251586";"Fuel used price (total)";"50.6217882223626";"€"
"1658.6693401";"Engine RPM";"975";"rpm"
"1658.7219918";"Vehicle speed";"25";"km/h"
"1658.7244322";"Calculated instant fuel consumption";"5.20000007748604";"l/100km"
"1658.7248531";"Distance travelled";"0.824562220916667";"km"
"1658.7253671";"Vehicle acceleration";"0";"m_sec2"
"1658.7277853";"Calculated instant fuel consumption km/l.";"19.2307689442084";"km/l."
"1658.7294632";"Average speed";"36.9074139213705";"km/h"
"1658.7298299";"Distance travelled (total)";"1007.03952062447";"km"
"1658.7325361";"Average fuel consumption (total)";"3.89673845889098";"l/100km"
"1658.7330995";"Distance to empty";"0";"km"
"1658.819327";"Absolute pedal position D";"15";"%"
"1658.8870578";"Engine fuel rate";"1.30000001937151";"l/h"
"1658.8889227";"Calculated instant fuel rate";"1.30000001937151";"l/h"
"1658.8903738";"Fuel used";"0.033252181334385";"l"
"1658.8910588";"Instant engine power (based on fuel consumption)";"4.23356272975167";"hp"
"1658.8915922";"Average fuel consumption";"4.03270735559756";"l/100km"
"1658.8919509";"Fuel used (total)";"39.2417939952705";"l"
"1658.8922923";"Fuel used price";"0.0428953139213567";"€"
"1658.8951935";"Average fuel consumption km/l.";"24.7972369879991";"km/l."
"1658.8957886";"Fuel used price (total)";"50.6219142538989";"€"
"1658.9400352";"Engine RPM";"992";"rpm"
"1658.9991476";"Vehicle speed";"25";"km/h"
"1659.0022412";"Calculated instant fuel consumption";"5.20000007748604";"l/100km"
"1659.0029014";"Distance travelled";"0.826493018138889";"km"
"1659.0034426";"Vehicle acceleration";"0";"m_sec2"
"1659.0049192";"Calculated instant fuel consumption km/l.";"19.2307689442084";"km/l."
"1659.0062834";"Average speed";"36.866900854954";"km/h"
"1659.0066566";"Distance travelled (total)";"1007.0414514217";"km"
"1659.0078254";"Average fuel consumption (total)";"3.89674068926068";"l/100km"
"1659.0082574";"Distance to empty";"0";"km"
"1659.052908";"Absolute pedal position D";"15";"%"
"1659.1060168";"Engine fuel rate";"1.30000001937151";"l/h"
"1659.1083379";"Calculated instant fuel rate";"1.30000001937151";"l/h"
"1659.1094581";"Fuel used";"0.033331295471675";"l"
"1659.1101436";"Instant engine power (based on fuel consumption)";"4.23356272975167";"hp"
"1659.1109178";"Average fuel consumption";"4.03285868605775";"l/100km"
"1659.111295";"Fuel used (total)";"39.2418731094078";"l"
"1659.111643";"Fuel used price";"0.0429973711584608";"€"
"1659.1140624";"Average fuel consumption km/l.";"24.7963064874344";"km/l."
"1659.1145763";"Fuel used price (total)";"50.6220163111361";"€"
"1659.1664573";"Engine RPM";"982";"rpm"
"1659.2176854";"Vehicle speed";"25";"km/h"
"1659.2187012";"Calculated instant fuel consumption";"5.20000007748604";"l/100km"
"1659.2191597";"Distance travelled";"0.827994838972222";"km"
"1659.219495";"Vehicle acceleration";"0";"m_sec2"
"1659.2209851";"Calculated instant fuel consumption km/l.";"19.2307689442084";"km/l."
"1659.2218994";"Average speed";"36.8354782969862";"km/h"
"1659.2221009";"Distance travelled (total)";"1007.04295324253";"km"
"1659.222985";"Average fuel consumption (total)";"3.89674273406659";"l/100km"
"1659.223714";"Distance to empty";"0";"km"
"1659.2764787";"Absolute pedal position D";"15";"%"
"1659.3539068";"Engine fuel rate";"1.30000001937151";"l/h"
"1659.3585987";"Calculated instant fuel rate";"1.30000001937151";"l/h"
"1659.3594293";"Fuel used";"0.033421560936909";"l"
"1659.3597899";"Instant engine power (based on fuel consumption)";"4.23356272975167";"hp"
"1659.3602204";"Average fuel consumption";"4.03644556267943";"l/100km"
"1659.360564";"Fuel used (total)";"39.241963374873";"l"
"1659.361216";"Fuel used price";"0.0431138136086126";"€"
"1659.3624759";"Average fuel consumption km/l.";"24.7742719298855";"km/l."
"1659.3630352";"Fuel used price (total)";"50.6221327535862";"€"
"1659.4134762";"Engine RPM";"976";"rpm"
"1659.4807786";"Vehicle speed";"25";"km/h"
"1659.4823674";"Calculated instant fuel consumption";"5.20000007748604";"l/100km"
"1659.4830101";"Distance travelled";"0.829827077166666";"km"
"1659.4838291";"Vehicle acceleration";"0";"m_sec2"
"1659.4853881";"Calculated instant fuel consumption km/l.";"19.2307689442084";"km/l."
"1659.487357";"Average speed";"36.7962921242137";"km/h"
"1659.4878865";"Distance travelled (total)";"1007.04478548072";"km"
"1659.4906515";"Average fuel consumption (total)";"3.89674460765322";"l/100km"
"1659.4918747";"Distance to empty";"0";"km"
"1659.5326679";"Absolute pedal position D";"15";"%"
"1659.594168";"Engine fuel rate";"1.35000002011657";"l/h"
"1659.596356";"Calculated instant fuel rate";"1.35000002011657";"l/h"
"1659.5987909";"Fuel used";"0.0335113178257464";"l"
"1659.5997911";"Instant engine power (based on fuel consumption)";"4.39639206551135";"hp"
"1659.6005755";"Average fuel consumption";"4.03834952459811";"l/100km"
"1659.6009342";"Fuel used (total)";"39.2420531317619";"l"
"1659.6012787";"Fuel used price";"0.0432295999952129";"€"
"1659.6024328";"Average fuel consumption km/l.";"24.762591596118";"km/l."
"1659.6030134";"Fuel used price (total)";"50.6222485399728";"€"
"1659.6813002";"Engine RPM";"975";"rpm"
"1659.7350845";"Vehicle speed";"25";"km/h"
"1659.7370926";"Calculated instant fuel consumption";"5.40000008046627";"l/100km"
"1659.737674";"Distance travelled";"0.831595541055555";"km"
"1659.7382865";"Vehicle acceleration";"0";"m_sec2"
"1659.7422078";"Calculated instant fuel consumption km/l.";"18.5185182425711";"km/l."
"1659.7436699";"Average speed";"36.7586516755649";"km/h"
"1659.7440201";"Distance travelled (total)";"1007.04655394461";"km"
"1659.7478684";"Average fuel consumption (total)";"3.89674667750466";"l/100km"
"1659.7642164";"Distance to empty";"0";"km"
"1659.7951121";"Absolute pedal position D";"15";"%"
"1659.8623088";"Engine fuel rate";"1.30000001937151";"l/h"
"1659.8643058";"Calculated instant fuel rate";"1.30000001937151";"l/h"
"1659.8670867";"Fuel used";"0.0336082005077457";"l"
"1659.8675648";"Instant engine power (based on fuel consumption)";"4.23356272975167";"hp"
"1659.8681655";"Average fuel consumption";"4.04141182203627";"l/100km"
"1659.8687234";"Fuel used (total)";"39.2421500144439";"l"
"1659.8690697";"Fuel used price";"0.0433545786549919";"€"
"1659.8703489";"Average fuel consumption km/l.";"24.7438282470345";"km/l."
"1659.8708625";"Fuel used price (total)";"50.6223735186326";"€"
"1659.9470363";"Engine RPM";"978";"rpm"
"1660.0042497";"Vehicle speed";"25";"km/h"
"1660.0071247";"Calculated instant fuel consumption";"5.20000007748604";"l/100km"
"1660.0080229";"Distance travelled";"0.833472905638889";"km"
"1660.0085872";"Vehicle acceleration";"0";"m_sec2"
"1660.0130702";"Calculated instant fuel consumption km/l.";"19.2307689442084";"km/l."
"1660.0144625";"Average speed";"36.7195470171233";"km/h"
"1660.0148115";"Distance travelled (total)";"1007.0484313092";"km"
"1660.0174868";"Average fuel consumption (total)";"3.89674903355222";"l/100km"
"1660.027793";"Distance to empty";"0";"km"
"1660.055444";"Absolute pedal position D";"15";"%"
"1660.1086475";"Engine fuel rate";"1.35000002011657";"l/h"
"1660.1101166";"Calculated instant fuel rate";"1.35000002011657";"l/h"
"1660.1108738";"Fuel used";"0.0336996190591079";"l"
"1660.1113476";"Instant engine power (based on fuel consumption)";"4.39639206551135";"hp"
"1660.1125102";"Average fuel consumption";"4.04327709168613";"l/100km"
"1660.1130416";"Fuel used (total)";"39.2422414329952";"l"
"1660.1134442";"Fuel used price";"0.0434725085862492";"€"
"1660.1146699";"Average fuel consumption km/l.";"24.7324132708149";"km/l."
"1660.1165248";"Fuel used price (total)";"50.6224914485638";"€"
"1660.1641603";"Engine RPM";"984";"rpm"
"1660.2464233";"Vehicle speed";"25";"km/h"
"1660.2480781";"Calculated instant fuel consumption";"5.40000008046627";"l/100km"
"1660.2487908";"Distance travelled";"0.835144879944444";"km"
"1660.2495236";"Vehicle acceleration";"0";"m_sec2"
"1660.2509923";"Calculated instant fuel consumption km/l.";"18.5185182425711";"km/l."
"1660.2537626";"Average speed";"36.6857673434244";"km/h"
"1660.2541193";"Distance travelled (total)";"1007.0501032835";"km"
"1660.2577052";"Average fuel consumption (total)";"3.896751641755";"l/100km"
"1660.2821786";"Distance to empty";"0";"km"
"1660.3196065";"Absolute pedal position D";"15";"%"
"1660.4091734";"Engine fuel rate";"1.35000002011657";"l/h"
"1660.4110981";"Calculated instant fuel rate";"1.35000002011657";"l/h"
"1660.4118557";"Fuel used";"0.0338124857732897";"l"
"1660.4122431";"Instant engine power (based on fuel consumption)";"4.39639206551135";"hp"
"1660.4139112";"Average fuel consumption";"4.04869700877997";"l/100km"
"1660.4146941";"Fuel used (total)";"39.2423542997094";"l"
"1660.4152513";"Fuel used price";"0.0436181066475438";"€"
"1660.4169171";"Average fuel consumption km/l.";"24.6993044387221";"km/l."
"1660.4181695";"Fuel used price (total)";"50.6226370466251";"€"
"1660.5264299";"Engine RPM";"996";"rpm"
"1660.712385";"Vehicle speed";"25";"km/h"
"1660.7150876";"Calculated instant fuel consumption";"5.40000008046627";"l/100km"
"1660.7154826";"Distance travelled";"0.838385752861111";"km"
"1660.7161385";"Vehicle acceleration";"0";"m_sec2"
"1660.7184653";"Calculated instant fuel consumption km/l.";"18.5185182425711";"km/l."
"1660.7200794";"Average speed";"36.6197665738975";"km/h"
"1660.7204284";"Distance travelled (total)";"1007.05334415642";"km"
"1660.7230306";"Average fuel consumption (total)";"3.89675030895029";"l/100km"
"1660.7237431";"Distance to empty";"0";"km"
"1660.8595765";"Absolute pedal position D";"15";"%"
"1661.1151082";"Engine fuel rate";"1.40000002086163";"l/h"
"1661.1170757";"Calculated instant fuel rate";"1.40000002086163";"l/h"
"1661.1177438";"Fuel used";"0.0340869930718247";"l"
"1661.118147";"Instant engine power (based on fuel consumption)";"4.55922140127102";"hp"
"1661.1191194";"Average fuel consumption";"4.06578868444483";"l/100km"
"1661.119695";"Fuel used (total)";"39.2426288070079";"l"
"1661.1205434";"Fuel used price";"0.0439722210626538";"€"
"1661.1218197";"Average fuel consumption km/l.";"24.5954740300662";"km/l."
"1661.1228857";"Fuel used price (total)";"50.6229911610402";"€"
"1661.2266775";"Engine RPM";"998";"rpm"
"1661.4611695";"Vehicle speed";"25";"km/h"
"1661.4625112";"Calculated instant fuel consumption";"5.6000000834465";"l/100km"
"1661.4632012";"Distance travelled";"0.843578204944444";"km"
"1661.4639345";"Vehicle acceleration";"0";"m_sec2"
"1661.4654493";"Calculated instant fuel consumption km/l.";"17.8571425910507";"km/l."
"1661.4666507";"Average speed";"36.5157930568685";"km/h"
"1661.4671967";"Distance travelled (total)";"1007.0585366085";"km"
"1661.471345";"Average fuel consumption (total)";"3.89675747540619";"l/100km"
"1661.4823287";"Distance to empty";"0";"km"
"1661.5187243";"Absolute pedal position D";"9";"%"
"1661.5786893";"Engine fuel rate";"0.450000006705523";"l/h"
"1661.580151";"Calculated instant fuel rate";"0.450000006705523";"l/h"
"1661.5810378";"Fuel used";"0.0341449044476876";"l"
"1661.5812663";"Instant engine power (based on fuel consumption)";"1.46546402183712";"hp"
"1661.5815506";"Average fuel consumption";"4.04762762332584";"l/100km"
"1661.5817265";"Fuel used (total)";"39.2426867183838";"l"
"1661.5819012";"Fuel used price";"0.044046926737517";"€"
"1661.5840672";"Average fuel consumption km/l.";"24.7058300085995";"km/l."
"1661.5850061";"Fuel used price (total)";"50.6230658667151";"€"
"1661.6318395";"Engine RPM";"969";"rpm"
"1661.6856025";"Vehicle speed";"25";"km/h"
"1661.6875026";"Calculated instant fuel consumption";"1.80000002682209";"l/100km"
"1661.6880456";"Distance travelled";"0.845139598";"km"
"1661.6886096";"Vehicle acceleration";"0";"m_sec2"
"1661.6902582";"Calculated instant fuel consumption km/l.";"55.5555547277133";"km/l."
"1661.6935356";"Average speed";"36.4838639685554";"km/h"
"1661.6939855";"Distance travelled (total)";"1007.06009800156";"km"
"1661.6972094";"Average fuel consumption (total)";"3.89675718422945";"l/100km"
"1661.7209909";"Distance to empty";"0";"km"
"1661.7434746";"Absolute pedal position D";"7";"%"
"1661.7960957";"Engine fuel rate";"0.25000000372529";"l/h"
"1661.7972432";"Calculated instant fuel rate";"0.25000000372529";"l/h"
"1661.7976363";"Fuel used";"0.0341599462118006";"l"
"1661.7978733";"Instant engine power (based on fuel consumption)";"0.814146678798398";"hp"
"1661.7985467";"Average fuel consumption";"4.04192943895177";"l/100km"
"1661.7988019";"Fuel used (total)";"39.2427017601479";"l"
"1661.7991528";"Fuel used price";"0.0440663306132228";"€"
"1661.8002988";"Average fuel consumption km/l.";"24.7406595068948";"km/l."
"1661.8010795";"Fuel used price (total)";"50.6230852705908";"€"
"1661.8433523";"Engine RPM";"996";"rpm"
"1661.8962208";"Vehicle speed";"25";"km/h"
"1661.8980902";"Calculated instant fuel consumption";"1.00000001490116";"l/100km"
"1661.8984475";"Distance travelled";"0.84660071675";"km"
"1661.8987132";"Vehicle acceleration";"0";"m_sec2"
"1661.899716";"Calculated instant fuel consumption km/l.";"99.9999985098839";"km/l."
"1661.90062";"Average speed";"36.4563798664581";"km/h"
"1661.900798";"Distance travelled (total)";"1007.06155912031";"km"
"1661.9032925";"Average fuel consumption (total)";"3.89675302415747";"l/100km"
"1661.9171035";"Distance to empty";"0";"km"
"1661.9852685";"Absolute pedal position D";"7";"%"
"1662.0454275";"Engine fuel rate";"0.100000001490116";"l/h"
"1662.0487361";"Calculated instant fuel rate";"0.100000001490116";"l/h"
"1662.0500015";"Fuel used";"0.0341669561952384";"l"
"1662.0510046";"Instant engine power (based on fuel consumption)";"0.325658671519359";"hp"
"1662.051528";"Average fuel consumption";"4.03578162872356";"l/100km"
"1662.051886";"Fuel used (total)";"39.2427087701314";"l"
"1662.0522422";"Fuel used price";"0.0440753734918576";"€"
"1662.0535093";"Average fuel consumption km/l.";"24.7783475915242";"km/l."
"1662.0540546";"Fuel used price (total)";"50.6230943134694";"€"
"1662.0980199";"Engine RPM";"971";"rpm"
"1662.1633581";"Vehicle speed";"24";"km/h"
"1662.164339";"Calculated instant fuel consumption";"0.416666672875484";"l/100km"
"1662.1645504";"Distance travelled";"0.84837472075";"km"
"1662.1652616";"Vehicle acceleration";"-0.396039541221459";"m_sec2"
"1662.1661076";"Calculated instant fuel consumption km/l.";"239.999996423721";"km/l."
"1662.1670862";"Average speed";"36.4166981982448";"km/h"
"1662.1673184";"Distance travelled (total)";"1007.06333312431";"km"
"1662.1699027";"Average fuel consumption (total)";"3.89674685586904";"l/100km"
"1662.1885399";"Distance to empty";"0";"km"
"1662.2093608";"Absolute pedal position D";"7";"%"
"1662.2607106";"Engine fuel rate";"0";"l/h"
"1662.2618853";"Calculated instant fuel rate";"0";"l/h"
"1662.2621443";"Fuel used";"0.0341669561952384";"l"
"1662.2622703";"Instant engine power (based on fuel consumption)";"0";"hp"
"1662.2624196";"Average fuel consumption";"4.02734255978695";"l/100km"
"1662.2625408";"Fuel used (total)";"39.2427087701314";"l"
"1662.2627055";"Fuel used price";"0.0440753734918576";"€"
"1662.2632818";"Average fuel consumption km/l.";"24.8302692198327";"km/l."
"1662.263466";"Fuel used price (total)";"50.6230943134694";"€"
"1662.3592864";"Engine RPM";"958";"rpm"
"1662.4402642";"Vehicle speed";"24";"km/h"
"1662.4411097";"Calculated instant fuel consumption";"0";"l/100km"
"1662.4412624";"Distance travelled";"0.850219441416666";"km"
"1662.4414619";"Vehicle acceleration";"-0.396039541221459";"m_sec2"
"1662.442536";"Average speed";"36.3763899663966";"km/h"
"1662.4427092";"Distance travelled (total)";"1007.06517784497";"km"
"1662.4444048";"Average fuel consumption (total)";"3.89673971789067";"l/100km"
"1662.4505998";"Distance to empty";"0";"km"
"1662.5170052";"Absolute pedal position D";"8";"%"
"1662.6217858";"Engine fuel rate";"0";"l/h"
"1662.6226815";"Calculated instant fuel rate";"0";"l/h"
"1662.6229025";"Fuel used";"0.0341669561952384";"l"
"1662.6230779";"Instant engine power (based on fuel consumption)";"0";"hp"
"1662.6232906";"Average fuel consumption";"4.01860443679201";"l/100km"
"1662.6234126";"Fuel used (total)";"39.2427087701314";"l"
"1662.6235384";"Fuel used price";"0.0440753734918576";"€"
"1662.6242187";"Average fuel consumption km/l.";"24.8842605866997";"km/l."
"1662.6244076";"Fuel used price (total)";"50.6230943134694";"€"
"1662.674287";"Engine RPM";"938";"rpm"
"1662.7330434";"Vehicle speed";"24";"km/h"
"1662.7338326";"Calculated instant fuel consumption";"0";"l/100km"
"1662.7339978";"Distance travelled";"0.85217101475";"km"
"1662.7342674";"Vehicle acceleration";"0";"m_sec2"
"1662.7353024";"Average speed";"36.3334685391465";"km/h"
"1662.7354239";"Distance travelled (total)";"1007.06712941831";"km"
"1662.7363856";"Average fuel consumption (total)";"3.89673216648412";"l/100km"
"1662.736709";"Distance to empty";"0";"km"
"1662.7855051";"Absolute pedal position D";"9";"%"
"1662.8381239";"Engine fuel rate";"0.300000004470348";"l/h"
"1662.8389291";"Calculated instant fuel rate";"0.300000004470348";"l/h"
"1662.8392303";"Fuel used";"0.0341849832455071";"l"
"1662.8394071";"Instant engine power (based on fuel consumption)";"0.976976014558077";"hp"
"1662.8395636";"Average fuel consumption";"4.0115167793563";"l/100km"
"1662.8396849";"Fuel used (total)";"39.2427267971816";"l"
"1662.8398036";"Fuel used price";"0.0440986283867041";"€"
"1662.8410498";"Average fuel consumption km/l.";"24.9282267781132";"km/l."
"1662.8413058";"Fuel used price (total)";"50.6231175683643";"€"
"1662.8906218";"Engine RPM";"919";"rpm"
"1662.9579522";"Vehicle speed";"23";"km/h"
"1662.9586719";"Calculated instant fuel consumption";"1.30434784552325";"l/100km"
"1662.9588261";"Distance travelled";"0.853607406277777";"km"
"1662.9591095";"Vehicle acceleration";"-1.23568276168177";"m_sec2"
"1662.9597922";"Calculated instant fuel consumption km/l.";"76.6666655242443";"km/l."
"1662.960205";"Average speed";"36.2980276206392";"km/h"
"1662.9603195";"Distance travelled (total)";"1007.06856580983";"km"
"1662.9625684";"Average fuel consumption (total)";"3.89672839858968";"l/100km"
"1662.9724795";"Distance to empty";"0";"km"
"1663.0107154";"Absolute pedal position D";"8";"%"
"1663.0627877";"Engine fuel rate";"0.400000005960464";"l/h"
"1663.0636933";"Calculated instant fuel rate";"0.400000005960464";"l/h"
"1663.0639174";"Fuel used";"0.0342099483569902";"l"
"1663.0640455";"Instant engine power (based on fuel consumption)";"1.30263468607744";"hp"
"1663.0642036";"Average fuel consumption";"4.00769113592458";"l/100km"
"1663.0643282";"Fuel used (total)";"39.2427517622931";"l"
"1663.0644473";"Fuel used price";"0.0441308333805173";"€"
"1663.0657381";"Average fuel consumption km/l.";"24.9520226505504";"km/l."
"1663.0660942";"Fuel used price (total)";"50.6231497733581";"€"
"1663.1307167";"Engine RPM";"917";"rpm"
"1663.1829806";"Vehicle speed";"23";"km/h"
"1663.1836388";"Calculated instant fuel consumption";"1.73913046069767";"l/100km"
"1663.1837833";"Distance travelled";"0.8550446175";"km"
"1663.1840342";"Vehicle acceleration";"-1.23568276168177";"m_sec2"
"1663.1848139";"Calculated instant fuel consumption km/l.";"57.4999991431832";"km/l."
"1663.1852508";"Average speed";"36.2627477493795";"km/h"
"1663.1853721";"Distance travelled (total)";"1007.07000302106";"km"
"1663.1876469";"Average fuel consumption (total)";"3.89672531646964";"l/100km"
"1663.2022914";"Distance to empty";"0";"km"
"1663.2298578";"Absolute pedal position D";"7";"%"
"1663.2898281";"Engine fuel rate";"0.300000004470348";"l/h"
"1663.2915843";"Calculated instant fuel rate";"0.300000004470348";"l/h"
"1663.2922731";"Fuel used";"0.0342289772489404";"l"
"1663.2929134";"Instant engine power (based on fuel consumption)";"0.976976014558077";"hp"
"1663.295319";"Average fuel consumption";"4.00318024912196";"l/100km"
"1663.2957485";"Fuel used (total)";"39.2427707911851";"l"
"1663.2961936";"Fuel used price";"0.0441553806511331";"€"
"1663.2975235";"Average fuel consumption km/l.";"24.980139233534";"km/l."
"1663.2980779";"Fuel used price (total)";"50.6231743206287";"€"
"1663.3641088";"Engine RPM";"921";"rpm"
"1663.4182664";"Vehicle speed";"23";"km/h"
"1663.4203407";"Calculated instant fuel consumption";"1.30434784552325";"l/100km"
"1663.4214038";"Distance travelled";"0.856562694166666";"km"
"1663.4221017";"Vehicle acceleration";"-1.23568276168177";"m_sec2"
"1663.4232588";"Calculated instant fuel consumption km/l.";"76.6666655242443";"km/l."
"1663.4239078";"Average speed";"36.2252876339169";"km/h"
"1663.4241062";"Distance travelled (total)";"1007.07152109772";"km"
"1663.4258379";"Average fuel consumption (total)";"3.89672133200727";"l/100km"
"1663.4375794";"Distance to empty";"0";"km"
"1663.5280179";"Absolute pedal position D";"7";"%"
"1663.579981";"Engine fuel rate";"0.300000004470348";"l/h"
"1663.5806224";"Calculated instant fuel rate";"0.300000004470348";"l/h"
"1663.5808465";"Fuel used";"0.0342530251242987";"l"
"1663.5812016";"Instant engine power (based on fuel consumption)";"0.976976014558077";"hp"
"1663.5815833";"Average fuel consumption";"3.99889294240428";"l/100km"
"1663.5818198";"Fuel used (total)";"39.2427948390604";"l"
"1663.5819719";"Fuel used price";"0.0441864024103454";"€"
"1663.5824597";"Average fuel consumption km/l.";"25.0069210254667";"km/l."
"1663.5830282";"Fuel used price (total)";"50.6232053423879";"€"
"1663.6330419";"Engine RPM";"902";"rpm"
"1663.6785974";"Vehicle speed";"22";"km/h"
"1663.6793255";"Calculated instant fuel consumption";"1.36363638395613";"l/100km"
"1663.6795508";"Distance travelled";"0.8581402555";"km"
"1663.6797706";"Vehicle acceleration";"-0.385415982553298";"m_sec2"
"1663.6803286";"Calculated instant fuel consumption km/l.";"73.3333322405815";"km/l."
"1663.6810186";"Average speed";"36.1827166987041";"km/h"
"1663.6811914";"Distance travelled (total)";"1007.07309865906";"km"
"1663.6831336";"Average fuel consumption (total)";"3.89671761576327";"l/100km"
"1663.7074768";"Distance to empty";"0";"km"
"1663.7300331";"Absolute pedal position D";"7";"%"
"1663.7823794";"Engine fuel rate";"0.350000005215406";"l/h"
"1663.783096";"Calculated instant fuel rate";"0.350000005215406";"l/h"
"1663.7833072";"Fuel used";"0.0342727086579254";"l"
"1663.7834431";"Instant engine power (based on fuel consumption)";"1.13980535031776";"hp"
"1663.7842109";"Average fuel consumption";"3.99383532450138";"l/100km"
"1663.7843913";"Fuel used (total)";"39.242814522594";"l"
"1663.7845093";"Fuel used price";"0.0442117941687237";"€"
"1663.7849524";"Average fuel consumption km/l.";"25.0385886935598";"km/l."
"1663.7851213";"Fuel used price (total)";"50.6232307341463";"€"
"1663.8354823";"Engine RPM";"896";"rpm"
"1663.8875212";"Vehicle speed";"22";"km/h"
"1663.8881878";"Calculated instant fuel consumption";"1.59090911461548";"l/100km"
"1663.8883963";"Distance travelled";"0.859416524388888";"km"
"1663.8887065";"Vehicle acceleration";"-0.385415982553298";"m_sec2"
"1663.8893311";"Calculated instant fuel consumption km/l.";"62.8571419204984";"km/l."
"1663.8897362";"Average speed";"36.1481551387148";"km/h"
"1663.8898527";"Distance travelled (total)";"1007.07437492795";"km"
"1663.8914424";"Average fuel consumption (total)";"3.89671463196567";"l/100km"
"1663.9041462";"Distance to empty";"0";"km"
"1663.9859037";"Absolute pedal position D";"7";"%"
"1664.0401896";"Engine fuel rate";"0.350000005215406";"l/h"
"1664.0416856";"Calculated instant fuel rate";"0.350000005215406";"l/h"
"1664.0422668";"Fuel used";"0.0342978844110783";"l"
"1664.0430179";"Instant engine power (based on fuel consumption)";"1.13980535031776";"hp"
"1664.0451011";"Average fuel consumption";"3.99083371540555";"l/100km"
"1664.0456661";"Fuel used (total)";"39.2428396983472";"l"
"1664.0461184";"Fuel used price";"0.044244270890291";"€"
"1664.0478195";"Average fuel consumption km/l.";"25.0574208627076";"km/l."
"1664.0483316";"Fuel used price (total)";"50.6232632108679";"€"
"1664.124061";"Engine RPM";"883";"rpm"
"1664.1750768";"Vehicle speed";"22";"km/h"
"1664.1770201";"Calculated instant fuel consumption";"1.59090911461548";"l/100km"
"1664.1774769";"Distance travelled";"0.861183085277777";"km"
"1664.1779983";"Vehicle acceleration";"-0.385415982553298";"m_sec2"
"1664.1796322";"Calculated instant fuel consumption km/l.";"62.8571419204984";"km/l."
"1664.1808157";"Average speed";"36.0997253657636";"km/h"
"1664.1811727";"Distance travelled (total)";"1007.07614148883";"km"
"1664.1823213";"Average fuel consumption (total)";"3.89671029643614";"l/100km"
"1664.1828512";"Distance to empty";"0";"km"
"1664.2563959";"Absolute pedal position D";"7";"%"
"1664.3114154";"Engine fuel rate";"0.400000005960464";"l/h"
"1664.3132816";"Calculated instant fuel rate";"0.400000005960464";"l/h"
"1664.315429";"Fuel used";"0.0343282350670861";"l"
"1664.316249";"Instant engine power (based on fuel consumption)";"1.30263468607744";"hp"
"1664.3172327";"Average fuel consumption";"3.98617154167786";"l/100km"
"1664.3175913";"Fuel used (total)";"39.2428700490032";"l"
"1664.3179436";"Fuel used price";"0.0442834232365411";"€"
"1664.3191504";"Average fuel consumption km/l.";"25.0867276920822";"km/l."
"1664.3197274";"Fuel used price (total)";"50.6233023632141";"€"
"1664.4096989";"Engine RPM";"861";"rpm"
"1664.514154";"Vehicle speed";"22";"km/h"
"1664.5166181";"Calculated instant fuel consumption";"1.81818184527484";"l/100km"
"1664.5177611";"Distance travelled";"0.863262561944444";"km"
"1664.5183194";"Vehicle acceleration";"0";"m_sec2"
"1664.5208476";"Calculated instant fuel consumption km/l.";"54.9999991804361";"km/l."
"1664.5227005";"Average speed";"36.0434386297045";"km/h"
"1664.5230712";"Distance travelled (total)";"1007.0782209655";"km"
"1664.5278045";"Average fuel consumption (total)";"3.89670526400427";"l/100km"
"1664.5472753";"Distance to empty";"0";"km"
"1664.5736896";"Absolute pedal position D";"7";"%"
"1664.6320485";"Engine fuel rate";"0.550000008195639";"l/h"
"1664.6342168";"Calculated instant fuel rate";"0.550000008195639";"l/h"
"1664.6365611";"Fuel used";"0.0343772940594838";"l"
"1664.6371147";"Instant engine power (based on fuel consumption)";"1.79112269335647";"hp"
"1664.637673";"Average fuel consumption";"3.98225239631048";"l/100km"
"1664.6381714";"Fuel used (total)";"39.2429191079956";"l"
"1664.6389172";"Fuel used price";"0.0443467093367341";"€"
"1664.640467";"Average fuel consumption km/l.";"25.1114168686669";"km/l."
"1664.6414503";"Fuel used price (total)";"50.6233656493143";"€"
"1664.6839763";"Engine RPM";"835";"rpm"
"1664.7369038";"Vehicle speed";"22";"km/h"
"1664.739848";"Calculated instant fuel consumption";"2.5000000372529";"l/100km"
"1664.7400532";"Distance travelled";"0.864621006944444";"km"
"1664.7403072";"Vehicle acceleration";"0";"m_sec2"
"1664.7412066";"Calculated instant fuel consumption km/l.";"39.9999994039536";"km/l."
"1664.7417667";"Average speed";"36.00860616198";"km/h"
"1664.7419416";"Distance travelled (total)";"1007.0795794105";"km"
"1664.7436051";"Average fuel consumption (total)";"3.8967048791682";"l/100km"
"1664.7582492";"Distance to empty";"0";"km"
"1664.7883667";"Absolute pedal position D";"7";"%"
"1664.8354401";"Engine fuel rate";"0.550000008195639";"l/h"
"1664.8383647";"Calculated instant fuel rate";"0.550000008195639";"l/h"
"1664.8393663";"Fuel used";"0.03440827882939";"l"
"1664.8398313";"Instant engine power (based on fuel consumption)";"1.79112269335647";"hp"
"1664.8409938";"Average fuel consumption";"3.97957932470184";"l/100km"
"1664.8414101";"Fuel used (total)";"39.2429500927655";"l"
"1664.8417779";"Fuel used price";"0.0443866796899131";"€"
"1664.8439236";"Average fuel consumption km/l.";"25.1282841327688";"km/l."
"1664.8444418";"Fuel used price (total)";"50.6234056196675";"€"
"1664.8943632";"Engine RPM";"837";"rpm"
"1664.9856259";"Vehicle speed";"21";"km/h"
"1664.9877699";"Calculated instant fuel consumption";"2.61904765807447";"l/100km"
"1664.98821";"Distance travelled";"0.866068542194444";"km"
"1664.9887415";"Vehicle acceleration";"-0.590481346221888";"m_sec2"
"1664.9916091";"Calculated instant fuel consumption km/l.";"38.1818176128648";"km/l."
"1664.9931642";"Average speed";"35.9643313640913";"km/h"
"1664.9935272";"Distance travelled (total)";"1007.08102694575";"km"
"1664.9977984";"Average fuel consumption (total)";"3.89670235490192";"l/100km"
"1665.0263503";"Distance to empty";"0";"km"
"1665.0432133";"Absolute pedal position D";"7";"%"
"1665.0970879";"Engine fuel rate";"0.550000008195639";"l/h"
"1665.0987595";"Calculated instant fuel rate";"0.550000008195639";"l/h"
"1665.1011808";"Fuel used";"0.0344482772897082";"l"
"1665.101613";"Instant engine power (based on fuel consumption)";"1.79112269335647";"hp"
"1665.1020593";"Average fuel consumption";"3.97754630394763";"l/100km"
"1665.1024144";"Fuel used (total)";"39.2429900912258";"l"
"1665.1028567";"Fuel used price";"0.0444382777037236";"€"
"1665.1040708";"Average fuel consumption km/l.";"25.1411278105681";"km/l."
"1665.1046194";"Fuel used price (total)";"50.6234572176813";"€"
"1665.1515581";"Engine RPM";"839";"rpm"
"1665.2170603";"Vehicle speed";"21";"km/h"
"1665.2182137";"Calculated instant fuel consumption";"2.61904765807447";"l/100km"
"1665.2185151";"Distance travelled";"0.867411986277777";"km"
"1665.2187875";"Vehicle acceleration";"-0.590481346221888";"m_sec2"
"1665.2197659";"Calculated instant fuel consumption km/l.";"38.1818176128648";"km/l."
"1665.2228147";"Average speed";"35.9250031927948";"km/h"
"1665.2234203";"Distance travelled (total)";"1007.08237038983";"km"
"1665.2246439";"Average fuel consumption (total)";"3.89670112843254";"l/100km"
"1665.2249102";"Distance to empty";"0";"km"
"1665.2847377";"Absolute pedal position D";"7";"%"
"1665.3561542";"Engine fuel rate";"0.500000007450581";"l/h"
"1665.3579333";"Calculated instant fuel rate";"0.500000007450581";"l/h"
"1665.3588721";"Fuel used";"0.0344840670819082";"l"
"1665.3596066";"Instant engine power (based on fuel consumption)";"1.6282933575968";"hp"
"1665.361523";"Average fuel consumption";"3.97551193982062";"l/100km"
"1665.3622811";"Fuel used (total)";"39.243025881018";"l"
"1665.3628479";"Fuel used price";"0.0444844465356616";"€"
"1665.3641057";"Average fuel consumption km/l.";"25.1539931243452";"km/l."
"1665.3653393";"Fuel used price (total)";"50.6235033865132";"€"
"1665.4201074";"Engine RPM";"835";"rpm"
"1665.4735413";"Vehicle speed";"21";"km/h"
"1665.4755558";"Calculated instant fuel consumption";"2.38095241643134";"l/100km"
"1665.4762722";"Distance travelled";"0.868915516861111";"km"
"1665.4766914";"Vehicle acceleration";"-0.590481346221888";"m_sec2"
"1665.4775641";"Calculated instant fuel consumption km/l.";"41.9999993741512";"km/l."
"1665.4782164";"Average speed";"35.8817668317323";"km/h"
"1665.4783893";"Distance travelled (total)";"1007.08387392042";"km"
"1665.4801638";"Average fuel consumption (total)";"3.89669886463887";"l/100km"
"1665.4944465";"Distance to empty";"0";"km"
"1665.5313262";"Absolute pedal position D";"7";"%"
"1665.5931455";"Engine fuel rate";"0.550000008195639";"l/h"
"1665.5955774";"Calculated instant fuel rate";"0.550000008195639";"l/h"
"1665.5962463";"Fuel used";"0.0345203314852264";"l"
"1665.5966443";"Instant engine power (based on fuel consumption)";"1.79112269335647";"hp"
"1665.5971047";"Average fuel consumption";"3.97280642540812";"l/100km"
"1665.5974584";"Fuel used (total)";"39.2430621454213";"l"
"1665.597822";"Fuel used price";"0.044531227615942";"€"
"1665.5990285";"Average fuel consumption km/l.";"25.1711232041031";"km/l."
"1665.5996044";"Fuel used price (total)";"50.6235501675935";"€"
"1665.6680269";"Engine RPM";"837";"rpm"
"1665.7262303";"Vehicle speed";"21";"km/h"
"1665.7276331";"Calculated instant fuel consumption";"2.61904765807447";"l/100km"
"1665.727937";"Distance travelled";"0.870383574361111";"km"
"1665.7282817";"Vehicle acceleration";"0";"m_sec2"
"1665.7290678";"Calculated instant fuel consumption km/l.";"38.1818176128648";"km/l."
"1665.7307277";"Average speed";"35.8385921212536";"km/h"
"1665.7309595";"Distance travelled (total)";"1007.08534197792";"km"
"1665.7339838";"Average fuel consumption (total)";"3.8966967852345";"l/100km"
"1665.7454217";"Distance to empty";"0";"km"
"1665.7863786";"Absolute pedal position D";"7";"%"
"1665.8394289";"Engine fuel rate";"0.500000007450581";"l/h"
"1665.8414185";"Calculated instant fuel rate";"0.500000007450581";"l/h"
"1665.842493";"Fuel used";"0.0345545305551804";"l"
"1665.8440311";"Instant engine power (based on fuel consumption)";"1.6282933575968";"hp"
"1665.8475101";"Average fuel consumption";"3.97003477237545";"l/100km"
"1665.8478956";"Fuel used (total)";"39.2430963444913";"l"
"1665.8482526";"Fuel used price";"0.0445753444161827";"€"
"1665.8506516";"Average fuel consumption km/l.";"25.1886962542057";"km/l."
"1665.8513738";"Fuel used price (total)";"50.6235942843938";"€"
"1665.9330875";"Engine RPM";"838";"rpm"
"1665.9972172";"Vehicle speed";"21";"km/h"
"1665.997997";"Calculated instant fuel consumption";"2.38095241643134";"l/100km"
"1665.9981971";"Distance travelled";"0.871960072944444";"km"
"1665.9985535";"Vehicle acceleration";"0";"m_sec2"
"1665.9994311";"Calculated instant fuel consumption km/l.";"41.9999993741512";"km/l."
"1666.0000181";"Average speed";"35.7932485223007";"km/h"
"1666.0001944";"Distance travelled (total)";"1007.0869184765";"km"
"1666.003213";"Average fuel consumption (total)";"3.89669408116803";"l/100km"
"1666.0145652";"Distance to empty";"0";"km"
"1666.0485243";"Absolute pedal position D";"7";"%"
"1666.0952134";"Engine fuel rate";"0.500000007450581";"l/h"
"1666.0975344";"Calculated instant fuel rate";"0.500000007450581";"l/h"
"1666.1008025";"Fuel used";"0.0345904062362706";"l"
"1666.1016909";"Instant engine power (based on fuel consumption)";"1.6282933575968";"hp"
"1666.102188";"Average fuel consumption";"3.96697134531233";"l/100km"
"1666.1025419";"Fuel used (total)";"39.2431322201724";"l"
"1666.1029788";"Fuel used price";"0.044621624044789";"€"
"1666.1041836";"Average fuel consumption km/l.";"25.2081478022692";"km/l."
"1666.1046908";"Fuel used price (total)";"50.6236405640224";"€"
"1666.1955439";"Engine RPM";"836";"rpm"
"1666.2505258";"Vehicle speed";"20";"km/h"
"1666.2516977";"Calculated instant fuel consumption";"2.5000000372529";"l/100km"
"1666.251936";"Distance travelled";"0.873369696833333";"km"
"1666.2522015";"Vehicle acceleration";"-0.530189184225472";"m_sec2"
"1666.2533872";"Calculated instant fuel consumption km/l.";"39.9999994039536";"km/l."
"1666.2540069";"Average speed";"35.7475834588037";"km/h"
"1666.2541776";"Distance travelled (total)";"1007.08832810039";"km"
"1666.2566212";"Average fuel consumption (total)";"3.89669218927344";"l/100km"
"1666.2697268";"Distance to empty";"0";"km"
"1666.3033588";"Absolute pedal position D";"7";"%"
"1666.3574102";"Engine fuel rate";"0.500000007450581";"l/h"
"1666.3588666";"Calculated instant fuel rate";"0.500000007450581";"l/h"
"1666.359767";"Fuel used";"0.034626373056251";"l"
"1666.3601569";"Instant engine power (based on fuel consumption)";"1.6282933575968";"hp"
"1666.3613926";"Average fuel consumption";"3.96468679664515";"l/100km"
"1666.3619313";"Fuel used (total)";"39.2431681869924";"l"
"1666.3623838";"Fuel used price";"0.0446680212425637";"€"
"1666.3638717";"Average fuel consumption km/l.";"25.2226733482751";"km/l."
"1666.3653442";"Fuel used price (total)";"50.6236869612202";"€"
"1666.4115474";"Engine RPM";"832";"rpm"
"1666.4917192";"Vehicle speed";"20";"km/h"
"1666.4930791";"Calculated instant fuel consumption";"2.5000000372529";"l/100km"
"1666.4934247";"Distance travelled";"0.874711277388888";"km"
"1666.4937646";"Vehicle acceleration";"-0.530189184225472";"m_sec2"
"1666.4946414";"Calculated instant fuel consumption km/l.";"39.9999994039536";"km/l."
"1666.496851";"Average speed";"35.7039697573954";"km/h"
"1666.4973507";"Distance travelled (total)";"1007.08966968095";"km"
"1666.4990408";"Average fuel consumption (total)";"3.89669056971113";"l/100km"
"1666.4996071";"Distance to empty";"0";"km"
"1666.5630853";"Absolute pedal position D";"7";"%"
"1666.6189074";"Engine fuel rate";"0.500000007450581";"l/h"
"1666.6207549";"Calculated instant fuel rate";"0.500000007450581";"l/h"
"1666.6231567";"Fuel used";"0.0346629541262405";"l"
"1666.6243385";"Instant engine power (based on fuel consumption)";"1.6282933575968";"hp"
"1666.6265226";"Average fuel consumption";"3.96278806759109";"l/100km"
"1666.6269621";"Fuel used (total)";"39.2432047680624";"l"
"1666.6273382";"Fuel used price";"0.0447152108228502";"€"
"1666.6290393";"Average fuel consumption km/l.";"25.234758532214";"km/l."
"1666.6297573";"Fuel used price (total)";"50.6237341508004";"€"
"1666.6806934";"Engine RPM";"829";"rpm"
"1666.7389929";"Vehicle speed";"20";"km/h"
"1666.7406283";"Calculated instant fuel consumption";"2.5000000372529";"l/100km"
"1666.7412498";"Distance travelled";"0.876088061277777";"km"
"1666.7417818";"Vehicle acceleration";"-0.530189184225472";"m_sec2"
"1666.7434511";"Calculated instant fuel consumption km/l.";"39.9999994039536";"km/l."
"1666.7457839";"Average speed";"35.6594982850202";"km/h"
"1666.7464682";"Distance travelled (total)";"1007.09104646483";"km"
"1666.7482258";"Average fuel consumption (total)";"3.89668887493507";"l/100km"
"1666.7486959";"Distance to empty";"0";"km"
"1666.7912919";"Absolute pedal position D";"7";"%"
"1666.8444934";"Engine fuel rate";"0.500000007450581";"l/h"
"1666.8471502";"Calculated instant fuel rate";"0.500000007450581";"l/h"
"1666.8481343";"Fuel used";"0.0346942000850394";"l"
"1666.8485313";"Instant engine power (based on fuel consumption)";"1.6282933575968";"hp"
"1666.8503441";"Average fuel consumption";"3.96012702586517";"l/100km"
"1666.8512884";"Fuel used (total)";"39.2432360140212";"l"
"1666.8516744";"Fuel used price";"0.0447555181097009";"€"
"1666.8532507";"Average fuel consumption km/l.";"25.2517152472282";"km/l."
"1666.854962";"Fuel used price (total)";"50.6237744580873";"€"
"1666.897127";"Engine RPM";"827";"rpm"
"1666.9646128";"Vehicle speed";"20";"km/h"
"1666.9658006";"Calculated instant fuel consumption";"2.5000000372529";"l/100km"
"1666.9661789";"Distance travelled";"0.8773376635";"km"
"1666.9664553";"Vehicle acceleration";"0";"m_sec2"
"1666.9672441";"Calculated instant fuel consumption km/l.";"39.9999994039536";"km/l."
"1666.9680977";"Average speed";"35.6207944315987";"km/h"
"1666.968272";"Distance travelled (total)";"1007.09229606706";"km"
"1666.9700529";"Average fuel consumption (total)";"3.89668714250677";"l/100km"
"1666.9703268";"Distance to empty";"0";"km"
"1667.035175";"Absolute pedal position D";"7";"%"
"1667.0909422";"Engine fuel rate";"0.500000007450581";"l/h"
"1667.0932209";"Calculated instant fuel rate";"0.500000007450581";"l/h"
"1667.0937712";"Fuel used";"0.0347283158633256";"l"
"1667.0941465";"Instant engine power (based on fuel consumption)";"1.6282933575968";"hp"
"1667.0947898";"Average fuel consumption";"3.95837512831519";"l/100km"
"1667.0954157";"Fuel used (total)";"39.2432701297994";"l"
"1667.0958137";"Fuel used price";"0.04479952746369";"€"
"1667.0971924";"Average fuel consumption km/l.";"25.2628911506331";"km/l."
"1667.0989722";"Fuel used price (total)";"50.6238184674413";"€"
"1667.1539446";"Engine RPM";"827";"rpm"
"1667.2126596";"Vehicle speed";"20";"km/h"
"1667.2144667";"Calculated instant fuel consumption";"2.5000000372529";"l/100km"
"1667.215202";"Distance travelled";"0.8787210685";"km"
"1667.215739";"Vehicle acceleration";"0";"m_sec2"
"1667.2208629";"Calculated instant fuel consumption km/l.";"39.9999994039536";"km/l."
"1667.2228374";"Average speed";"35.5747867770388";"km/h"
"1667.2232079";"Distance travelled (total)";"1007.09367947206";"km"
"1667.2246562";"Average fuel consumption (total)";"3.89668517732846";"l/100km"
"1667.2251055";"Distance to empty";"0";"km"
"1667.2572857";"Absolute pedal position D";"7";"%"
"1667.3099207";"Engine fuel rate";"0.500000007450581";"l/h"
"1667.3119893";"Calculated instant fuel rate";"0.500000007450581";"l/h"
"1667.3133405";"Fuel used";"0.0347588105860022";"l"
"1667.3143047";"Instant engine power (based on fuel consumption)";"1.6282933575968";"hp"
"1667.315015";"Average fuel consumption";"3.955613656258";"l/100km"
"1667.3153782";"Fuel used (total)";"39.2433006245221";"l"
"1667.3157404";"Fuel used price";"0.0448388656559428";"€"
"1667.3171279";"Average fuel consumption km/l.";"25.2805275464136";"km/l."
"1667.3176494";"Fuel used price (total)";"50.6238578056335";"€"
"1667.3649702";"Engine RPM";"826";"rpm"
"1667.4217901";"Vehicle speed";"20";"km/h"
"1667.4226415";"Calculated instant fuel consumption";"2.5000000372529";"l/100km"
"1667.4228553";"Distance travelled";"0.879874705722222";"km"
"1667.4232093";"Vehicle acceleration";"0";"m_sec2"
"1667.4240027";"Calculated instant fuel consumption km/l.";"39.9999994039536";"km/l."
"1667.4245884";"Average speed";"35.5408193563296";"km/h"
"1667.4247568";"Distance travelled (total)";"1007.09483310928";"km"
"1667.4257888";"Average fuel consumption (total)";"3.89668374162574";"l/100km"
"1667.4266199";"Distance to empty";"0";"km"
"1667.4834347";"Absolute pedal position D";"7";"%"
"1667.5599014";"Engine fuel rate";"0.500000007450581";"l/h"
"1667.5617777";"Calculated instant fuel rate";"0.500000007450581";"l/h"
"1667.564185";"Fuel used";"0.0347936492948547";"l"
"1667.5645688";"Instant engine power (based on fuel consumption)";"1.6282933575968";"hp"
"1667.5663233";"Average fuel consumption";"3.9543868085508";"l/100km"
"1667.56674";"Fuel used (total)";"39.243335463231";"l"
"1667.5671045";"Fuel used price";"0.0448838075903625";"€"
"1667.5683325";"Average fuel consumption km/l.";"25.2883708249695";"km/l."
"1667.5688657";"Fuel used price (total)";"50.6239027475679";"€"
"1667.6167859";"Engine RPM";"826";"rpm"
"1667.676728";"Vehicle speed";"20";"km/h"
"1667.6782257";"Calculated instant fuel consumption";"2.5000000372529";"l/100km"
"1667.6787586";"Distance travelled";"0.881296351277777";"km"
"1667.6794216";"Vehicle acceleration";"0";"m_sec2"
"1667.6809525";"Calculated instant fuel consumption km/l.";"39.9999994039536";"km/l."
"1667.6824924";"Average speed";"35.4955554920579";"km/h"
"1667.6831662";"Distance travelled (total)";"1007.09625475483";"km"
"1667.685656";"Average fuel consumption (total)";"3.89668170027942";"l/100km"
"1667.6864813";"Distance to empty";"0";"km"
"1667.7299108";"Absolute pedal position D";"7";"%"
"1667.7823843";"Engine fuel rate";"0.500000007450581";"l/h"
"1667.7842236";"Calculated instant fuel rate";"0.500000007450581";"l/h"
"1667.7874166";"Fuel used";"0.0348246519064278";"l"
"1667.7879227";"Instant engine power (based on fuel consumption)";"1.6282933575968";"hp"
"1667.7884135";"Average fuel consumption";"3.95152571049864";"l/100km"
"1667.7887891";"Fuel used (total)";"39.2433664658425";"l"
"1667.7891462";"Fuel used price";"0.0449238009592918";"€"
"1667.7904694";"Average fuel consumption km/l.";"25.3066808433801";"km/l."
"1667.7910208";"Fuel used price (total)";"50.6239427409369";"€"
"1667.834824";"Engine RPM";"825";"rpm"
"1667.9254225";"Vehicle speed";"20";"km/h"
"1667.9269243";"Calculated instant fuel consumption";"2.5000000372529";"l/100km"
"1667.9281333";"Distance travelled";"0.882681709055555";"km"
"1667.9287643";"Vehicle acceleration";"0";"m_sec2"
"1667.9315861";"Calculated instant fuel consumption km/l.";"39.9999994039536";"km/l."
"1667.9332217";"Average speed";"35.4519125593746";"km/h"
"1667.9335912";"Distance travelled (total)";"1007.09764011261";"km"
"1667.9367873";"Average fuel consumption (total)";"3.89667941843796";"l/100km"
"1667.9372932";"Distance to empty";"0";"km"
"1668.0170507";"Absolute pedal position D";"7";"%"
"1668.0897647";"Engine fuel rate";"0.500000007450581";"l/h"
"1668.0912175";"Calculated instant fuel rate";"0.500000007450581";"l/h"
"1668.0929052";"Fuel used";"0.0348670805598378";"l"
"1668.0935866";"Instant engine power (based on fuel consumption)";"1.6282933575968";"hp"
"1668.0947918";"Average fuel consumption";"3.95013063056949";"l/100km"
"1668.0952916";"Fuel used (total)";"39.243408894496";"l"
"1668.0956673";"Fuel used price";"0.0449785339221907";"€"
"1668.0977571";"Average fuel consumption km/l.";"25.3156184826179";"km/l."
"1668.0982855";"Fuel used price (total)";"50.6239974738998";"€"
"1668.1442771";"Engine RPM";"824";"rpm"
"1668.1953112";"Vehicle speed";"20";"km/h"
"1668.1973281";"Calculated instant fuel consumption";"2.5000000372529";"l/100km"
"1668.1978168";"Distance travelled";"0.884179942388888";"km"
"1668.1984386";"Vehicle acceleration";"0";"m_sec2"
"1668.2001324";"Calculated instant fuel consumption km/l.";"39.9999994039536";"km/l."
"1668.2027208";"Average speed";"35.4056738280973";"km/h"
"1668.2032939";"Distance travelled (total)";"1007.09913834595";"km"
"1668.2048788";"Average fuel consumption (total)";"3.89667783441352";"l/100km"
"1668.2053456";"Distance to empty";"0";"km"
"1668.2474819";"Absolute pedal position D";"7";"%"
"1668.3066629";"Engine fuel rate";"0.500000007450581";"l/h"
"1668.3093703";"Calculated instant fuel rate";"0.500000007450581";"l/h"
"1668.3101058";"Fuel used";"0.0348972470880651";"l"
"1668.3104803";"Instant engine power (based on fuel consumption)";"1.6282933575968";"hp"
"1668.3114044";"Average fuel consumption";"3.94684898571429";"l/100km"
"1668.3117698";"Fuel used (total)";"39.2434390610242";"l"
"1668.3121331";"Fuel used price";"0.0450174487436039";"€"
"1668.3135995";"Average fuel consumption km/l.";"25.3366673926345";"km/l."
"1668.3141211";"Fuel used price (total)";"50.6240363887212";"€"
"1668.3613416";"Engine RPM";"827";"rpm"
"1668.4197769";"Vehicle speed";"20";"km/h"
"1668.4207479";"Calculated instant fuel consumption";"2.5000000372529";"l/100km"
"1668.4210066";"Distance travelled";"0.885419890166666";"km"
"1668.4213099";"Vehicle acceleration";"0";"m_sec2"
"1668.422078";"Calculated instant fuel consumption km/l.";"39.9999994039536";"km/l."
"1668.4231317";"Average speed";"35.3685442666428";"km/h"
"1668.4234012";"Distance travelled (total)";"1007.10037829372";"km"
"1668.4246458";"Average fuel consumption (total)";"3.89667603218582";"l/100km"
"1668.4250076";"Distance to empty";"0";"km"
"1668.4790802";"Absolute pedal position D";"7";"%"
"1668.5565466";"Engine fuel rate";"0.500000007450581";"l/h"
"1668.5584109";"Calculated instant fuel rate";"0.500000007450581";"l/h"
"1668.5598955";"Fuel used";"0.0349319390330265";"l"
"1668.5603177";"Instant engine power (based on fuel consumption)";"1.6282933575968";"hp"
"1668.5620057";"Average fuel consumption";"3.94523992751632";"l/100km"
"1668.5630372";"Fuel used (total)";"39.2434737529692";"l"
"1668.5634303";"Fuel used price";"0.0450622013526041";"€"
"1668.5655913";"Average fuel consumption km/l.";"25.3470009016546";"km/l."
"1668.5676378";"Fuel used price (total)";"50.6240811413302";"€"
"1668.6164313";"Engine RPM";"824";"rpm"
"1668.6736768";"Vehicle speed";"20";"km/h"
"1668.6749786";"Calculated instant fuel consumption";"2.5000000372529";"l/100km"
"1668.6752249";"Distance travelled";"0.886832185722222";"km"
"1668.6755156";"Vehicle acceleration";"0";"m_sec2"
"1668.676398";"Calculated instant fuel consumption km/l.";"39.9999994039536";"km/l."
"1668.6770013";"Average speed";"35.3254457284559";"km/h"
"1668.6771793";"Distance travelled (total)";"1007.10179058928";"km"
"1668.6781332";"Average fuel consumption (total)";"3.8966740124657";"l/100km"
"1668.6783469";"Distance to empty";"0";"km"
"1668.7268769";"Absolute pedal position D";"7";"%"
"1668.7792991";"Engine fuel rate";"0.500000007450581";"l/h"
"1668.7810817";"Calculated instant fuel rate";"0.500000007450581";"l/h"
"1668.7822707";"Fuel used";"0.0349628237834867";"l"
"1668.7827555";"Instant engine power (based on fuel consumption)";"1.6282933575968";"hp"
"1668.7845667";"Average fuel consumption";"3.94243965728573";"l/100km"
"1668.7849512";"Fuel used (total)";"39.2435046377196";"l"
"1668.7853218";"Fuel used price";"0.0451020426806978";"€"
"1668.7875088";"Average fuel consumption km/l.";"25.365004589277";"km/l."
"1668.7881761";"Fuel used price (total)";"50.6241209826583";"€"
"1668.8390254";"Engine RPM";"825";"rpm"
"1668.8918636";"Vehicle speed";"20";"km/h"
"1668.8932988";"Calculated instant fuel consumption";"2.5000000372529";"l/100km"
"1668.8938702";"Distance travelled";"0.8880468485";"km"
"1668.8944137";"Vehicle acceleration";"0";"m_sec2"
"1668.8962281";"Calculated instant fuel consumption km/l.";"39.9999994039536";"km/l."
"1668.8979978";"Average speed";"35.2875715226042";"km/h"
"1668.8985067";"Distance travelled (total)";"1007.10300525206";"km"
"1668.9005246";"Average fuel consumption (total)";"3.89667237939557";"l/100km"
"1668.9013199";"Distance to empty";"0";"km"
"1668.9520813";"Absolute pedal position D";"7";"%"
"1669.0289693";"Engine fuel rate";"0.550000008195639";"l/h"
"1669.0314648";"Calculated instant fuel rate";"0.550000008195639";"l/h"
"1669.0334438";"Fuel used";"0.0350011958937807";"l"
"1669.0347925";"Instant engine power (based on fuel consumption)";"1.79112269335647";"hp"
"1669.0370811";"Average fuel consumption";"3.94136817814299";"l/100km"
"1669.0375752";"Fuel used (total)";"39.2435430098299";"l"
"1669.0379666";"Fuel used price";"0.0451515427029771";"€"
"1669.0394196";"Average fuel consumption km/l.";"25.3719001829248";"km/l."
"1669.0400191";"Fuel used price (total)";"50.6241704826806";"€"
"1669.0867095";"Engine RPM";"825";"rpm"
"1669.1468825";"Vehicle speed";"20";"km/h"
"1669.1483379";"Calculated instant fuel consumption";"2.75000004097819";"l/100km"
"1669.1489223";"Distance travelled";"0.8894637735";"km"
"1669.1496427";"Vehicle acceleration";"0";"m_sec2"
"1669.1522471";"Calculated instant fuel consumption km/l.";"36.363635821776";"km/l."
"1669.1542825";"Average speed";"35.2441838850539";"km/h"
"1669.1548209";"Distance travelled (total)";"1007.10442217706";"km"
"1669.1584073";"Average fuel consumption (total)";"3.89667070719412";"l/100km"
"1669.1788157";"Distance to empty";"0";"km"
"1669.304033";"Absolute pedal position D";"7";"%"
"1669.6865697";"Engine fuel rate";"0.550000008195639";"l/h"
"1669.6878735";"Calculated instant fuel rate";"0.550000008195639";"l/h"
"1669.6885276";"Fuel used";"0.0351012778980498";"l"
"1669.6889549";"Instant engine power (based on fuel consumption)";"1.79112269335647";"hp"
"1669.6900045";"Average fuel consumption";"3.94634148616619";"l/100km"
"1669.690415";"Fuel used (total)";"39.2436430918342";"l"
"1669.6908905";"Fuel used price";"0.0452806484884842";"€"
"1669.6922299";"Average fuel consumption km/l.";"25.3399256882729";"km/l."
"1669.6940037";"Fuel used price (total)";"50.6242995884661";"€"
"1670.0677651";"Engine RPM";"826";"rpm"
"1670.5806878";"Vehicle speed";"18";"km/h"
"1670.582346";"Calculated instant fuel consumption";"3.05555560108688";"l/100km"
"1670.5848746";"Distance travelled";"0.8966434905";"km"
"1670.5855019";"Vehicle acceleration";"-0.328522321054877";"m_sec2"
"1670.5872253";"Calculated instant fuel consumption km/l.";"32.7272722395984";"km/l."
"1670.5898524";"Average speed";"34.9760158427677";"km/h"
"1670.5905479";"Distance travelled (total)";"1007.11160189406";"km"
"1670.5948083";"Average fuel consumption (total)";"3.89665286528617";"l/100km"
"1670.6250756";"Distance to empty";"0";"km"
"1670.9610067";"Absolute pedal position D";"7";"%"
"1671.3440167";"Engine fuel rate";"0.550000008195639";"l/h"
"1671.3456406";"Calculated instant fuel rate";"0.550000008195639";"l/h"
"1671.3465181";"Fuel used";"0.0353545803712687";"l"
"1671.3470059";"Instant engine power (based on fuel consumption)";"1.79112269335647";"hp"
"1671.347514";"Average fuel consumption";"3.94299191884545";"l/100km"
"1671.3478948";"Fuel used (total)";"39.2438963943074";"l"
"1671.3482642";"Fuel used price";"0.0456074086789367";"€"
"1671.3508087";"Average fuel consumption km/l.";"25.3614519274189";"km/l."
"1671.3516047";"Fuel used price (total)";"50.6246263486565";"€"
"1671.8535684";"Engine RPM";"825";"rpm"
"1672.2361925";"Vehicle speed";"16";"km/h"
"1672.2378699";"Calculated instant fuel consumption";"3.43750005122274";"l/100km"
"1672.2383298";"Distance travelled";"0.903992152722222";"km"
"1672.2391007";"Vehicle acceleration";"-0.335977069699384";"m_sec2"
"1672.2411244";"Calculated instant fuel consumption km/l.";"29.0909086574208";"km/l."
"1672.2431185";"Average speed";"34.6421184414134";"km/h"
"1672.243683";"Distance travelled (total)";"1007.11895055628";"km"
"1672.2486716";"Average fuel consumption (total)";"3.89664958370917";"l/100km"
"1672.2713106";"Distance to empty";"0";"km"
"1673.0015249";"Absolute pedal position D";"7";"%"
"1673.5107203";"Engine fuel rate";"0.550000008195639";"l/h"
"1673.5120089";"Calculated instant fuel rate";"0.550000008195639";"l/h"
"1673.512559";"Fuel used";"0.0356855027261999";"l"
"1673.513141";"Instant engine power (based on fuel consumption)";"1.79112269335647";"hp"
"1673.5144689";"Average fuel consumption";"3.94754563064944";"l/100km"
"1673.5150494";"Fuel used (total)";"39.2442273166623";"l"
"1673.5154302";"Fuel used price";"0.0460342985167978";"€"
"1673.5168618";"Average fuel consumption km/l.";"25.3321960925752";"km/l."
"1673.5178349";"Fuel used price (total)";"50.6250532384944";"€"
"1674.021369";"Engine RPM";"824";"rpm"
"1674.404618";"Vehicle speed";"13";"km/h"
"1674.4067049";"Calculated instant fuel consumption";"4.2307692938126";"l/100km"
"1674.4076488";"Distance travelled";"0.911825791666666";"km"
"1674.4082151";"Vehicle acceleration";"-0.384175060891747";"m_sec2"
"1674.4112975";"Calculated instant fuel consumption km/l.";"23.6363632841544";"km/l."
"1674.4131981";"Average speed";"34.1533551391814";"km/h"
"1674.4135882";"Distance travelled (total)";"1007.12678419522";"km"
"1674.4195924";"Average fuel consumption (total)";"3.89665213283169";"l/100km"
"1674.4387404";"Distance to empty";"0";"km"
"1674.9131141";"Absolute pedal position D";"7";"%"
"1675.2955708";"Engine fuel rate";"0.550000008195639";"l/h"
"1675.2971028";"Calculated instant fuel rate";"0.550000008195639";"l/h"
"1675.2976821";"Fuel used";"0.0359582287094305";"l"
"1675.2981707";"Instant engine power (based on fuel consumption)";"1.79112269335647";"hp"
"1675.2996236";"Average fuel consumption";"3.9435415227403";"l/100km"
"1675.3004183";"Fuel used (total)";"39.2445000426456";"l"
"1675.3007986";"Fuel used price";"0.0463861150351653";"€"
"1675.3024753";"Average fuel consumption km/l.";"25.3579173500148";"km/l."
"1675.3037603";"Fuel used price (total)";"50.6254050550127";"€"
"1675.8078686";"Engine RPM";"824";"rpm"
"1676.3153086";"Vehicle speed";"10";"km/h"
"1676.3168598";"Calculated instant fuel consumption";"5.50000008195639";"l/100km"
"1676.3172761";"Distance travelled";"0.9171303";"km"
"1676.3183357";"Vehicle acceleration";"-0.436345865186582";"m_sec2"
"1676.319972";"Calculated instant fuel consumption km/l.";"18.181817910888";"km/l."
"1676.3218618";"Average speed";"33.6831300538367";"km/h"
"1676.3225377";"Distance travelled (total)";"1007.13208870356";"km"
"1676.3269397";"Average fuel consumption (total)";"3.89665868884821";"l/100km"
"1676.3612805";"Distance to empty";"0";"km"
"1676.6981142";"Absolute pedal position D";"7";"%"
"1677.0735859";"Engine fuel rate";"0.550000008195639";"l/h"
"1677.0750164";"Calculated instant fuel rate";"0.550000008195639";"l/h"
"1677.0757698";"Fuel used";"0.0362298804357006";"l"
"1677.0773714";"Instant engine power (based on fuel consumption)";"1.79112269335647";"hp"
"1677.0790049";"Average fuel consumption";"3.95035257647694";"l/100km"
"1677.0797906";"Fuel used (total)";"39.2447716943718";"l"
"1677.0799952";"Fuel used price";"0.0467365457620538";"€"
"1677.0806842";"Average fuel consumption km/l.";"25.3141961544059";"km/l."
"1677.0811054";"Fuel used price (total)";"50.6257554857396";"€"
"1677.5879715";"Engine RPM";"823";"rpm"
"1677.7875885";"Vehicle speed";"7";"km/h"
"1677.7896601";"Calculated instant fuel consumption";"7.85714297422341";"l/100km"
"1677.7902933";"Distance travelled";"0.919994470944444";"km"
"1677.7909671";"Vehicle acceleration";"-0.565751913712423";"m_sec2"
"1677.7927432";"Calculated instant fuel consumption km/l.";"12.7272725376216";"km/l."
"1677.7939724";"Average speed";"33.2883876631328";"km/h"
"1677.7943479";"Distance travelled (total)";"1007.1349528745";"km"
"1677.8002615";"Average fuel consumption (total)";"3.89667457994203";"l/100km"
"1677.8339038";"Distance to empty";"0";"km"
"1677.8458675";"Absolute pedal position D";"7";"%"
"1677.9447863";"Engine fuel rate";"0.550000008195639";"l/h"
"1677.9464854";"Calculated instant fuel rate";"0.550000008195639";"l/h"
"1677.9472301";"Fuel used";"0.0363630192279623";"l"
"1677.9477827";"Instant engine power (based on fuel consumption)";"1.79112269335647";"hp"
"1677.9494774";"Average fuel consumption";"3.95252584405566";"l/100km"
"1677.9507669";"Fuel used (total)";"39.2449048331641";"l"
"1677.9511602";"Fuel used price";"0.0469082948040714";"€"
"1677.9544043";"Average fuel consumption km/l.";"25.300277327824";"km/l."
"1677.9550501";"Fuel used price (total)";"50.6259272347817";"€"
"1678.0162716";"Engine RPM";"827";"rpm"
"1678.070906";"Vehicle speed";"7";"km/h"
"1678.0729352";"Calculated instant fuel consumption";"7.85714297422341";"l/100km"
"1678.0731494";"Distance travelled";"0.920544486027777";"km"
"1678.0734888";"Vehicle acceleration";"-0.565751913712423";"m_sec2"
"1678.0745602";"Calculated instant fuel consumption km/l.";"12.7272725376216";"km/l."
"1678.0751213";"Average speed";"33.21440432126";"km/h"
"1678.075296";"Distance travelled (total)";"1007.13550288958";"km"
"1678.0758749";"Average fuel consumption (total)";"3.89668567144799";"l/100km"
"1678.0762843";"Distance to empty";"0";"km"
"1678.1576301";"Absolute pedal position D";"7";"%"
"1678.2130293";"Engine fuel rate";"0.550000008195639";"l/h"
"1678.2149868";"Calculated instant fuel rate";"0.550000008195639";"l/h"
"1678.2157632";"Fuel used";"0.0364040443549625";"l"
"1678.2164555";"Instant engine power (based on fuel consumption)";"1.79112269335647";"hp"
"1678.2182179";"Average fuel consumption";"3.95462086922587";"l/100km"
"1678.2191567";"Fuel used (total)";"39.2449458582911";"l"
"1678.2198311";"Fuel used price";"0.0469612172179017";"€"
"1678.2210929";"Average fuel consumption km/l.";"25.2868740915675";"km/l."
"1678.2219482";"Fuel used price (total)";"50.6259801571955";"€"
"1678.2669273";"Engine RPM";"826";"rpm"
"1678.3655376";"Vehicle speed";"6";"km/h"
"1678.3672992";"Calculated instant fuel consumption";"9.16666680326064";"l/100km"
"1678.3678085";"Distance travelled";"0.921035562527777";"km"
"1678.3689464";"Vehicle acceleration";"-0.480604346508813";"m_sec2"
"1678.3707207";"Calculated instant fuel consumption km/l.";"10.9090907465328";"km/l."
"1678.37329";"Average speed";"33.1331447430434";"km/h"
"1678.3738513";"Distance travelled (total)";"1007.13599396608";"km"
"1678.3776591";"Average fuel consumption (total)";"3.89668784488033";"l/100km"
"1678.4008747";"Distance to empty";"0";"km"
"1678.4247736";"Absolute pedal position D";"7";"%"
"1678.4790662";"Engine fuel rate";"0.550000008195639";"l/h"
"1678.4805069";"Calculated instant fuel rate";"0.550000008195639";"l/h"
"1678.481081";"Fuel used";"0.0364445779194554";"l"
"1678.481869";"Instant engine power (based on fuel consumption)";"1.79112269335647";"hp"
"1678.4826607";"Average fuel consumption";"3.95691321835972";"l/100km"
"1678.4831322";"Fuel used (total)";"39.2449863918556";"l"
"1678.4835325";"Fuel used price";"0.0470135055160975";"€"
"1678.4851642";"Average fuel consumption km/l.";"25.2722247068773";"km/l."
"1678.4874608";"Fuel used price (total)";"50.6260324454937";"€"
"1678.5758594";"Engine RPM";"826";"rpm"
"1678.6348259";"Vehicle speed";"6";"km/h"
"1678.6364747";"Calculated instant fuel consumption";"9.16666680326064";"l/100km"
"1678.6370151";"Distance travelled";"0.921484235527777";"km"
"1678.6375747";"Vehicle acceleration";"-0.480604346508813";"m_sec2"
"1678.6391244";"Calculated instant fuel consumption km/l.";"10.9090907465328";"km/l."
"1678.6411216";"Average speed";"33.060792046243";"km/h"
"1678.6415096";"Distance travelled (total)";"1007.13644263908";"km"
"1678.6445943";"Average fuel consumption (total)";"3.89669013356509";"l/100km"
"1678.6466089";"Distance to empty";"0";"km"
"1678.6863821";"Absolute pedal position D";"7";"%"
"1678.7336959";"Engine fuel rate";"0.550000008195639";"l/h"
"1678.7358884";"Calculated instant fuel rate";"0.550000008195639";"l/h"
"1678.7382341";"Fuel used";"0.0364838644505964";"l"
"1678.7386666";"Instant engine power (based on fuel consumption)";"1.79112269335647";"hp"
"1678.7391392";"Average fuel consumption";"3.95924998431475";"l/100km"
"1678.7395847";"Fuel used (total)";"39.2450256783867";"l"
"1678.7399556";"Fuel used price";"0.0470641851412693";"€"
"1678.7411069";"Average fuel consumption km/l.";"25.257308933805";"km/l."
"1678.7416316";"Fuel used price (total)";"50.6260831251189";"€"
"1678.8078987";"Engine RPM";"824";"rpm"
"1678.891235";"Vehicle speed";"5";"km/h"
"1678.8933176";"Calculated instant fuel consumption";"11.0000001639128";"l/100km"
"1678.8937594";"Distance travelled";"0.921840815944444";"km"
"1678.8943056";"Vehicle acceleration";"-0.528725889042008";"m_sec2"
"1678.8984631";"Calculated instant fuel consumption km/l.";"9.09090895544399";"km/l."
"1678.9003886";"Average speed";"32.9883501592003";"km/h"
"1678.9007801";"Distance travelled (total)";"1007.1367992195";"km"
"1678.9042297";"Average fuel consumption (total)";"3.89669265474168";"l/100km"
"1678.9354513";"Distance to empty";"0";"km"
"1678.9421558";"Absolute pedal position D";"7";"%"
"1679.0111442";"Engine fuel rate";"0.550000008195639";"l/h"
"1679.0130624";"Calculated instant fuel rate";"0.550000008195639";"l/h"
"1679.0137287";"Fuel used";"0.0365259532623347";"l"
"1679.0141209";"Instant engine power (based on fuel consumption)";"1.79112269335647";"hp"
"1679.0157798";"Average fuel consumption";"3.9622842285317";"l/100km"
"1679.0163261";"Fuel used (total)";"39.2450677671985";"l"
"1679.0167152";"Fuel used price";"0.0471184797084117";"€"
"1679.0179046";"Average fuel consumption km/l.";"25.2379673522454";"km/l."
"1679.0184284";"Fuel used price (total)";"50.626137419686";"€"
"1679.0612262";"Engine RPM";"822";"rpm"
"1679.153279";"Vehicle speed";"5";"km/h"
"1679.1551489";"Calculated instant fuel consumption";"11.0000001639128";"l/100km"
"1679.1558006";"Distance travelled";"0.922204755805555";"km"
"1679.1565929";"Vehicle acceleration";"-0.528725889042008";"m_sec2"
"1679.1581349";"Calculated instant fuel consumption km/l.";"9.09090895544399";"km/l."
"1679.1602354";"Average speed";"32.9163740001883";"km/h"
"1679.1608743";"Distance travelled (total)";"1007.13716315936";"km"
"1679.1621903";"Average fuel consumption (total)";"3.8966954256844";"l/100km"
"1679.1633507";"Distance to empty";"0";"km"
"1679.21113";"Absolute pedal position D";"7";"%"
"1679.2653518";"Engine fuel rate";"0.550000008195639";"l/h"
"1679.2672644";"Calculated instant fuel rate";"0.550000008195639";"l/h"
"1679.2681378";"Fuel used";"0.0365648204948583";"l"
"1679.2691737";"Instant engine power (based on fuel consumption)";"1.79112269335647";"hp"
"1679.2709933";"Average fuel consumption";"3.96493514750079";"l/100km"
"1679.2717111";"Fuel used (total)";"39.245106634431";"l"
"1679.2721803";"Fuel used price";"0.0471686184383672";"€"
"1679.2738496";"Average fuel consumption km/l.";"25.2210934806923";"km/l."
"1679.2748104";"Fuel used price (total)";"50.626187558416";"€"
"1679.3656284";"Engine RPM";"823";"rpm"
"1679.4305277";"Vehicle speed";"4";"km/h"
"1679.4312239";"Calculated instant fuel consumption";"13.750000204891";"l/100km"
"1679.4314415";"Distance travelled";"0.922511024583333";"km"
"1679.4322304";"Vehicle acceleration";"-0.516324209471493";"m_sec2"
"1679.4332199";"Calculated instant fuel consumption km/l.";"7.27272716435519";"km/l."
"1679.4343318";"Average speed";"32.8380297186253";"km/h"
"1679.4349435";"Distance travelled (total)";"1007.13746942814";"km"
"1679.4375768";"Average fuel consumption (total)";"3.89669809988448";"l/100km"
"1679.4594434";"Distance to empty";"0";"km"
"1679.480824";"Absolute pedal position D";"7";"%"
"1679.5277851";"Engine fuel rate";"0.550000008195639";"l/h"
"1679.5295784";"Calculated instant fuel rate";"0.550000008195639";"l/h"
"1679.5313695";"Fuel used";"0.0366050355940686";"l"
"1679.532049";"Instant engine power (based on fuel consumption)";"1.79112269335647";"hp"
"1679.533552";"Average fuel consumption";"3.96797811826714";"l/100km"
"1679.5340728";"Fuel used (total)";"39.2451468495302";"l"
"1679.5344583";"Fuel used price";"0.0472204959163486";"€"
"1679.5362818";"Average fuel consumption km/l.";"25.2017518795368";"km/l."
"1679.5368263";"Fuel used price (total)";"50.6262394358939";"€"
"1679.5794771";"Engine RPM";"826";"rpm"
"1679.6334094";"Vehicle speed";"4";"km/h"
"1679.635348";"Calculated instant fuel consumption";"13.750000204891";"l/100km"
"1679.6361181";"Distance travelled";"0.922738432361111";"km"
"1679.636632";"Vehicle acceleration";"-0.516324209471493";"m_sec2"
"1679.637405";"Calculated instant fuel consumption km/l.";"7.27272716435519";"km/l."
"1679.6394003";"Average speed";"32.7796483395028";"km/h"
"1679.6396196";"Distance travelled (total)";"1007.13769683592";"km"
"1679.6404897";"Average fuel consumption (total)";"3.89670121303423";"l/100km"
"1679.6407144";"Distance to empty";"0";"km"
"1679.6845846";"Absolute pedal position D";"7";"%"
"1679.7451137";"Engine fuel rate";"0.550000008195639";"l/h"
"1679.7472591";"Calculated instant fuel rate";"0.550000008195639";"l/h"
"1679.7478288";"Fuel used";"0.0366381049098392";"l"
"1679.7482562";"Instant engine power (based on fuel consumption)";"1.79112269335647";"hp"
"1679.7487325";"Average fuel consumption";"3.97058403821864";"l/100km"
"1679.7491072";"Fuel used (total)";"39.245179918846";"l"
"1679.7496553";"Fuel used price";"0.0472631553336926";"€"
"1679.7510168";"Average fuel consumption km/l.";"25.1852118069925";"km/l."
"1679.751573";"Fuel used price (total)";"50.6262820953113";"€"
"1679.8001736";"Engine RPM";"823";"rpm"
"1679.8517578";"Vehicle speed";"3";"km/h"
"1679.8548157";"Calculated instant fuel consumption";"18.3333336065213";"l/100km"
"1679.8555237";"Distance travelled";"0.922921266111111";"km"
"1679.8569965";"Vehicle acceleration";"-0.654056458153468";"m_sec2"
"1679.8585521";"Calculated instant fuel consumption km/l.";"5.45454537326639";"km/l."
"1679.935259";"Average speed";"32.6907010586018";"km/h"
"1679.9354501";"Distance travelled (total)";"1007.13787966967";"km"
"1679.9382494";"Average fuel consumption (total)";"3.89670378912945";"l/100km"
"1679.9613781";"Distance to empty";"0";"km"
"1679.9620215";"Absolute pedal position D";"7";"%"
"1680.0483566";"Engine fuel rate";"0.550000008195639";"l/h"
"1680.0504695";"Calculated instant fuel rate";"0.550000008195639";"l/h"
"1680.0510858";"Fuel used";"0.036684434954974";"l"
"1680.0514807";"Instant engine power (based on fuel consumption)";"1.79112269335647";"hp"
"1680.0520574";"Average fuel consumption";"3.9748173871375";"l/100km"
"1680.0524016";"Fuel used (total)";"39.2452262488911";"l"
"1680.0528138";"Fuel used price";"0.0473229210919165";"€"
"1680.0539166";"Average fuel consumption km/l.";"25.1583884893932";"km/l."
"1680.0544163";"Fuel used price (total)";"50.6263418610695";"€"
"1680.1505916";"Engine RPM";"826";"rpm"
"1680.2051636";"Vehicle speed";"3";"km/h"
"1680.2063266";"Calculated instant fuel consumption";"18.3333336065213";"l/100km"
"1680.2066467";"Distance travelled";"0.923213868361111";"km"
"1680.2069117";"Vehicle acceleration";"-0.654056458153468";"m_sec2"
"1680.2076933";"Calculated instant fuel consumption km/l.";"5.45454537326639";"km/l."
"1680.2089924";"Average speed";"32.613236826416";"km/h"
"1680.2093031";"Distance travelled (total)";"1007.13817227192";"km"
"1680.2102676";"Average fuel consumption (total)";"3.89670725719403";"l/100km"
"1680.2105068";"Distance to empty";"0";"km"
"1680.2700883";"Absolute pedal position D";"7";"%"
"1680.3608588";"Engine fuel rate";"0.550000008195639";"l/h"
"1680.3631183";"Calculated instant fuel rate";"0.550000008195639";"l/h"
"1680.3646565";"Fuel used";"0.0367323399709656";"l"
"1680.3652386";"Instant engine power (based on fuel consumption)";"1.79112269335647";"hp"
"1680.3658396";"Average fuel consumption";"3.97874655372897";"l/100km"
"1680.3662838";"Fuel used (total)";"39.2452741539071";"l"
"1680.3666276";"Fuel used price";"0.0473847185625457";"€"
"1680.3690165";"Average fuel consumption km/l.";"25.1335436046505";"km/l."
"1680.3696929";"Fuel used price (total)";"50.6264036585401";"€"
"1680.4237815";"Engine RPM";"821";"rpm"
"1680.4747247";"Vehicle speed";"2";"km/h"
"1680.4763488";"Calculated instant fuel consumption";"27.5000004097819";"l/100km"
"1680.4768041";"Distance travelled";"0.92336395475";"km"
"1680.4770655";"Vehicle acceleration";"-0.447928251211064";"m_sec2"
"1680.477865";"Calculated instant fuel consumption km/l.";"3.6363635821776";"km/l."
"1680.4784029";"Average speed";"32.5325231949981";"km/h"
"1680.4786849";"Distance travelled (total)";"1007.13832235831";"km"
"1680.4818816";"Average fuel consumption (total)";"3.89671143304434";"l/100km"
"1680.4976848";"Distance to empty";"0";"km"
"1680.5698218";"Absolute pedal position D";"7";"%"
"1680.6249333";"Engine fuel rate";"0.550000008195639";"l/h"
"1680.6257841";"Calculated instant fuel rate";"0.550000008195639";"l/h"
"1680.6262975";"Fuel used";"0.0367723131923946";"l"
"1680.6265358";"Instant engine power (based on fuel consumption)";"1.79112269335647";"hp"
"1680.6270973";"Average fuel consumption";"3.98242892233656";"l/100km"
"1680.6273578";"Fuel used (total)";"39.2453141271285";"l"
"1680.6276219";"Fuel used price";"0.0474362840181891";"€"
"1680.6283883";"Average fuel consumption km/l.";"25.1103037744434";"km/l."
"1680.6289806";"Fuel used price (total)";"50.6264552239958";"€"
"1680.6889448";"Engine RPM";"824";"rpm"
"1680.756447";"Vehicle speed";"2";"km/h"
"1680.7580962";"Calculated instant fuel consumption";"27.5000004097819";"l/100km"
"1680.7584384";"Distance travelled";"0.92352041125";"km"
"1680.7589934";"Vehicle acceleration";"-0.447928251211064";"m_sec2"
"1680.7606619";"Calculated instant fuel consumption km/l.";"3.6363635821776";"km/l."
"1680.7612131";"Average speed";"32.4482274090871";"km/h"
"1680.7613766";"Distance travelled (total)";"1007.13847881481";"km"
"1680.7639869";"Average fuel consumption (total)";"3.89671479668934";"l/100km"
"1680.7644516";"Distance to empty";"0";"km"
"1680.8399101";"Absolute pedal position D";"7";"%"
"1680.8910217";"Engine fuel rate";"0.550000008195639";"l/h"
"1680.8917994";"Calculated instant fuel rate";"0.550000008195639";"l/h"
"1680.8921067";"Fuel used";"0.0368129228707775";"l"
"1680.8925509";"Instant engine power (based on fuel consumption)";"1.79112269335647";"hp"
"1680.893095";"Average fuel consumption";"3.98615151569316";"l/100km"
"1680.8932744";"Fuel used (total)";"39.2453547368069";"l"
"1680.8934204";"Fuel used price";"0.047488670503303";"€"
"1680.8945143";"Average fuel consumption km/l.";"25.0868537250298";"km/l."
"1680.8950775";"Fuel used price (total)";"50.6265076104809";"€"
"1680.9528079";"Engine RPM";"822";"rpm"
"1681.0452314";"Vehicle speed";"2";"km/h"
"1681.0474421";"Calculated instant fuel consumption";"27.5000004097819";"l/100km"
"1681.0478743";"Distance travelled";"0.923681209305555";"km"
"1681.048578";"Vehicle acceleration";"0";"m_sec2"
"1681.050097";"Calculated instant fuel consumption km/l.";"3.6363635821776";"km/l."
"1681.0511508";"Average speed";"32.3623158376044";"km/h"
"1681.0515057";"Distance travelled (total)";"1007.13863961286";"km"
"1681.052705";"Average fuel consumption (total)";"3.89671820672997";"l/100km"
"1681.0531394";"Distance to empty";"0";"km"
"1681.1020123";"Absolute pedal position D";"7";"%"
"1681.1488795";"Engine fuel rate";"0.550000008195639";"l/h"
"1681.150662";"Calculated instant fuel rate";"0.550000008195639";"l/h"
"1681.1512792";"Fuel used";"0.0368525173102564";"l"
"1681.1518763";"Instant engine power (based on fuel consumption)";"1.79112269335647";"hp"
"1681.1535918";"Average fuel consumption";"3.98974418219063";"l/100km"
"1681.1541511";"Fuel used (total)";"39.2453943312464";"l"
"1681.1546447";"Fuel used price";"0.0475397473302308";"€"
"1681.1558211";"Average fuel consumption km/l.";"25.0642636303297";"km/l."
"1681.1572025";"Fuel used price (total)";"50.6265586873078";"€"
"1681.207294";"Engine RPM";"826";"rpm"
"1681.2615629";"Vehicle speed";"1";"km/h"
"1681.2637553";"Calculated instant fuel consumption";"55.0000008195639";"l/100km"
"1681.2641695";"Distance travelled";"0.923741289638888";"km"
"1681.2646701";"Vehicle acceleration";"-1.28540123542484";"m_sec2"
"1681.2670469";"Calculated instant fuel consumption km/l.";"1.8181817910888";"km/l."
"1681.2686947";"Average speed";"32.2960495697903";"km/h"
"1681.2690445";"Distance travelled (total)";"1007.1386996932";"km"
"1681.2731546";"Average fuel consumption (total)";"3.89672190565229";"l/100km"
"1681.2852076";"Distance to empty";"0";"km"
"1681.3119303";"Absolute pedal position D";"7";"%"
"1681.3616302";"Engine fuel rate";"0.550000008195639";"l/h"
"1681.363459";"Calculated instant fuel rate";"0.550000008195639";"l/h"
"1681.3655269";"Fuel used";"0.0368852472760219";"l"
"1681.3664507";"Instant engine power (based on fuel consumption)";"1.79112269335647";"hp"
"1681.3670201";"Average fuel consumption";"3.99302788451095";"l/100km"
"1681.3673674";"Fuel used (total)";"39.2454270612121";"l"
"1681.3677127";"Fuel used price";"0.0475819689860683";"€"
"1681.3691225";"Average fuel consumption km/l.";"25.0436518081685";"km/l."
"1681.3697099";"Fuel used price (total)";"50.6266009089637";"€"
"1681.4250898";"Engine RPM";"826";"rpm"
"1681.5156077";"Vehicle speed";"1";"km/h"
"1681.5174579";"Calculated instant fuel consumption";"55.0000008195639";"l/100km"
"1681.5179553";"Distance travelled";"0.923811784333333";"km"
"1681.5184782";"Vehicle acceleration";"-1.28540123542484";"m_sec2"
"1681.5207686";"Calculated instant fuel consumption km/l.";"1.8181817910888";"km/l."
"1681.5221536";"Average speed";"32.2192055260762";"km/h"
"1681.5225024";"Distance travelled (total)";"1007.13877018789";"km"
"1681.5245799";"Average fuel consumption (total)";"3.8967248826982";"l/100km"
"1681.5254101";"Distance to empty";"0";"km"
"1681.5714507";"Absolute pedal position D";"7";"%"
"1681.6265091";"Engine fuel rate";"0.550000008195639";"l/h"
"1681.6281763";"Calculated instant fuel rate";"0.550000008195639";"l/h"
"1681.6288778";"Fuel used";"0.0369254803266214";"l"
"1681.6293586";"Instant engine power (based on fuel consumption)";"1.79112269335647";"hp"
"1681.6321328";"Average fuel consumption";"3.99707829590728";"l/100km"
"1681.6330663";"Fuel used (total)";"39.2454672942627";"l"
"1681.6335474";"Fuel used price";"0.0476338696213416";"€"
"1681.6350004";"Average fuel consumption km/l.";"25.0182739983835";"km/l."
"1681.635511";"Fuel used price (total)";"50.6266528095989";"€"
"1681.67408";"Engine RPM";"824";"rpm"
"1681.7797785";"Vehicle speed";"1";"km/h"
"1681.7819952";"Calculated instant fuel consumption";"55.0000008195639";"l/100km"
"1681.7824318";"Distance travelled";"0.923885248444444";"km"
"1681.7831476";"Vehicle acceleration";"0";"m_sec2"
"1681.7845551";"Calculated instant fuel consumption km/l.";"1.8181817910888";"km/l."
"1681.7871615";"Average speed";"32.1392560063394";"km/h"
"1681.7875662";"Distance travelled (total)";"1007.138843652";"km"
"1681.7887994";"Average fuel consumption (total)";"3.89672859324482";"l/100km"
"1681.789386";"Distance to empty";"0";"km"
"1681.838646";"Absolute pedal position D";"7";"%"
"1681.8940524";"Engine fuel rate";"0.550000008195639";"l/h"
"1681.8956185";"Calculated instant fuel rate";"0.550000008195639";"l/h"
"1681.8971159";"Fuel used";"0.0369664614994543";"l"
"1681.8974999";"Instant engine power (based on fuel consumption)";"1.79112269335647";"hp"
"1681.898757";"Average fuel consumption";"4.0011962050152";"l/100km"
"1681.8994273";"Fuel used (total)";"39.2455082754356";"l"
"1681.8998139";"Fuel used price";"0.0476867353342961";"€"
"1681.9009196";"Average fuel consumption km/l.";"24.9925259537779";"km/l."
"1681.9027772";"Fuel used price (total)";"50.6267056753119";"€"
"1681.9486181";"Engine RPM";"823";"rpm"
"1681.9960749";"Vehicle speed";"1";"km/h"
"1681.9972892";"Calculated instant fuel consumption";"55.0000008195639";"l/100km"
"1681.9975664";"Distance travelled";"0.923945008194444";"km"
"1681.9978844";"Vehicle acceleration";"0";"m_sec2"
"1681.9987837";"Calculated instant fuel consumption km/l.";"1.8181817910888";"km/l."
"1682.0001934";"Average speed";"32.0752906718984";"km/h"
"1682.0004562";"Distance travelled (total)";"1007.13890341175";"km"
"1682.0010957";"Average fuel consumption (total)";"3.89673243109652";"l/100km"
"1682.0015683";"Distance to empty";"0";"km"
"1682.0461487";"Absolute pedal position D";"7";"%"
"1682.1002296";"Engine fuel rate";"0.550000008195639";"l/h"
"1682.1020788";"Calculated instant fuel rate";"0.550000008195639";"l/h"
"1682.1042606";"Fuel used";"0.0369981070332592";"l"
"1682.1047803";"Instant engine power (based on fuel consumption)";"1.79112269335647";"hp"
"1682.1052845";"Average fuel consumption";"4.00436245719431";"l/100km"
"1682.1056367";"Fuel used (total)";"39.2455399209694";"l"
"1682.1060593";"Fuel used price";"0.0477275580729044";"€"
"1682.1074725";"Average fuel consumption km/l.";"24.9727643461291";"km/l."
"1682.1080021";"Fuel used price (total)";"50.6267464980505";"€"
"1682.1524123";"Engine RPM";"822";"rpm"
"1682.2039756";"Vehicle speed";"1";"km/h"
"1682.2055055";"Calculated instant fuel consumption";"55.0000008195639";"l/100km"
"1682.2064089";"Distance travelled";"0.924003017277777";"km"
"1682.2069225";"Vehicle acceleration";"0";"m_sec2"
"1682.2096461";"Calculated instant fuel consumption km/l.";"1.8181817910888";"km/l."
"1682.2109515";"Average speed";"32.0122571418117";"km/h"
"1682.211302";"Distance travelled (total)";"1007.13896142083";"km"
"1682.2129424";"Average fuel consumption (total)";"3.89673534877483";"l/100km"
"1682.213384";"Distance to empty";"0";"km"
"1682.2563923";"Absolute pedal position D";"7";"%"
"1682.3085137";"Engine fuel rate";"0.550000008195639";"l/h"
"1682.3099357";"Calculated instant fuel rate";"0.550000008195639";"l/h"
"1682.3115157";"Fuel used";"0.0370297702892866";"l"
"1682.3121485";"Instant engine power (based on fuel consumption)";"1.79112269335647";"hp"
"1682.3126923";"Average fuel consumption";"4.00753781068602";"l/100km"
"1682.3130492";"Fuel used (total)";"39.2455715842254";"l"
"1682.313392";"Fuel used price";"0.0477684036731797";"€"
"1682.315753";"Average fuel consumption km/l.";"24.9529772952739";"km/l."
"1682.3164913";"Fuel used price (total)";"50.6267873436508";"€"
"1682.361312";"Engine RPM";"823";"rpm"
"1682.4116822";"Vehicle speed";"1";"km/h"
"1682.4138778";"Calculated instant fuel consumption";"55.0000008195639";"l/100km"
"1682.4146724";"Distance travelled";"0.924060866611111";"km"
"1682.4152005";"Vehicle acceleration";"0";"m_sec2"
"1682.4168094";"Calculated instant fuel consumption km/l.";"1.8181817910888";"km/l."
"1682.4196976";"Average speed";"31.9500783308344";"km/h"
"1682.4202051";"Distance travelled (total)";"1007.13901927017";"km"
"1682.4219039";"Average fuel consumption (total)";"3.89673826883056";"l/100km"
"1682.4223592";"Distance to empty";"0";"km"
"1682.5131911";"Absolute pedal position D";"7";"%"
"1682.5672423";"Engine fuel rate";"0.550000008195639";"l/h"
"1682.5689506";"Calculated instant fuel rate";"0.550000008195639";"l/h"
"1682.5698326";"Fuel used";"0.0370692350051524";"l"
"1682.5704592";"Instant engine power (based on fuel consumption)";"1.79112269335647";"hp"
"1682.5724042";"Average fuel consumption";"4.01155771709062";"l/100km"
"1682.5728414";"Fuel used (total)";"39.2456110489413";"l"
"1682.5731902";"Fuel used price";"0.0478193131566466";"€"
"1682.5747436";"Average fuel consumption km/l.";"24.9279723868775";"km/l."
"1682.5752612";"Fuel used price (total)";"50.6268382531342";"€"
"1682.6277986";"Engine RPM";"828";"rpm"
"1682.6843557";"Vehicle speed";"1";"km/h"
"1682.6861835";"Calculated instant fuel consumption";"55.0000008195639";"l/100km"
"1682.6868138";"Distance travelled";"0.924136460388888";"km"
"1682.6875145";"Vehicle acceleration";"0";"m_sec2"
"1682.6901634";"Calculated instant fuel consumption km/l.";"1.8181817910888";"km/l."
"1682.6915182";"Average speed";"31.869491339779";"km/h"
"1682.6918779";"Distance travelled (total)";"1007.13909486395";"km"
"1682.6935027";"Average fuel consumption (total)";"3.89674189484651";"l/100km"
"1682.6939667";"Distance to empty";"0";"km"
"1682.7779494";"Absolute pedal position D";"7";"%"
"1682.83428";"Engine fuel rate";"0.500000007450581";"l/h"
"1682.8360551";"Calculated instant fuel rate";"0.500000007450581";"l/h"
"1682.8367255";"Fuel used";"0.0371063010473714";"l"
"1682.8371044";"Instant engine power (based on fuel consumption)";"1.6282933575968";"hp"
"1682.8383191";"Average fuel consumption";"4.01524045829299";"l/100km"
"1682.8388191";"Fuel used (total)";"39.2456481149835";"l"
"1682.8392019";"Fuel used price";"0.0478671283511091";"€"
"1682.8405753";"Average fuel consumption km/l.";"24.9051086824606";"km/l."
"1682.8427016";"Fuel used price (total)";"50.6268860683287";"€"
"1682.887043";"Engine RPM";"827";"rpm"
"1682.9340253";"Vehicle speed";"1";"km/h"
"1682.9354312";"Calculated instant fuel consumption";"50.0000007450581";"l/100km"
"1682.9363513";"Distance travelled";"0.924205775111111";"km"
"1682.9368974";"Vehicle acceleration";"0";"m_sec2"
"1682.9386969";"Calculated instant fuel consumption km/l.";"1.99999997019768";"km/l."
"1682.9410866";"Average speed";"31.7958739513133";"km/h"
"1682.941554";"Distance travelled (total)";"1007.13916417867";"km"
"1682.9449879";"Average fuel consumption (total)";"3.8967453069893";"l/100km"
"1682.9548317";"Distance to empty";"0";"km"
"1682.9906028";"Absolute pedal position D";"7";"%"
"1683.0510705";"Engine fuel rate";"0.550000008195639";"l/h"
"1683.0528349";"Calculated instant fuel rate";"0.550000008195639";"l/h"
"1683.0536475";"Fuel used";"0.0371394424895319";"l"
"1683.0540214";"Instant engine power (based on fuel consumption)";"1.79112269335647";"hp"
"1683.055339";"Average fuel consumption";"4.01852525592225";"l/100km"
"1683.0558632";"Fuel used (total)";"39.2456812564257";"l"
"1683.0577809";"Fuel used price";"0.0479098808114962";"€"
"1683.0591869";"Average fuel consumption km/l.";"24.8847509052298";"km/l."
"1683.0613433";"Fuel used price (total)";"50.6269288207891";"€"
"1683.1185104";"Engine RPM";"826";"rpm"
"1683.1708126";"Vehicle speed";"1";"km/h"
"1683.171739";"Calculated instant fuel consumption";"55.0000008195639";"l/100km"
"1683.1720186";"Distance travelled";"0.924271238027777";"km"
"1683.1722888";"Vehicle acceleration";"0";"m_sec2"
"1683.1731111";"Calculated instant fuel consumption km/l.";"1.8181817910888";"km/l."
"1683.1736496";"Average speed";"31.7275805774113";"km/h"
"1683.1738128";"Distance travelled (total)";"1007.13922964158";"km"
"1683.1760179";"Average fuel consumption (total)";"3.89674834435674";"l/100km"
"1683.1839375";"Distance to empty";"0";"km"
"1683.2479626";"Absolute pedal position D";"7";"%"
"1683.300588";"Engine fuel rate";"0.550000008195639";"l/h"
"1683.3028295";"Calculated instant fuel rate";"0.550000008195639";"l/h"
"1683.3048598";"Fuel used";"0.0371778212914927";"l"
"1683.3052359";"Instant engine power (based on fuel consumption)";"1.79112269335647";"hp"
"1683.306213";"Average fuel consumption";"4.02239296884573";"l/100km"
"1683.3065898";"Fuel used (total)";"39.2457196352276";"l"
"1683.306946";"Fuel used price";"0.0479593894660256";"€"
"1683.3080719";"Average fuel consumption km/l.";"24.8608230907623";"km/l."
"1683.308573";"Fuel used price (total)";"50.6269783294436";"€"
"1683.3661316";"Engine RPM";"826";"rpm"
"1683.4290459";"Vehicle speed";"1";"km/h"
"1683.4307002";"Calculated instant fuel consumption";"55.0000008195639";"l/100km"
"1683.4311797";"Distance travelled";"0.924343223694444";"km"
"1683.4317284";"Vehicle acceleration";"0";"m_sec2"
"1683.4334337";"Calculated instant fuel consumption km/l.";"1.8181817910888";"km/l."
"1683.4345285";"Average speed";"31.6513392631623";"km/h"
"1683.4348797";"Distance travelled (total)";"1007.13930162725";"km"
"1683.4378056";"Average fuel consumption (total)";"3.8967518765098";"l/100km"
"1683.4385623";"Distance to empty";"0";"km"
"1683.5105695";"Absolute pedal position D";"7";"%"
"1683.5687963";"Engine fuel rate";"0.550000008195639";"l/h"
"1683.5702317";"Calculated instant fuel rate";"0.550000008195639";"l/h"
"1683.5708717";"Fuel used";"0.0372184613726538";"l"
"1683.5712481";"Instant engine power (based on fuel consumption)";"1.79112269335647";"hp"
"1683.5722257";"Average fuel consumption";"4.02647635841348";"l/100km"
"1683.5727749";"Fuel used (total)";"39.2457602753088";"l"
"1683.5733601";"Fuel used price";"0.0480118151707235";"€"
"1683.5745273";"Average fuel consumption km/l.";"24.8356108663214";"km/l."
"1683.5757461";"Fuel used price (total)";"50.6270307551483";"€"
"1683.6222617";"Engine RPM";"825";"rpm"
"1683.6754872";"Vehicle speed";"1";"km/h"
"1683.6771926";"Calculated instant fuel consumption";"55.0000008195639";"l/100km"
"1683.6781729";"Distance travelled";"0.924411831888888";"km"
"1683.6786975";"Vehicle acceleration";"0";"m_sec2"
"1683.6810429";"Calculated instant fuel consumption km/l.";"1.8181817910888";"km/l."
"1683.6830158";"Average speed";"31.5790563953237";"km/h"
"1683.6834001";"Distance travelled (total)";"1007.13937023545";"km"
"1683.6855306";"Average fuel consumption (total)";"3.8967556462552";"l/100km"
"1683.6864199";"Distance to empty";"0";"km"
"1683.7262783";"Absolute pedal position D";"7";"%"
"1683.7762689";"Engine fuel rate";"0.550000008195639";"l/h"
"1683.7779866";"Calculated instant fuel rate";"0.550000008195639";"l/h"
"1683.7796664";"Fuel used";"0.0372503589897958";"l"
"1683.7802344";"Instant engine power (based on fuel consumption)";"1.79112269335647";"hp"
"1683.7807206";"Average fuel consumption";"4.0296281056551";"l/100km"
"1683.7810796";"Fuel used (total)";"39.2457921729259";"l"
"1683.7814294";"Fuel used price";"0.0480529630968366";"€"
"1683.7845933";"Average fuel consumption km/l.";"24.8161858558764";"km/l."
"1683.7853601";"Fuel used price (total)";"50.6270719030744";"€"
"1683.8786503";"Engine RPM";"823";"rpm"
"1683.9486502";"Vehicle speed";"0";"km/h"
"1683.9507517";"Distance travelled";"0.924411831888888";"km"
"1683.9515739";"Vehicle acceleration";"-1.01798950330663";"m_sec2"
"1683.9532093";"Calculated instant fuel consumption km/l.";"0";"km/l."
"1683.9548245";"Average speed";"31.4978126827331";"km/h"
"1683.9553524";"Distance travelled (total)";"1007.13937023545";"km"
"1683.9598617";"Average fuel consumption (total)";"3.89675881340546";"l/100km"
"1683.9960643";"Distance to empty";"0";"km"
"1683.9987217";"Absolute pedal position D";"7";"%"
"1684.0482951";"Engine fuel rate";"0.550000008195639";"l/h"
"1684.049046";"Calculated instant fuel rate";"0.550000008195639";"l/h"
"1684.0493766";"Fuel used";"0.0372915652348543";"l"
"1684.0495992";"Instant engine power (based on fuel consumption)";"1.79112269335647";"hp"
"1684.0503297";"Average fuel consumption";"4.03408566922547";"l/100km"
"1684.0505522";"Fuel used (total)";"39.245833379171";"l"
"1684.0507364";"Fuel used price";"0.048106119152962";"€"
"1684.0515348";"Average fuel consumption km/l.";"24.7887645923989";"km/l."
"1684.0518228";"Fuel used price (total)";"50.6271250591305";"€"
"1684.1409674";"Engine RPM";"821";"rpm"
"1684.2461189";"Absolute pedal position D";"7";"%"
"1684.3073809";"Engine fuel rate";"0.550000008195639";"l/h"
"1684.3096675";"Calculated instant fuel rate";"0.550000008195639";"l/h"
"1684.3110889";"Fuel used";"0.0373315477910056";"l"
"1684.3116962";"Instant engine power (based on fuel consumption)";"1.79112269335647";"hp"
"1684.3122202";"Average fuel consumption";"4.03841085793164";"l/100km"
"1684.3126585";"Fuel used (total)";"39.2458733617271";"l"
"1684.3130221";"Fuel used price";"0.0481576966503973";"€"
"1684.3147829";"Average fuel consumption km/l.";"24.7622155144505";"km/l."
"1684.3153234";"Fuel used price (total)";"50.627176636628";"€"
"1684.3586139";"Engine RPM";"824";"rpm"
"1684.4038405";"Vehicle speed";"0";"km/h"
"1684.4093521";"Distance travelled";"0.924411831888888";"km"
"1684.4098766";"Vehicle acceleration";"-1.01798950330663";"m_sec2"
"1684.4153621";"Calculated instant fuel consumption km/l.";"0";"km/l."
"1684.4171812";"Average speed";"31.3605612554905";"km/h"
"1684.4173829";"Distance travelled (total)";"1007.13937023545";"km"
"1684.4180917";"Average fuel consumption (total)";"3.89676687473278";"l/100km"
"1684.4183291";"Distance to empty";"0";"km"
"1684.4686527";"Absolute pedal position D";"7";"%"
"1684.521477";"Engine fuel rate";"0.550000008195639";"l/h"
"1684.5234053";"Calculated instant fuel rate";"0.550000008195639";"l/h"
"1684.5242717";"Fuel used";"0.0373641162553798";"l"
"1684.5249804";"Instant engine power (based on fuel consumption)";"1.79112269335647";"hp"
"1684.5264279";"Average fuel consumption";"4.04193401322354";"l/100km"
"1684.5268971";"Fuel used (total)";"39.2459059301915";"l"
"1684.5274255";"Fuel used price";"0.04819970996944";"€"
"1684.5295656";"Average fuel consumption km/l.";"24.7406315077983";"km/l."
"1684.5322947";"Fuel used price (total)";"50.627218649947";"€"
"1684.5677818";"Engine RPM";"821";"rpm"
"1684.6657974";"Vehicle speed";"0";"km/h"
"1684.6687645";"Distance travelled";"0.924411831888888";"km"
"1684.6693905";"Vehicle acceleration";"0";"m_sec2"
"1684.6707741";"Calculated instant fuel consumption km/l.";"0";"km/l."
"1684.6729672";"Average speed";"31.2851709225213";"km/h"
"1684.673351";"Distance travelled (total)";"1007.13937023545";"km"
"1684.6745033";"Average fuel consumption (total)";"3.89677010849221";"l/100km"
"1684.6749599";"Distance to empty";"0";"km"
"1684.7238258";"Absolute pedal position D";"7";"%"
"1684.8322114";"Engine fuel rate";"0.550000008195639";"l/h"
"1684.8344353";"Calculated instant fuel rate";"0.550000008195639";"l/h"
"1684.8356505";"Fuel used";"0.0374116858477553";"l"
"1684.836568";"Instant engine power (based on fuel consumption)";"1.79112269335647";"hp"
"1684.8370858";"Average fuel consumption";"4.04707994393695";"l/100km"
"1684.8374545";"Fuel used (total)";"39.2459534997839";"l"
"1684.8378064";"Fuel used price";"0.0482610747436044";"€"
"1684.8407116";"Average fuel consumption km/l.";"24.7091733756861";"km/l."
"1684.8412984";"Fuel used price (total)";"50.6272800147212";"€"
"1684.8907867";"Engine RPM";"826";"rpm"
"1684.9414859";"Vehicle speed";"0";"km/h"
"1684.9435645";"Distance travelled";"0.924411831888888";"km"
"1684.9441295";"Vehicle acceleration";"0";"m_sec2"
"1684.9455353";"Calculated instant fuel consumption km/l.";"0";"km/l."
"1684.9473151";"Average speed";"31.204679895686";"km/h"
"1684.9479015";"Distance travelled (total)";"1007.13937023545";"km"
"1684.9502469";"Average fuel consumption (total)";"3.8967748317305";"l/100km"
"1684.9507404";"Distance to empty";"0";"km"
"1685.0434335";"Absolute pedal position D";"7";"%"
"1685.0966303";"Engine fuel rate";"0.550000008195639";"l/h"
"1685.0982486";"Calculated instant fuel rate";"0.550000008195639";"l/h"
"1685.0992072";"Fuel used";"0.0374519519747442";"l"
"1685.0996659";"Instant engine power (based on fuel consumption)";"1.79112269335647";"hp"
"1685.1013244";"Average fuel consumption";"4.05143580845532";"l/100km"
"1685.1021417";"Fuel used (total)";"39.2459937659109";"l"
"1685.1025271";"Fuel used price";"0.0483130180474201";"€"
"1685.1041984";"Average fuel consumption km/l.";"24.6826075317053";"km/l."
"1685.1047855";"Fuel used price (total)";"50.627331958025";"€"
"1685.1515501";"Engine RPM";"825";"rpm"
"1685.1980251";"Vehicle speed";"0";"km/h"
"1685.2008767";"Distance travelled";"0.924411831888888";"km"
"1685.201382";"Vehicle acceleration";"0";"m_sec2"
"1685.2042152";"Calculated instant fuel consumption km/l.";"0";"km/l."
"1685.2055017";"Average speed";"31.1293231488713";"km/h"
"1685.2058793";"Distance travelled (total)";"1007.13937023545";"km"
"1685.2074991";"Average fuel consumption (total)";"3.8967788297995";"l/100km"
"1685.207957";"Distance to empty";"0";"km"
"1685.2562072";"Absolute pedal position D";"7";"%"
"1685.3089091";"Engine fuel rate";"0.550000008195639";"l/h"
"1685.3103914";"Calculated instant fuel rate";"0.550000008195639";"l/h"
"1685.3109332";"Fuel used";"0.0374842983460596";"l"
"1685.3115822";"Instant engine power (based on fuel consumption)";"1.79112269335647";"hp"
"1685.3132841";"Average fuel consumption";"4.05493493841012";"l/100km"
"1685.3137765";"Fuel used (total)";"39.2460261122822";"l"
"1685.3143383";"Fuel used price";"0.0483547448664169";"€"
"1685.3156329";"Average fuel consumption km/l.";"24.6613081390668";"km/l."
"1685.3166325";"Fuel used price (total)";"50.627373684844";"€"
"1685.40868";"Engine RPM";"824";"rpm"
"1685.4628986";"Vehicle speed";"0";"km/h"
"1685.466137";"Distance travelled";"0.924411831888888";"km"
"1685.4666532";"Vehicle acceleration";"0";"m_sec2"
"1685.4680461";"Calculated instant fuel consumption km/l.";"0";"km/l."
"1685.4693984";"Average speed";"31.0526798260399";"km/h"
"1685.4697741";"Distance travelled (total)";"1007.13937023545";"km"
"1685.4709473";"Average fuel consumption (total)";"3.89678204150707";"l/100km"
"1685.4715404";"Distance to empty";"0";"km"
"1685.5189502";"Absolute pedal position D";"7";"%"
"1685.5661326";"Engine fuel rate";"0.550000008195639";"l/h"
"1685.5696073";"Calculated instant fuel rate";"0.550000008195639";"l/h"
"1685.5704101";"Fuel used";"0.0375239393216503";"l"
"1685.5707795";"Instant engine power (based on fuel consumption)";"1.79112269335647";"hp"
"1685.5715413";"Average fuel consumption";"4.05922317599247";"l/100km"
"1685.5719076";"Fuel used (total)";"39.2460657532578";"l"
"1685.5724055";"Fuel used price";"0.0484058817249289";"€"
"1685.5736738";"Average fuel consumption km/l.";"24.635255482239";"km/l."
"1685.5741818";"Fuel used price (total)";"50.6274248217025";"€"
"1685.6235918";"Engine RPM";"822";"rpm"
"1685.676452";"Vehicle speed";"0";"km/h"
"1685.6793186";"Distance travelled";"0.924411831888888";"km"
"1685.6798531";"Vehicle acceleration";"0";"m_sec2"
"1685.6812867";"Calculated instant fuel consumption km/l.";"0";"km/l."
"1685.6821965";"Average speed";"30.9911226373348";"km/h"
"1685.682547";"Distance travelled (total)";"1007.13937023545";"km"
"1685.683778";"Average fuel consumption (total)";"3.89678597750409";"l/100km"
"1685.6842257";"Distance to empty";"0";"km"
"1685.7761874";"Absolute pedal position D";"7";"%"
"1685.8344012";"Engine fuel rate";"0.550000008195639";"l/h"
"1685.8370679";"Calculated instant fuel rate";"0.550000008195639";"l/h"
"1685.8388815";"Fuel used";"0.0375649548236503";"l"
"1685.8393908";"Instant engine power (based on fuel consumption)";"1.79112269335647";"hp"
"1685.8401354";"Average fuel consumption";"4.06366010557138";"l/100km"
"1685.8405017";"Fuel used (total)";"39.2461067687598";"l"
"1685.8408598";"Fuel used price";"0.0484587917225089";"€"
"1685.842371";"Average fuel consumption km/l.";"24.6083573433953";"km/l."
"1685.8429728";"Fuel used price (total)";"50.6274777317001";"€"
"1685.8866138";"Engine RPM";"824";"rpm"
"1685.9450732";"Vehicle speed";"0";"km/h"
"1685.9468016";"Distance travelled";"0.924411831888888";"km"
"1685.9470945";"Vehicle acceleration";"0";"m_sec2"
"1685.9478124";"Calculated instant fuel consumption km/l.";"0";"km/l."
"1685.9490267";"Average speed";"30.9142924956047";"km/h"
"1685.9492333";"Distance travelled (total)";"1007.13937023545";"km"
"1685.9498763";"Average fuel consumption (total)";"3.89679004997938";"l/100km"
"1685.9500865";"Distance to empty";"0";"km"
"1686.040727";"Absolute pedal position D";"7";"%"
"1686.0979859";"Engine fuel rate";"0.550000008195639";"l/h"
"1686.0995611";"Calculated instant fuel rate";"0.550000008195639";"l/h"
"1686.1006608";"Fuel used";"0.0376049483645241";"l"
"1686.1010381";"Instant engine power (based on fuel consumption)";"1.79112269335647";"hp"
"1686.1025305";"Average fuel consumption";"4.06798648257069";"l/100km"
"1686.1035357";"Fuel used (total)";"39.2461467623006";"l"
"1686.1039255";"Fuel used price";"0.048510383390236";"€"
"1686.105341";"Average fuel consumption km/l.";"24.5821859114947";"km/l."
"1686.1064757";"Fuel used price (total)";"50.6275293233678";"€"
"1686.1976124";"Engine RPM";"826";"rpm"
"1686.249901";"Vehicle speed";"0";"km/h"
"1686.2513278";"Distance travelled";"0.924411831888888";"km"
"1686.2515987";"Vehicle acceleration";"0";"m_sec2"
"1686.2524492";"Calculated instant fuel consumption km/l.";"0";"km/l."
"1686.2530517";"Average speed";"30.8272254873967";"km/h"
"1686.2532213";"Distance travelled (total)";"1007.13937023545";"km"
"1686.2540618";"Average fuel consumption (total)";"3.896794020983";"l/100km"
"1686.2543081";"Distance to empty";"0";"km"
"1686.300384";"Absolute pedal position D";"7";"%"
"1686.3556012";"Engine fuel rate";"0.550000008195639";"l/h"
"1686.3579451";"Calculated instant fuel rate";"0.550000008195639";"l/h"
"1686.3596963";"Fuel used";"0.0376445219803915";"l"
"1686.3601073";"Instant engine power (based on fuel consumption)";"1.79112269335647";"hp"
"1686.3607133";"Average fuel consumption";"4.07226743338745";"l/100km"
"1686.3610745";"Fuel used (total)";"39.2461863359165";"l"
"1686.3615692";"Fuel used price";"0.0485614333547051";"€"
"1686.3631256";"Average fuel consumption km/l.";"24.5563440112322";"km/l."
"1686.3636646";"Fuel used price (total)";"50.6275803733323";"€"
"1686.4114446";"Engine RPM";"827";"rpm"
"1686.4638413";"Vehicle speed";"0";"km/h"
"1686.4663396";"Distance travelled";"0.924411831888888";"km"
"1686.4668496";"Vehicle acceleration";"0";"m_sec2"
"1686.4699901";"Calculated instant fuel consumption km/l.";"0";"km/l."
"1686.4710194";"Average speed";"30.7651299339642";"km/h"
"1686.4713967";"Distance travelled (total)";"1007.13937023545";"km"
"1686.4729804";"Average fuel consumption (total)";"3.8967979502918";"l/100km"
"1686.4734562";"Distance to empty";"0";"km"
"1686.5637785";"Absolute pedal position D";"7";"%"
"1686.6255649";"Engine fuel rate";"0.550000008195639";"l/h"
"1686.6280595";"Calculated instant fuel rate";"0.550000008195639";"l/h"
"1686.6293714";"Fuel used";"0.0376857209837832";"l"
"1686.6298729";"Instant engine power (based on fuel consumption)";"1.79112269335647";"hp"
"1686.630371";"Average fuel consumption";"4.07672421357681";"l/100km"
"1686.6307465";"Fuel used (total)";"39.2462275349199";"l"
"1686.6311081";"Fuel used price";"0.0486145800690804";"€"
"1686.633848";"Average fuel consumption km/l.";"24.5294983818056";"km/l."
"1686.6344691";"Fuel used price (total)";"50.6276335200467";"€"
"1686.6822509";"Engine RPM";"827";"rpm"
"1686.7727954";"Vehicle speed";"0";"km/h"
"1686.775781";"Distance travelled";"0.924411831888888";"km"
"1686.7767128";"Vehicle acceleration";"0";"m_sec2"
"1686.7797478";"Calculated instant fuel consumption km/l.";"0";"km/l."
"1686.7811466";"Average speed";"30.6772200653538";"km/h"
"1686.7815093";"Distance travelled (total)";"1007.13937023545";"km"
"1686.7829203";"Average fuel consumption (total)";"3.89680204098715";"l/100km"
"1686.7833639";"Distance to empty";"0";"km"
"1686.8298535";"Absolute pedal position D";"7";"%"
"1686.8894064";"Engine fuel rate";"0.550000008195639";"l/h"
"1686.8915733";"Calculated instant fuel rate";"0.550000008195639";"l/h"
"1686.892522";"Fuel used";"0.0377259244413267";"l"
"1686.8936699";"Instant engine power (based on fuel consumption)";"1.79112269335647";"hp"
"1686.8971308";"Average fuel consumption";"4.08107329870928";"l/100km"
"1686.8979806";"Fuel used (total)";"39.2462677383774";"l"
"1686.8986322";"Fuel used price";"0.0486664425293115";"€"
"1686.9001016";"Average fuel consumption km/l.";"24.5033579846819";"km/l."
"1686.900742";"Fuel used price (total)";"50.6276853825069";"€"
"1686.9367324";"Engine RPM";"822";"rpm"
"1686.9853196";"Vehicle speed";"0";"km/h"
"1686.9864858";"Distance travelled";"0.924411831888888";"km"
"1686.9868071";"Vehicle acceleration";"0";"m_sec2"
"1686.9876119";"Calculated instant fuel consumption km/l.";"0";"km/l."
"1686.9889146";"Average speed";"30.6185196411622";"km/h"
"1686.9891407";"Distance travelled (total)";"1007.13937023545";"km"
"1686.9900788";"Average fuel consumption (total)";"3.89680603283363";"l/100km"
"1686.990324";"Distance to empty";"0";"km"
"1687.0416936";"Absolute pedal position D";"7";"%"
"1687.140587";"Engine fuel rate";"0.550000008195639";"l/h"
"1687.1426854";"Calculated instant fuel rate";"0.550000008195639";"l/h"
"1687.1434052";"Fuel used";"0.0377642531016201";"l"
"1687.1438388";"Instant engine power (based on fuel consumption)";"1.79112269335647";"hp"
"1687.1453809";"Average fuel consumption";"4.08521957409988";"l/100km"
"1687.1457707";"Fuel used (total)";"39.2463060670377";"l"
"1687.146235";"Fuel used price";"0.0487158865010899";"€"
"1687.1473916";"Average fuel consumption km/l.";"24.4784884107566";"km/l."
"1687.1479";"Fuel used price (total)";"50.6277348264787";"€"
"1687.199601";"Engine RPM";"823";"rpm"
"1687.2536751";"Vehicle speed";"0";"km/h"
"1687.2562527";"Distance travelled";"0.924411831888888";"km"
"1687.2567719";"Vehicle acceleration";"0";"m_sec2"
"1687.2598712";"Calculated instant fuel consumption km/l.";"0";"km/l."
"1687.2608293";"Average speed";"30.5421245344731";"km/h"
"1687.2611853";"Distance travelled (total)";"1007.13937023545";"km"
"1687.262722";"Average fuel consumption (total)";"3.89680983852939";"l/100km"
"1687.2631718";"Distance to empty";"0";"km"
"1687.3505905";"Absolute pedal position D";"7";"%"
"1687.4086496";"Engine fuel rate";"0.550000008195639";"l/h"
"1687.4104545";"Calculated instant fuel rate";"0.550000008195639";"l/h"
"1687.411159";"Fuel used";"0.0378051590161185";"l"
"1687.411561";"Instant engine power (based on fuel consumption)";"1.79112269335647";"hp"
"1687.4127428";"Average fuel consumption";"4.08964464884333";"l/100km"
"1687.4132352";"Fuel used (total)";"39.2463469729522";"l"
"1687.4137996";"Fuel used price";"0.0487686551307929";"€"
"1687.4149681";"Average fuel consumption km/l.";"24.4520022120462";"km/l."
"1687.4158009";"Fuel used price (total)";"50.6277875951084";"€"
"1687.4613673";"Engine RPM";"822";"rpm"
"1687.5140114";"Vehicle speed";"0";"km/h"
"1687.5159007";"Distance travelled";"0.924411831888888";"km"
"1687.5166281";"Vehicle acceleration";"0";"m_sec2"
"1687.5180927";"Calculated instant fuel consumption km/l.";"0";"km/l."
"1687.5198977";"Average speed";"30.4696807401852";"km/h"
"1687.5205095";"Distance travelled (total)";"1007.13937023545";"km"
"1687.5220967";"Average fuel consumption (total)";"3.89681390012361";"l/100km"
"1687.5225707";"Distance to empty";"0";"km"
"1687.5661716";"Absolute pedal position D";"7";"%"
"1687.6189191";"Engine fuel rate";"0.800000011920929";"l/h"
"1687.6202145";"Calculated instant fuel rate";"0.800000011920929";"l/h"
"1687.6212651";"Fuel used";"0.0378518481279254";"l"
"1687.6216968";"Instant engine power (based on fuel consumption)";"2.60526937215487";"hp"
"1687.6234376";"Average fuel consumption";"4.0946953319043";"l/100km"
"1687.6238016";"Fuel used (total)";"39.2463936620641";"l"
"1687.6241637";"Fuel used price";"0.0488288840850237";"€"
"1687.6268414";"Average fuel consumption km/l.";"24.4218414055957";"km/l."
"1687.6276738";"Fuel used price (total)";"50.6278478240626";"€"
"1687.7177539";"Engine RPM";"927";"rpm"
"1687.771424";"Vehicle speed";"0";"km/h"
"1687.7737402";"Distance travelled";"0.924411831888888";"km"
"1687.7744027";"Vehicle acceleration";"0";"m_sec2"
"1687.7758787";"Calculated instant fuel consumption km/l.";"0";"km/l."
"1687.7780401";"Average speed";"30.39783690934";"km/h"
"1687.7785793";"Distance travelled (total)";"1007.13937023545";"km"
"1687.780124";"Average fuel consumption (total)";"3.896818535938";"l/100km"
"1687.7805734";"Distance to empty";"0";"km"
"1687.8227988";"Absolute pedal position D";"7";"%"
"1687.8844639";"Engine fuel rate";"1.00000001490116";"l/h"
"1687.8866991";"Calculated instant fuel rate";"1.00000001490116";"l/h"
"1687.8900215";"Fuel used";"0.0379264997123711";"l"
"1687.8905335";"Instant engine power (based on fuel consumption)";"3.25658671519359";"hp"
"1687.891027";"Average fuel consumption";"4.10277090838121";"l/100km"
"1687.8913884";"Fuel used (total)";"39.2464683136485";"l"
"1687.891741";"Fuel used price";"0.0489251846289587";"€"
"1687.8930082";"Average fuel consumption km/l.";"24.3737713445609";"km/l."
"1687.8935278";"Fuel used price (total)";"50.6279441246065";"€"
"1687.9494669";"Engine RPM";"943";"rpm"
"1688.0329712";"Vehicle speed";"0";"km/h"
"1688.0348584";"Distance travelled";"0.924411831888888";"km"
"1688.0354864";"Vehicle acceleration";"0";"m_sec2"
"1688.0370145";"Calculated instant fuel consumption km/l.";"0";"km/l."
"1688.040092";"Average speed";"30.3252511118246";"km/h"
"1688.0405293";"Distance travelled (total)";"1007.13937023545";"km"
"1688.042158";"Average fuel consumption (total)";"3.89682594817772";"l/100km"
"1688.0427277";"Distance to empty";"0";"km"
"1688.0878754";"Absolute pedal position D";"7";"%"
"1688.1399762";"Engine fuel rate";"0.750000011175871";"l/h"
"1688.1421756";"Calculated instant fuel rate";"0.750000011175871";"l/h"
"1688.1431334";"Fuel used";"0.0379792310673235";"l"
"1688.1436793";"Instant engine power (based on fuel consumption)";"2.44244003639519";"hp"
"1688.1449272";"Average fuel consumption";"4.10847522253356";"l/100km"
"1688.145311";"Fuel used (total)";"39.2465210450034";"l"
"1688.145667";"Fuel used price";"0.0489932080768474";"€"
"1688.146925";"Average fuel consumption km/l.";"24.3399301647324";"km/l."
"1688.1474381";"Fuel used price (total)";"50.6280121480544";"€"
"1688.1978285";"Engine RPM";"944";"rpm"
"1688.2490189";"Vehicle speed";"0";"km/h"
"1688.2506169";"Distance travelled";"0.924411831888888";"km"
"1688.2508812";"Vehicle acceleration";"0";"m_sec2"
"1688.2525068";"Calculated instant fuel consumption km/l.";"0";"km/l."
"1688.2533146";"Average speed";"30.2664173030918";"km/h"
"1688.2536619";"Distance travelled (total)";"1007.13937023545";"km"
"1688.2544491";"Average fuel consumption (total)";"3.89683118393322";"l/100km"
"1688.2546763";"Distance to empty";"0";"km"
"1688.2984267";"Absolute pedal position D";"7";"%"
"1688.3611823";"Engine fuel rate";"0.600000008940697";"l/h"
"1688.3634448";"Calculated instant fuel rate";"0.600000008940697";"l/h"
"1688.3655499";"Fuel used";"0.0380162989678759";"l"
"1688.3662499";"Instant engine power (based on fuel consumption)";"1.95395202911615";"hp"
"1688.3667308";"Average fuel consumption";"4.11248511285231";"l/100km"
"1688.3674602";"Fuel used (total)";"39.246558112904";"l"
"1688.3678385";"Fuel used price";"0.0490410256685599";"€"
"1688.3696883";"Average fuel consumption km/l.";"24.3161974465222";"km/l."
"1688.3702042";"Fuel used price (total)";"50.6280599656461";"€"
"1688.4394849";"Engine RPM";"949";"rpm"
"1688.5205562";"Vehicle speed";"0";"km/h"
"1688.5227869";"Distance travelled";"0.924411831888888";"km"
"1688.5233442";"Vehicle acceleration";"0";"m_sec2"
"1688.5250712";"Calculated instant fuel consumption km/l.";"0";"km/l."
"1688.5278201";"Average speed";"30.1910696255938";"km/h"
"1688.528246";"Distance travelled (total)";"1007.13937023545";"km"
"1688.5295106";"Average fuel consumption (total)";"3.89683486444672";"l/100km"
"1688.5299694";"Distance to empty";"0";"km"
"1688.571013";"Absolute pedal position D";"7";"%"
"1688.6279084";"Engine fuel rate";"0.700000010430813";"l/h"
"1688.6307681";"Calculated instant fuel rate";"0.700000010430813";"l/h"
"1688.6325548";"Fuel used";"0.0380682125436495";"l"
"1688.633146";"Instant engine power (based on fuel consumption)";"2.27961070063551";"hp"
"1688.6336712";"Average fuel consumption";"4.11810096219378";"l/100km"
"1688.6340937";"Fuel used (total)";"39.2466100264798";"l"
"1688.6344543";"Fuel used price";"0.0491079941813078";"€"
"1688.6371457";"Average fuel consumption km/l.";"24.2830374772377";"km/l."
"1688.6376955";"Fuel used price (total)";"50.6281269341589";"€"
"1688.6786047";"Engine RPM";"949";"rpm"
"1688.7365705";"Vehicle speed";"0";"km/h"
"1688.7401234";"Distance travelled";"0.924411831888888";"km"
"1688.7406322";"Vehicle acceleration";"0";"m_sec2"
"1688.742723";"Calculated instant fuel consumption km/l.";"0";"km/l."
"1688.7440565";"Average speed";"30.1319537735618";"km/h"
"1688.7444398";"Distance travelled (total)";"1007.13937023545";"km"
"1688.7460459";"Average fuel consumption (total)";"3.89684001900401";"l/100km"
"1688.7465298";"Distance to empty";"0";"km"
"1688.7886371";"Absolute pedal position D";"7";"%"
"1688.8753786";"Engine fuel rate";"0.750000011175871";"l/h"
"1688.8772445";"Calculated instant fuel rate";"0.750000011175871";"l/h"
"1688.8778491";"Fuel used";"0.0381193169402443";"l"
"1688.8782285";"Instant engine power (based on fuel consumption)";"2.44244003639519";"hp"
"1688.878734";"Average fuel consumption";"4.12362927704566";"l/100km"
"1688.8791237";"Fuel used (total)";"39.2466611308764";"l"
"1688.8795581";"Fuel used price";"0.0491739188529152";"€"
"1688.8813353";"Average fuel consumption km/l.";"24.2504825922771";"km/l."
"1688.8821197";"Fuel used price (total)";"50.6281928588305";"€"
"1688.9283175";"Engine RPM";"948";"rpm"
"1689.0305141";"Vehicle speed";"0";"km/h"
"1689.0322961";"Distance travelled";"0.924411831888888";"km"
"1689.0330632";"Vehicle acceleration";"0";"m_sec2"
"1689.0348059";"Calculated instant fuel consumption km/l.";"0";"km/l."
"1689.0367277";"Average speed";"30.0523220969805";"km/h"
"1689.03727";"Distance travelled (total)";"1007.13937023545";"km"
"1689.0387721";"Average fuel consumption (total)";"3.89684509321698";"l/100km"
"1689.0392309";"Distance to empty";"0";"km"
"1689.0854551";"Absolute pedal position D";"7";"%"
"1689.1411003";"Engine fuel rate";"0.700000010430813";"l/h"
"1689.1427453";"Calculated instant fuel rate";"0.700000010430813";"l/h"
"1689.1433509";"Fuel used";"0.038170941610458";"l"
"1689.1437309";"Instant engine power (based on fuel consumption)";"2.27961070063551";"hp"
"1689.1458394";"Average fuel consumption";"4.12921387348124";"l/100km"
"1689.1463117";"Fuel used (total)";"39.2467127555466";"l"
"1689.1466956";"Fuel used price";"0.0492405146774909";"€"
"1689.1479334";"Average fuel consumption km/l.";"24.2176847855286";"km/l."
"1689.1484656";"Fuel used price (total)";"50.6282594546551";"€"
"1689.2432673";"Engine RPM";"948";"rpm"
"1689.301052";"Vehicle speed";"0";"km/h"
"1689.3038126";"Distance travelled";"0.924411831888888";"km"
"1689.3046851";"Vehicle acceleration";"0";"m_sec2"
"1689.3066462";"Calculated instant fuel consumption km/l.";"0";"km/l."
"1689.3087586";"Average speed";"29.9787447417111";"km/h"
"1689.3091541";"Distance travelled (total)";"1007.13937023545";"km"
"1689.312887";"Average fuel consumption (total)";"3.89685021908851";"l/100km"
"1689.3134233";"Distance to empty";"0";"km"
"1689.3676607";"Absolute pedal position D";"7";"%"
"1689.4455604";"Engine fuel rate";"0.450000006705523";"l/h"
"1689.4473332";"Calculated instant fuel rate";"0.450000006705523";"l/h"
"1689.447992";"Fuel used";"0.0382090205985254";"l"
"1689.4485134";"Instant engine power (based on fuel consumption)";"1.46546402183712";"hp"
"1689.4495768";"Average fuel consumption";"4.13333314010611";"l/100km"
"1689.4502924";"Fuel used (total)";"39.2467508345346";"l"
"1689.4506779";"Fuel used price";"0.0492896365720978";"€"
"1689.4519077";"Average fuel consumption km/l.";"24.1935495181094";"km/l."
"1689.4534131";"Fuel used price (total)";"50.6283085765497";"€"
"1689.5073552";"Engine RPM";"925";"rpm"
"1689.5623564";"Vehicle speed";"0";"km/h"
"1689.5647623";"Distance travelled";"0.924411831888888";"km"
"1689.5653856";"Vehicle acceleration";"0";"m_sec2"
"1689.5669815";"Calculated instant fuel consumption km/l.";"0";"km/l."
"1689.5679255";"Average speed";"29.9088402003086";"km/h"
"1689.5682912";"Distance travelled (total)";"1007.13937023545";"km"
"1689.5712213";"Average fuel consumption (total)";"3.89685399999403";"l/100km"
"1689.571938";"Distance to empty";"0";"km"
"1689.6613535";"Absolute pedal position D";"7";"%"
"1689.7269169";"Engine fuel rate";"0.550000008195639";"l/h"
"1689.7284055";"Calculated instant fuel rate";"0.550000008195639";"l/h"
"1689.7290485";"Fuel used";"0.0382519593588875";"l"
"1689.7295409";"Instant engine power (based on fuel consumption)";"1.79112269335647";"hp"
"1689.7300522";"Average fuel consumption";"4.13797812179943";"l/100km"
"1689.7304133";"Fuel used (total)";"39.246793773295";"l"
"1689.7307677";"Fuel used price";"0.0493450275729649";"€"
"1689.733272";"Average fuel consumption km/l.";"24.1663916667869";"km/l."
"1689.7340024";"Fuel used price (total)";"50.6283639675505";"€"
"1689.8182725";"Engine RPM";"895";"rpm"
"1689.9232553";"Vehicle speed";"0";"km/h"
"1689.9250354";"Distance travelled";"0.924411831888888";"km"
"1689.9257033";"Vehicle acceleration";"0";"m_sec2"
"1689.9273087";"Calculated instant fuel consumption km/l.";"0";"km/l."
"1689.9296171";"Average speed";"29.8120022213233";"km/h"
"1689.9305434";"Distance travelled (total)";"1007.13937023545";"km"
"1689.9320331";"Average fuel consumption (total)";"3.89685826343181";"l/100km"
"1689.9324881";"Distance to empty";"0";"km"
"1689.9783797";"Absolute pedal position D";"7";"%"
"1690.0343208";"Engine fuel rate";"0.300000004470348";"l/h"
"1690.0361414";"Calculated instant fuel rate";"0.300000004470348";"l/h"
"1690.0368635";"Fuel used";"0.0382776099842697";"l"
"1690.0372491";"Instant engine power (based on fuel consumption)";"0.976976014558077";"hp"
"1690.0390059";"Average fuel consumption";"4.14075292676161";"l/100km"
"1690.0396106";"Fuel used (total)";"39.2468194239204";"l"
"1690.0399785";"Fuel used price";"0.049378116879708";"€"
"1690.0425229";"Average fuel consumption km/l.";"24.1501972633291";"km/l."
"1690.0433929";"Fuel used price (total)";"50.6283970568573";"€"
"1690.1330888";"Engine RPM";"845";"rpm"
"1690.1894584";"Vehicle speed";"0";"km/h"
"1690.1919161";"Distance travelled";"0.924411831888888";"km"
"1690.1924473";"Vehicle acceleration";"0";"m_sec2"
"1690.1939883";"Calculated instant fuel consumption km/l.";"0";"km/l."
"1690.1949538";"Average speed";"29.7412377667417";"km/h"
"1690.1953092";"Distance travelled (total)";"1007.13937023545";"km"
"1690.1966648";"Average fuel consumption (total)";"3.89686081031123";"l/100km"
"1690.1971361";"Distance to empty";"0";"km"
"1690.243861";"Absolute pedal position D";"7";"%"
"1690.2947533";"Engine fuel rate";"0.550000008195639";"l/h"
"1690.2963742";"Calculated instant fuel rate";"0.550000008195639";"l/h"
"1690.2970125";"Fuel used";"0.038317354359862";"l"
"1690.2975339";"Instant engine power (based on fuel consumption)";"1.79112269335647";"hp"
"1690.298139";"Average fuel consumption";"4.14505234983487";"l/100km"
"1690.2985123";"Fuel used (total)";"39.246859168296";"l"
"1690.298873";"Fuel used price";"0.0494293871242219";"€"
"1690.3016351";"Average fuel consumption km/l.";"24.1251476604351";"km/l."
"1690.3024333";"Fuel used price (total)";"50.6284483271018";"€"
"1690.4012256";"Engine RPM";"800";"rpm"
"1690.4720854";"Vehicle speed";"0";"km/h"
"1690.4741986";"Distance travelled";"0.924411831888888";"km"
"1690.4747398";"Vehicle acceleration";"0";"m_sec2"
"1690.4777148";"Calculated instant fuel consumption km/l.";"0";"km/l."
"1690.4787012";"Average speed";"29.6660123404268";"km/h"
"1690.479066";"Distance travelled (total)";"1007.13937023545";"km"
"1690.4803891";"Average fuel consumption (total)";"3.89686475657495";"l/100km"
"1690.4808905";"Distance to empty";"0";"km"
"1690.6598353";"Absolute pedal position D";"7";"%"
"1690.8079822";"Engine fuel rate";"0.550000008195639";"l/h"
"1690.8102209";"Calculated instant fuel rate";"0.550000008195639";"l/h"
"1690.8131258";"Fuel used";"0.0383962040415925";"l"
"1690.8136401";"Instant engine power (based on fuel consumption)";"1.79112269335647";"hp"
"1690.8141043";"Average fuel consumption";"4.15358206343334";"l/100km"
"1690.8144632";"Fuel used (total)";"39.2469380179777";"l"
"1690.8148191";"Fuel used price";"0.0495311032136543";"€"
"1690.8161868";"Average fuel consumption km/l.";"24.0756047365392";"km/l."
"1690.8167027";"Fuel used price (total)";"50.6285500431912";"€"
"1691.0366903";"Engine RPM";"818";"rpm"
"1691.2350905";"Vehicle speed";"0";"km/h"
"1691.2375626";"Distance travelled";"0.924411831888888";"km"
"1691.2381146";"Vehicle acceleration";"0";"m_sec2"
"1691.2397929";"Calculated instant fuel consumption km/l.";"0";"km/l."
"1691.2413284";"Average speed";"29.4656977056656";"km/h"
"1691.2417595";"Distance travelled (total)";"1007.13937023545";"km"
"1691.2436024";"Average fuel consumption (total)";"3.89687258564847";"l/100km"
"1691.2455854";"Distance to empty";"0";"km"
"1691.3497948";"Absolute pedal position D";"7";"%"
"1691.4152802";"Engine fuel rate";"0.550000008195639";"l/h"
"1691.4171927";"Calculated instant fuel rate";"0.550000008195639";"l/h"
"1691.4179493";"Fuel used";"0.0384886069610249";"l"
"1691.4183655";"Instant engine power (based on fuel consumption)";"1.79112269335647";"hp"
"1691.4188477";"Average fuel consumption";"4.16357792417905";"l/100km"
"1691.4192191";"Fuel used (total)";"39.2470304208971";"l"
"1691.4196815";"Fuel used price";"0.0496503029797222";"€"
"1691.4221228";"Average fuel consumption km/l.";"24.017804355065";"km/l."
"1691.4233729";"Fuel used price (total)";"50.6286692429573";"€"
"1691.5069138";"Engine RPM";"827";"rpm"
"1691.5602538";"Vehicle speed";"0";"km/h"
"1691.5621773";"Distance travelled";"0.924411831888888";"km"
"1691.5628877";"Vehicle acceleration";"0";"m_sec2"
"1691.5644287";"Calculated instant fuel consumption km/l.";"0";"km/l."
"1691.566127";"Average speed";"29.3812015442485";"km/h"
"1691.5669836";"Distance travelled (total)";"1007.13937023545";"km"
"1691.5690193";"Average fuel consumption (total)";"3.89688176043819";"l/100km"
"1691.5697416";"Distance to empty";"0";"km"
"1691.6164877";"Absolute pedal position D";"7";"%"
"1691.6661982";"Engine fuel rate";"0.550000008195639";"l/h"
"1691.6681803";"Calculated instant fuel rate";"0.550000008195639";"l/h"
"1691.6704513";"Fuel used";"0.0385271808602108";"l"
"1691.6713325";"Instant engine power (based on fuel consumption)";"1.79112269335647";"hp"
"1691.6718915";"Average fuel consumption";"4.16775072875113";"l/100km"
"1691.6723119";"Fuel used (total)";"39.2470689947963";"l"
"1691.6728201";"Fuel used price";"0.049700063309672";"€"
"1691.6741457";"Average fuel consumption km/l.";"23.9937574265544";"km/l."
"1691.6763095";"Fuel used price (total)";"50.6287190032873";"€"
"1691.7528393";"Engine RPM";"826";"rpm"
"1691.8265779";"Vehicle speed";"0";"km/h"
"1691.8285738";"Distance travelled";"0.924411831888888";"km"
"1691.8293874";"Vehicle acceleration";"0";"m_sec2"
"1691.8309241";"Calculated instant fuel consumption km/l.";"0";"km/l."
"1691.8325081";"Average speed";"29.3122634858168";"km/h"
"1691.8330478";"Distance travelled (total)";"1007.13937023545";"km"
"1691.8349381";"Average fuel consumption (total)";"3.896885590484";"l/100km"
"1691.8363679";"Distance to empty";"0";"km"
"1691.9260308";"Absolute pedal position D";"7";"%"
"1691.9806081";"Engine fuel rate";"0.550000008195639";"l/h"
"1691.982034";"Calculated instant fuel rate";"0.550000008195639";"l/h"
"1691.9837283";"Fuel used";"0.0385750428387018";"l"
"1691.9844048";"Instant engine power (based on fuel consumption)";"1.79112269335647";"hp"
"1691.9860232";"Average fuel consumption";"4.17292828888612";"l/100km"
"1691.9864328";"Fuel used (total)";"39.2471168567748";"l"
"1691.9867924";"Fuel used price";"0.0497618052619254";"€"
"1691.9879825";"Average fuel consumption km/l.";"23.9639871757041";"km/l."
"1691.9884936";"Fuel used price (total)";"50.6287807452395";"€"
"1692.0362761";"Engine RPM";"827";"rpm"
"1692.0849574";"Vehicle speed";"0";"km/h"
"1692.0873501";"Distance travelled";"0.924411831888888";"km"
"1692.087872";"Vehicle acceleration";"0";"m_sec2"
"1692.0895053";"Calculated instant fuel consumption km/l.";"0";"km/l."
"1692.0904729";"Average speed";"29.2458069436565";"km/h"
"1692.0908407";"Distance travelled (total)";"1007.13937023545";"km"
"1692.0922087";"Average fuel consumption (total)";"3.89689034275363";"l/100km"
"1692.0927811";"Distance to empty";"0";"km"
"1692.1384898";"Absolute pedal position D";"7";"%"
"1692.1936862";"Engine fuel rate";"0.550000008195639";"l/h"
"1692.1963485";"Calculated instant fuel rate";"0.550000008195639";"l/h"
"1692.1972307";"Fuel used";"0.0386076606044656";"l"
"1692.1976149";"Instant engine power (based on fuel consumption)";"1.79112269335647";"hp"
"1692.1994295";"Average fuel consumption";"4.17645677744919";"l/100km"
"1692.2001333";"Fuel used (total)";"39.2471494745406";"l"
"1692.200515";"Fuel used price";"0.0498038821797607";"€"
"1692.2017418";"Average fuel consumption km/l.";"23.9437411491844";"km/l."
"1692.2022539";"Fuel used price (total)";"50.6288228221573";"€"
"1692.2958933";"Engine RPM";"825";"rpm"
"1692.3506946";"Vehicle speed";"0";"km/h"
"1692.3521554";"Distance travelled";"0.924411831888888";"km"
"1692.35245";"Vehicle acceleration";"0";"m_sec2"
"1692.3539476";"Calculated instant fuel consumption km/l.";"0";"km/l."
"1692.3545351";"Average speed";"29.1780835262102";"km/h"
"1692.354711";"Distance travelled (total)";"1007.13937023545";"km"
"1692.3554146";"Average fuel consumption (total)";"3.89689358140826";"l/100km"
"1692.3556273";"Distance to empty";"0";"km"
"1692.4130106";"Absolute pedal position D";"7";"%"
"1692.5043198";"Engine fuel rate";"0.550000008195639";"l/h"
"1692.5057744";"Calculated instant fuel rate";"0.550000008195639";"l/h"
"1692.5064715";"Fuel used";"0.0386549048565585";"l"
"1692.5069141";"Instant engine power (based on fuel consumption)";"1.79112269335647";"hp"
"1692.5079469";"Average fuel consumption";"4.18156751386159";"l/100km"
"1692.5086855";"Fuel used (total)";"39.2471967187927";"l"
"1692.5091366";"Fuel used price";"0.0498648272649605";"€"
"1692.5121192";"Average fuel consumption km/l.";"23.9144769679091";"km/l."
"1692.5136336";"Fuel used price (total)";"50.6288837672425";"€"
"1692.6128123";"Engine RPM";"824";"rpm"
"1692.6662641";"Vehicle speed";"0";"km/h"
"1692.6685261";"Distance travelled";"0.924411831888888";"km"
"1692.6690563";"Vehicle acceleration";"0";"m_sec2"
"1692.6716886";"Calculated instant fuel consumption km/l.";"0";"km/l."
"1692.6729921";"Average speed";"29.0968604726417";"km/h"
"1692.673371";"Distance travelled (total)";"1007.13937023545";"km"
"1692.6753083";"Average fuel consumption (total)";"3.89689827234314";"l/100km"
"1692.6765148";"Distance to empty";"0";"km"
"1692.7654884";"Absolute pedal position D";"7";"%"
"1692.8239441";"Engine fuel rate";"0.550000008195639";"l/h"
"1692.8256705";"Calculated instant fuel rate";"0.550000008195639";"l/h"
"1692.8265873";"Fuel used";"0.0387038102156206";"l"
"1692.8271438";"Instant engine power (based on fuel consumption)";"1.79112269335647";"hp"
"1692.8290671";"Average fuel consumption";"4.18685794366517";"l/100km"
"1692.8304096";"Fuel used (total)";"39.2472456241517";"l"
"1692.8307984";"Fuel used price";"0.0499279151781506";"€"
"1692.8330248";"Average fuel consumption km/l.";"23.8842591139981";"km/l."
"1692.8335501";"Fuel used price (total)";"50.6289468551557";"€"
"1692.8797204";"Engine RPM";"824";"rpm"
"1692.9370851";"Vehicle speed";"0";"km/h"
"1692.9392232";"Distance travelled";"0.924411831888888";"km"
"1692.939838";"Vehicle acceleration";"0";"m_sec2"
"1692.941646";"Calculated instant fuel consumption km/l.";"0";"km/l."
"1692.9436853";"Average speed";"29.0281576416106";"km/h"
"1692.9442478";"Distance travelled (total)";"1007.13937023545";"km"
"1692.9468485";"Average fuel consumption (total)";"3.89690312821121";"l/100km"
"1692.9473667";"Distance to empty";"0";"km"
"1692.9905164";"Absolute pedal position D";"7";"%"
"1693.0421063";"Engine fuel rate";"0.350000005215406";"l/h"
"1693.0434749";"Calculated instant fuel rate";"0.350000005215406";"l/h"
"1693.0443388";"Fuel used";"0.0387249801117694";"l"
"1693.0447752";"Instant engine power (based on fuel consumption)";"1.13980535031776";"hp"
"1693.0460987";"Average fuel consumption";"4.18914803725966";"l/100km"
"1693.0467219";"Fuel used (total)";"39.2472667940479";"l"
"1693.047107";"Fuel used price";"0.0499552243441825";"€"
"1693.050255";"Average fuel consumption km/l.";"23.87120223744";"km/l."
"1693.0508849";"Fuel used price (total)";"50.6289741643218";"€"
"1693.1327621";"Engine RPM";"771";"rpm"
"1693.1911859";"Vehicle speed";"0";"km/h"
"1693.1934362";"Distance travelled";"0.924411831888888";"km"
"1693.1939967";"Vehicle acceleration";"0";"m_sec2"
"1693.1968395";"Calculated instant fuel consumption km/l.";"0";"km/l."
"1693.1988844";"Average speed";"28.9636836971302";"km/h"
"1693.1994836";"Distance travelled (total)";"1007.13937023545";"km"
"1693.2018252";"Average fuel consumption (total)";"3.89690523019399";"l/100km"
"1693.2023199";"Distance to empty";"0";"km"
"1693.3062596";"Absolute pedal position D";"7";"%"
"1693.3577835";"Engine fuel rate";"0";"l/h"
"1693.3591398";"Calculated instant fuel rate";"0";"l/h"
"1693.3610454";"Fuel used";"0.0387249801117694";"l"
"1693.3616314";"Instant engine power (based on fuel consumption)";"0";"hp"
"1693.3621898";"Average fuel consumption";"4.18914803725966";"l/100km"
"1693.3625607";"Fuel used (total)";"39.2472667940479";"l"
"1693.3630017";"Fuel used price";"0.0499552243441825";"€"
"1693.3644966";"Average fuel consumption km/l.";"23.87120223744";"km/l."
"1693.3650499";"Fuel used price (total)";"50.6289741643218";"€"
"1693.4596875";"Engine RPM";"583";"rpm"
"1693.5134183";"Vehicle speed";"0";"km/h"
"1693.5145589";"Distance travelled";"0.924411831888888";"km"
"1693.5148451";"Vehicle acceleration";"0";"m_sec2"
"1693.5156744";"Calculated instant fuel consumption km/l.";"0";"km/l."
"1693.5166406";"Average speed";"28.8837871535918";"km/h"
"1693.5169017";"Distance travelled (total)";"1007.13937023545";"km"
"1693.5176087";"Average fuel consumption (total)";"3.89690523019399";"l/100km"
"1693.5179174";"Distance to empty";"0";"km"
"1693.5656634";"Absolute pedal position D";"7";"%"
"1693.6654362";"Engine fuel rate";"0";"l/h"
"1693.6660699";"Calculated instant fuel rate";"0";"l/h"
"1693.6662963";"Fuel used";"0.0387249801117694";"l"
"1693.6668998";"Instant engine power (based on fuel consumption)";"0";"hp"
"1693.6672959";"Average fuel consumption";"4.18914803725966";"l/100km"
"1693.6674315";"Fuel used (total)";"39.2472667940479";"l"
"1693.6676101";"Fuel used price";"0.0499552243441825";"€"
"1693.6681958";"Average fuel consumption km/l.";"23.87120223744";"km/l."
"1693.6683728";"Fuel used price (total)";"50.6289741643218";"€"
"1693.7168962";"Engine RPM";"368";"rpm"
"1693.7615631";"Vehicle speed";"0";"km/h"
"1693.7626358";"Distance travelled";"0.924411831888888";"km"
"1693.7628576";"Vehicle acceleration";"0";"m_sec2"
"1693.7634988";"Calculated instant fuel consumption km/l.";"0";"km/l."
"1693.7641714";"Average speed";"28.821865672619";"km/h"
"1693.7643501";"Distance travelled (total)";"1007.13937023545";"km"
"1693.7651823";"Average fuel consumption (total)";"3.89690523019399";"l/100km"
"1693.7654077";"Distance to empty";"0";"km"
"1693.8227998";"Absolute pedal position D";"7";"%"
"1693.876423";"Engine fuel rate";"0";"l/h"
"1693.8775685";"Calculated instant fuel rate";"0";"l/h"
"1693.8778642";"Fuel used";"0.0387249801117694";"l"
"1693.8780075";"Instant engine power (based on fuel consumption)";"0";"hp"
"1693.8781744";"Average fuel consumption";"4.18914803725966";"l/100km"
"1693.8782964";"Fuel used (total)";"39.2472667940479";"l"
"1693.8784143";"Fuel used price";"0.0499552243441825";"€"
"1693.878886";"Average fuel consumption km/l.";"23.87120223744";"km/l."
"1693.8790575";"Fuel used price (total)";"50.6289741643218";"€"
"1693.9265242";"Engine RPM";"220";"rpm"
"1694.0105672";"Vehicle speed";"0";"km/h"
"1694.0123178";"Distance travelled";"0.924411831888888";"km"
"1694.0129991";"Vehicle acceleration";"0";"m_sec2"
"1694.0145361";"Calculated instant fuel consumption km/l.";"0";"km/l."
"1694.0158275";"Average speed";"28.7592224051165";"km/h"
"1694.0163706";"Distance travelled (total)";"1007.13937023545";"km"
"1694.019772";"Average fuel consumption (total)";"3.89690523019399";"l/100km"
"1694.0202807";"Distance to empty";"0";"km"
"1694.0865604";"Absolute pedal position D";"7";"%"
"1694.1376884";"Engine fuel rate";"0";"l/h"
"1694.13956";"Calculated instant fuel rate";"0";"l/h"
"1694.1401604";"Fuel used";"0.0387249801117694";"l"
"1694.1405633";"Instant engine power (based on fuel consumption)";"0";"hp"
"1694.1410429";"Average fuel consumption";"4.18914803725966";"l/100km"
"1694.1414134";"Fuel used (total)";"39.2472667940479";"l"
"1694.1417875";"Fuel used price";"0.0499552243441825";"€"
"1694.1444013";"Average fuel consumption km/l.";"23.87120223744";"km/l."
"1694.1453663";"Fuel used price (total)";"50.6289741643218";"€"
"1694.1934611";"Engine RPM";"168";"rpm"
"1694.2498977";"Vehicle speed";"0";"km/h"
"1694.2533674";"Distance travelled";"0.924411831888888";"km"
"1694.2538949";"Vehicle acceleration";"0";"m_sec2"
"1694.2578535";"Calculated instant fuel consumption km/l.";"0";"km/l."
"1694.2589747";"Average speed";"28.6988962341089";"km/h"
"1694.2594735";"Distance travelled (total)";"1007.13937023545";"km"
"1694.2609101";"Average fuel consumption (total)";"3.89690523019399";"l/100km"
"1694.2613594";"Distance to empty";"0";"km"
"1694.301204";"Absolute pedal position D";"7";"%"
"1694.3535873";"Engine fuel rate";"0";"l/h"
"1694.3550443";"Calculated instant fuel rate";"0";"l/h"
"1694.3567713";"Fuel used";"0.0387249801117694";"l"
"1694.3575014";"Instant engine power (based on fuel consumption)";"0";"hp"
"1694.3579745";"Average fuel consumption";"4.18914803725966";"l/100km"
"1694.3583577";"Fuel used (total)";"39.2472667940479";"l"
"1694.3587297";"Fuel used price";"0.0499552243441825";"€"
"1694.3615111";"Average fuel consumption km/l.";"23.87120223744";"km/l."
"1694.3620705";"Fuel used price (total)";"50.6289741643218";"€"
"1694.422423";"Engine RPM";"168";"rpm"
"1694.5065828";"Vehicle speed";"0";"km/h"
"1694.5107805";"Distance travelled";"0.924411831888888";"km"
"1694.5113998";"Vehicle acceleration";"0";"m_sec2"
"1694.5134304";"Calculated instant fuel consumption km/l.";"0";"km/l."
"1694.514398";"Average speed";"28.6358166421491";"km/h"
"1694.514764";"Distance travelled (total)";"1007.13937023545";"km"
"1694.516059";"Average fuel consumption (total)";"3.89690523019399";"l/100km"
"1694.5165315";"Distance to empty";"0";"km"
"1694.5611559";"Absolute pedal position D";"7";"%"
"1694.6166351";"Engine fuel rate";"0";"l/h"
"1694.6182827";"Calculated instant fuel rate";"0";"l/h"
"1694.6190554";"Fuel used";"0.0387249801117694";"l"
"1694.6195841";"Instant engine power (based on fuel consumption)";"0";"hp"
"1694.6213447";"Average fuel consumption";"4.18914803725966";"l/100km"
"1694.6217139";"Fuel used (total)";"39.2472667940479";"l"
"1694.622079";"Fuel used price";"0.0499552243441825";"€"
"1694.6250375";"Average fuel consumption km/l.";"23.87120223744";"km/l."
"1694.6256873";"Fuel used price (total)";"50.6289741643218";"€"
"1694.6662028";"Engine RPM";"168";"rpm"
"1694.717088";"Vehicle speed";"0";"km/h"
"1694.7199148";"Distance travelled";"0.924411831888888";"km"
"1694.7212003";"Vehicle acceleration";"0";"m_sec2"
"1694.7230623";"Calculated instant fuel consumption km/l.";"0";"km/l."
"1694.7255012";"Average speed";"28.5839359123487";"km/h"
"1694.7279197";"Distance travelled (total)";"1007.13937023545";"km"
"1694.730323";"Average fuel consumption (total)";"3.89690523019399";"l/100km"
"1694.7310186";"Distance to empty";"0";"km"
"1694.8231351";"Absolute pedal position D";"7";"%"
"1694.8824951";"Engine fuel rate";"0";"l/h"
"1694.884222";"Calculated instant fuel rate";"0";"l/h"
"1694.8865287";"Fuel used";"0.0387249801117694";"l"
"1694.8872484";"Instant engine power (based on fuel consumption)";"0";"hp"
"1694.8877531";"Average fuel consumption";"4.18914803725966";"l/100km"
"1694.8881285";"Fuel used (total)";"39.2472667940479";"l"
"1694.888506";"Fuel used price";"0.0499552243441825";"€"
"1694.8902012";"Average fuel consumption km/l.";"23.87120223744";"km/l."
"1694.890741";"Fuel used price (total)";"50.6289741643218";"€"
"1694.9393156";"Engine RPM";"0";"rpm"
"1694.991434";"Vehicle speed";"0";"km/h"
"1694.9941861";"Distance travelled";"0.924411831888888";"km"
"1694.9947269";"Vehicle acceleration";"0";"m_sec2"
"1694.9992192";"Calculated instant fuel consumption km/l.";"0";"km/l."
"1695.0005855";"Average speed";"28.5165200477651";"km/h"
"1695.0009727";"Distance travelled (total)";"1007.13937023545";"km"
"1695.0021428";"Average fuel consumption (total)";"3.89690523019399";"l/100km"
"1695.0026655";"Distance to empty";"0";"km"
"1695.0870378";"Absolute pedal position D";"7";"%"
"1695.1374286";"Engine fuel rate";"0";"l/h"
"1695.1391559";"Calculated instant fuel rate";"0";"l/h"
"1695.1411735";"Fuel used";"0.0387249801117694";"l"
"1695.141904";"Instant engine power (based on fuel consumption)";"0";"hp"
"1695.1424411";"Average fuel consumption";"4.18914803725966";"l/100km"
"1695.1432143";"Fuel used (total)";"39.2472667940479";"l"
"1695.1436049";"Fuel used price";"0.0499552243441825";"€"
"1695.1455217";"Average fuel consumption km/l.";"23.87120223744";"km/l."
"1695.1462864";"Fuel used price (total)";"50.6289741643218";"€"
"1695.2028603";"Engine RPM";"0";"rpm"
"1695.293764";"Vehicle speed";"0";"km/h"
"1695.2960641";"Distance travelled";"0.924411831888888";"km"
"1695.2968248";"Vehicle acceleration";"0";"m_sec2"
"1695.298523";"Calculated instant fuel consumption km/l.";"0";"km/l."
"1695.2996058";"Average speed";"28.4436357107026";"km/h"
"1695.3001447";"Distance travelled (total)";"1007.13937023545";"km"
"1695.3024406";"Average fuel consumption (total)";"3.89690523019399";"l/100km"
"1695.3036225";"Distance to empty";"0";"km"
"1695.3490319";"Absolute pedal position D";"7";"%"
"1695.421349";"Engine fuel rate";"0";"l/h"
"1695.4230534";"Calculated instant fuel rate";"0";"l/h"
"1695.4247475";"Fuel used";"0.0387249801117694";"l"
"1695.4252228";"Instant engine power (based on fuel consumption)";"0";"hp"
"1695.4257513";"Average fuel consumption";"4.18914803725966";"l/100km"
"1695.4263996";"Fuel used (total)";"39.2472667940479";"l"
"1695.4267841";"Fuel used price";"0.0499552243441825";"€"
"1695.4283711";"Average fuel consumption km/l.";"23.87120223744";"km/l."
"1695.4289067";"Fuel used price (total)";"50.6289741643218";"€"
"1695.5067517";"Engine RPM";"0";"rpm"
"1695.5585022";"Vehicle speed";"0";"km/h"
"1695.5614583";"Distance travelled";"0.924411831888888";"km"
"1695.5619982";"Vehicle acceleration";"0";"m_sec2"
"1695.5635938";"Calculated instant fuel consumption km/l.";"0";"km/l."
"1695.5645607";"Average speed";"28.3793669197764";"km/h"
"1695.5649296";"Distance travelled (total)";"1007.13937023545";"km"
"1695.5662028";"Average fuel consumption (total)";"3.89690523019399";"l/100km"
"1695.5666748";"Distance to empty";"0";"km"
"1695.6224142";"Absolute pedal position D";"7";"%"
"1695.6757009";"Engine fuel rate";"0";"l/h"
"1695.677466";"Calculated instant fuel rate";"0";"l/h"
"1695.6783629";"Fuel used";"0.0387249801117694";"l"
"1695.6787984";"Instant engine power (based on fuel consumption)";"0";"hp"
"1695.6799129";"Average fuel consumption";"4.18914803725966";"l/100km"
"1695.6804839";"Fuel used (total)";"39.2472667940479";"l"
"1695.6810251";"Fuel used price";"0.0499552243441825";"€"
"1695.6823499";"Average fuel consumption km/l.";"23.87120223744";"km/l."
"1695.6845707";"Fuel used price (total)";"50.6289741643218";"€"
"1695.7340494";"Engine RPM";"0";"rpm"
"1695.7941934";"Vehicle speed";"0";"km/h"
"1695.7970626";"Distance travelled";"0.924411831888888";"km"
"1695.7975853";"Vehicle acceleration";"0";"m_sec2"
"1695.8002659";"Calculated instant fuel consumption km/l.";"0";"km/l."
"1695.8016002";"Average speed";"28.3221184663927";"km/h"
"1695.8019693";"Distance travelled (total)";"1007.13937023545";"km"
"1695.8035692";"Average fuel consumption (total)";"3.89690523019399";"l/100km"
"1695.804039";"Distance to empty";"0";"km"
"1695.8714308";"Absolute pedal position D";"7";"%"
"1695.9280454";"Engine fuel rate";"0";"l/h"
"1695.929795";"Calculated instant fuel rate";"0";"l/h"
"1695.9304182";"Fuel used";"0.0387249801117694";"l"
"1695.931375";"Instant engine power (based on fuel consumption)";"0";"hp"
"1695.9328404";"Average fuel consumption";"4.18914803725966";"l/100km"
"1695.9336783";"Fuel used (total)";"39.2472667940479";"l"
"1695.9340957";"Fuel used price";"0.0499552243441825";"€"
"1695.9356063";"Average fuel consumption km/l.";"23.87120223744";"km/l."
"1695.9374288";"Fuel used price (total)";"50.6289741643218";"€"
"1695.9814024";"Engine RPM";"0";"rpm"
"1696.034462";"Vehicle speed";"0";"km/h"
"1696.0373589";"Distance travelled";"0.924411831888888";"km"
"1696.0379139";"Vehicle acceleration";"0";"m_sec2"
"1696.0406672";"Calculated instant fuel consumption km/l.";"0";"km/l."
"1696.042031";"Average speed";"28.2643498469943";"km/h"
"1696.0424439";"Distance travelled (total)";"1007.13937023545";"km"
"1696.0441234";"Average fuel consumption (total)";"3.89690523019399";"l/100km"
"1696.0449662";"Distance to empty";"0";"km"
"1696.1180016";"Absolute pedal position D";"7";"%"
"1696.1995147";"Engine fuel rate";"0";"l/h"
"1696.2010101";"Calculated instant fuel rate";"0";"l/h"
"1696.2022607";"Fuel used";"0.0387249801117694";"l"
"1696.2027355";"Instant engine power (based on fuel consumption)";"0";"hp"
"1696.2049754";"Average fuel consumption";"4.18914803725966";"l/100km"
"1696.2053828";"Fuel used (total)";"39.2472667940479";"l"
"1696.2057526";"Fuel used price";"0.0499552243441825";"€"
"1696.2071682";"Average fuel consumption km/l.";"23.87120223744";"km/l."
"1696.2076894";"Fuel used price (total)";"50.6289741643218";"€"
"1696.2928787";"Engine RPM";"0";"rpm"
"1696.3441924";"Vehicle speed";"0";"km/h"
"1696.3466058";"Distance travelled";"0.924411831888888";"km"
"1696.3471395";"Vehicle acceleration";"0";"m_sec2"
"1696.3503844";"Calculated instant fuel consumption km/l.";"0";"km/l."
"1696.3513839";"Average speed";"28.1902186079491";"km/h"
"1696.3517505";"Distance travelled (total)";"1007.13937023545";"km"
"1696.3534319";"Average fuel consumption (total)";"3.89690523019399";"l/100km"
"1696.3539279";"Distance to empty";"0";"km"
"1696.3985575";"Absolute pedal position D";"7";"%"
"1696.5031902";"Engine fuel rate";"0";"l/h"
"1696.5048565";"Calculated instant fuel rate";"0";"l/h"
"1696.505669";"Fuel used";"0.0387249801117694";"l"
"1696.5061478";"Instant engine power (based on fuel consumption)";"0";"hp"
"1696.5075904";"Average fuel consumption";"4.18914803725966";"l/100km"
"1696.5102247";"Fuel used (total)";"39.2472667940479";"l"
"1696.510662";"Fuel used price";"0.0499552243441825";"€"
"1696.5136657";"Average fuel consumption km/l.";"23.87120223744";"km/l."
"1696.5143234";"Fuel used price (total)";"50.6289741643218";"€"
"1696.5567374";"Engine RPM";"0";"rpm"
"1696.6111576";"Vehicle speed";"0";"km/h"
"1696.6136988";"Distance travelled";"0.924411831888888";"km"
"1696.6142397";"Vehicle acceleration";"0";"m_sec2"
"1696.6158083";"Calculated instant fuel consumption km/l.";"0";"km/l."
"1696.618603";"Average speed";"28.1265561414034";"km/h"
"1696.6190624";"Distance travelled (total)";"1007.13937023545";"km"
"1696.6203775";"Average fuel consumption (total)";"3.89690523019399";"l/100km"
"1696.6208337";"Distance to empty";"0";"km"
"1696.7108281";"Absolute pedal position D";"7";"%"
"1696.7798738";"Engine fuel rate";"0";"l/h"
"1696.7810706";"Calculated instant fuel rate";"0";"l/h"
"1696.7816092";"Fuel used";"0.0387249801117694";"l"
"1696.7820804";"Instant engine power (based on fuel consumption)";"0";"hp"
"1696.7826651";"Average fuel consumption";"4.18914803725966";"l/100km"
"1696.7830517";"Fuel used (total)";"39.2472667940479";"l"
"1696.783429";"Fuel used price";"0.0499552243441825";"€"
"1696.7854716";"Average fuel consumption km/l.";"23.87120223744";"km/l."
"1696.7862196";"Fuel used price (total)";"50.6289741643218";"€"
"1696.8363243";"Engine RPM";"0";"rpm"
"1696.9209265";"Vehicle speed";"0";"km/h"
"1696.9241161";"Distance travelled";"0.924411831888888";"km"
"1696.9247467";"Vehicle acceleration";"0";"m_sec2"
"1696.9286207";"Calculated instant fuel consumption km/l.";"0";"km/l."
"1696.9300852";"Average speed";"28.052704451559";"km/h"
"1696.9304766";"Distance travelled (total)";"1007.13937023545";"km"
"1696.9321228";"Average fuel consumption (total)";"3.89690523019399";"l/100km"
"1696.9327807";"Distance to empty";"0";"km"
"1696.976178";"Absolute pedal position D";"7";"%"
"1697.0311008";"Engine fuel rate";"0";"l/h"
"1697.0333078";"Calculated instant fuel rate";"0";"l/h"
"1697.03521";"Fuel used";"0.0387249801117694";"l"
"1697.035627";"Instant engine power (based on fuel consumption)";"0";"hp"
"1697.0362577";"Average fuel consumption";"4.18914803725966";"l/100km"
"1697.0366392";"Fuel used (total)";"39.2472667940479";"l"
"1697.0372321";"Fuel used price";"0.0499552243441825";"€"
"1697.0387935";"Average fuel consumption km/l.";"23.87120223744";"km/l."
"1697.0393896";"Fuel used price (total)";"50.6289741643218";"€"
"1697.1311775";"Engine RPM";"0";"rpm"
"1697.1924949";"Vehicle speed";"0";"km/h"
"1697.1949611";"Distance travelled";"0.924411831888888";"km"
"1697.1955015";"Vehicle acceleration";"0";"m_sec2"
"1697.1986648";"Calculated instant fuel consumption km/l.";"0";"km/l."
"1697.2007687";"Average speed";"27.9890015054207";"km/h"
"1697.2011751";"Distance travelled (total)";"1007.13937023545";"km"
"1697.2036618";"Average fuel consumption (total)";"3.89690523019399";"l/100km"
"1697.2041964";"Distance to empty";"0";"km"
"1697.2486734";"Absolute pedal position D";"7";"%"
"1697.2985564";"Engine fuel rate";"0";"l/h"
"1697.3003931";"Calculated instant fuel rate";"0";"l/h"
"1697.3011822";"Fuel used";"0.0387249801117694";"l"
"1697.3023754";"Instant engine power (based on fuel consumption)";"0";"hp"
"1697.3041203";"Average fuel consumption";"4.18914803725966";"l/100km"
"1697.3045835";"Fuel used (total)";"39.2472667940479";"l"
"1697.305067";"Fuel used price";"0.0499552243441825";"€"
"1697.306464";"Average fuel consumption km/l.";"23.87120223744";"km/l."
"1697.3074101";"Fuel used price (total)";"50.6289741643218";"€"
"1697.3543637";"Engine RPM";"0";"rpm"
"1697.4294866";"Vehicle speed";"0";"km/h"
"1697.4313017";"Distance travelled";"0.924411831888888";"km"
"1697.4320222";"Vehicle acceleration";"0";"m_sec2"
"1697.4337455";"Calculated instant fuel consumption km/l.";"0";"km/l."
"1697.4346945";"Average speed";"27.9338757559274";"km/h"
"1697.4350602";"Distance travelled (total)";"1007.13937023545";"km"
"1697.4371819";"Average fuel consumption (total)";"3.89690523019399";"l/100km"
"1697.4388719";"Distance to empty";"0";"km"
"1697.4908315";"Absolute pedal position D";"7";"%"
"1697.5617003";"Engine fuel rate";"0";"l/h"
"1697.5635132";"Calculated instant fuel rate";"0";"l/h"
"1697.5640987";"Fuel used";"0.0387249801117694";"l"
"1697.5645457";"Instant engine power (based on fuel consumption)";"0";"hp"
"1697.5665385";"Average fuel consumption";"4.18914803725966";"l/100km"
"1697.5672012";"Fuel used (total)";"39.2472667940479";"l"
"1697.5676098";"Fuel used price";"0.0499552243441825";"€"
"1697.5708372";"Average fuel consumption km/l.";"23.87120223744";"km/l."
"1697.571573";"Fuel used price (total)";"50.6289741643218";"€"
"1697.6113336";"Engine RPM";"0";"rpm"
"1697.6653494";"Vehicle speed";"0";"km/h"
"1697.6674342";"Distance travelled";"0.924411831888888";"km"
"1697.6681553";"Vehicle acceleration";"0";"m_sec2"
"1697.66993";"Calculated instant fuel consumption km/l.";"0";"km/l."
"1697.6708844";"Average speed";"27.8786063579421";"km/h"
"1697.6712578";"Distance travelled (total)";"1007.13937023545";"km"
"1697.6742347";"Average fuel consumption (total)";"3.89690523019399";"l/100km"
"1697.6753643";"Distance to empty";"0";"km"
"1697.7235292";"Absolute pedal position D";"7";"%"
"1697.7750842";"Engine fuel rate";"0";"l/h"
"1697.7767158";"Calculated instant fuel rate";"0";"l/h"
"1697.7789788";"Fuel used";"0.0387249801117694";"l"
"1697.7794922";"Instant engine power (based on fuel consumption)";"0";"hp"
"1697.7799622";"Average fuel consumption";"4.18914803725966";"l/100km"
"1697.7803269";"Fuel used (total)";"39.2472667940479";"l"
"1697.7806915";"Fuel used price";"0.0499552243441825";"€"
"1697.7819048";"Average fuel consumption km/l.";"23.87120223744";"km/l."
"1697.7824238";"Fuel used price (total)";"50.6289741643218";"€"
"1697.8364948";"Engine RPM";"0";"rpm"
"1697.9342147";"Vehicle speed";"0";"km/h"
"1697.936759";"Distance travelled";"0.924411831888888";"km"
"1697.9381365";"Vehicle acceleration";"0";"m_sec2"
"1697.939856";"Calculated instant fuel consumption km/l.";"0";"km/l."
"1697.9425066";"Average speed";"27.8153371473618";"km/h"
"1697.9430106";"Distance travelled (total)";"1007.13937023545";"km"
"1697.9442692";"Average fuel consumption (total)";"3.89690523019399";"l/100km"
"1697.9447723";"Distance to empty";"0";"km"
"1698.0005185";"Absolute pedal position D";"7";"%"
"1698.0519262";"Engine fuel rate";"0";"l/h"
"1698.0536043";"Calculated instant fuel rate";"0";"l/h"
"1698.0546161";"Fuel used";"0.0387249801117694";"l"
"1698.0550154";"Instant engine power (based on fuel consumption)";"0";"hp"
"1698.0565622";"Average fuel consumption";"4.18914803725966";"l/100km"
"1698.0577623";"Fuel used (total)";"39.2472667940479";"l"
"1698.058166";"Fuel used price";"0.0499552243441825";"€"
"1698.059541";"Average fuel consumption km/l.";"23.87120223744";"km/l."
"1698.0615057";"Fuel used price (total)";"50.6289741643218";"€"
"1698.1010104";"Engine RPM";"0";"rpm"
"1698.1574914";"Vehicle speed";"0";"km/h"
"1698.1599827";"Distance travelled";"0.924411831888888";"km"
"1698.1605629";"Vehicle acceleration";"0";"m_sec2"
"1698.163684";"Calculated instant fuel consumption km/l.";"0";"km/l."
"1698.1650592";"Average speed";"27.7636723791103";"km/h"
"1698.1654277";"Distance travelled (total)";"1007.13937023545";"km"
"1698.1680545";"Average fuel consumption (total)";"3.89690523019399";"l/100km"
"1698.1685826";"Distance to empty";"0";"km"
"1698.3175238";"Absolute pedal position D";"7";"%"
"1698.6979308";"Engine fuel rate";"0";"l/h"
"1698.7010115";"Calculated instant fuel rate";"0";"l/h"
"1698.7016428";"Fuel used";"0.0387249801117694";"l"
"1698.7020295";"Instant engine power (based on fuel consumption)";"0";"hp"
"1698.7025047";"Average fuel consumption";"4.18914803725966";"l/100km"
"1698.7029727";"Fuel used (total)";"39.2472667940479";"l"
"1698.7033387";"Fuel used price";"0.0499552243441825";"€"
"1698.7046033";"Average fuel consumption km/l.";"23.87120223744";"km/l."
"1698.7051279";"Fuel used price (total)";"50.6289741643218";"€"
"1699.0816511";"Engine RPM";"0";"rpm"
"1699.8454878";"Vehicle speed";"0";"km/h"
"1699.8474607";"Distance travelled";"0.924411831888888";"km"
"1699.8481278";"Vehicle acceleration";"0";"m_sec2"
"1699.8498559";"Calculated instant fuel consumption km/l.";"0";"km/l."
"1699.8508498";"Average speed";"27.3786145863168";"km/h"
"1699.8512152";"Distance travelled (total)";"1007.13937023545";"km"
"1699.8546417";"Average fuel consumption (total)";"3.89690523019399";"l/100km"
"1699.8551825";"Distance to empty";"0";"km"
"1700.2265581";"Absolute pedal position D";"7";"%"
"1700.6089868";"Engine fuel rate";"0";"l/h"
"1700.6103299";"Calculated instant fuel rate";"0";"l/h"
"1700.6111638";"Fuel used";"0.0387249801117694";"l"
"1700.6115624";"Instant engine power (based on fuel consumption)";"0";"hp"
"1700.6124956";"Average fuel consumption";"4.18914803725966";"l/100km"
"1700.613192";"Fuel used (total)";"39.2472667940479";"l"
"1700.6137292";"Fuel used price";"0.0499552243441825";"€"
"1700.6151377";"Average fuel consumption km/l.";"23.87120223744";"km/l."
"1700.6169746";"Fuel used price (total)";"50.6289741643218";"€"
"1701.1195326";"Engine RPM";"0";"rpm"
"1701.5033715";"Vehicle speed";"0";"km/h"
"1701.5055977";"Distance travelled";"0.924411831888888";"km"
"1701.5071397";"Vehicle acceleration";"0";"m_sec2"
"1701.5097814";"Calculated instant fuel consumption km/l.";"0";"km/l."
"1701.5116384";"Average speed";"27.0095928813577";"km/h"
"1701.5123164";"Distance travelled (total)";"1007.13937023545";"km"
"1701.5154396";"Average fuel consumption (total)";"3.89690523019399";"l/100km"
"1701.5162345";"Distance to empty";"0";"km"
"1701.8835707";"Absolute pedal position D";"7";"%"
"1702.3940614";"Engine fuel rate";"0";"l/h"
"1702.3953473";"Calculated instant fuel rate";"0";"l/h"
"1702.3961055";"Fuel used";"0.0387249801117694";"l"
"1702.3964943";"Instant engine power (based on fuel consumption)";"0";"hp"
"1702.3975867";"Average fuel consumption";"4.18914803725966";"l/100km"
"1702.3981304";"Fuel used (total)";"39.2472667940479";"l"
"1702.3985462";"Fuel used price";"0.0499552243441825";"€"
"1702.4001966";"Average fuel consumption km/l.";"23.87120223744";"km/l."
"1702.4019017";"Fuel used price (total)";"50.6289741643218";"€"
"1702.9997897";"Engine RPM";"0";"rpm"
